0.0 -0.065 -0.03622782
0.0005 -0.065 -0.040768735
0.001 -0.065 -0.043094285
0.0015 -0.065 -0.044764794
0.002 -0.065 -0.0462603
0.0025 -0.065 -0.047646772
0.003 -0.065 -0.048879564
0.0035 -0.065 -0.049914002
0.004 -0.065 -0.050732214
0.0045 -0.065 -0.051341336
0.005 -0.065 -0.0517651
0.0055 -0.065 -0.052035853
0.006 -0.065 -0.052188635
0.0065 -0.065 -0.052257195
0.007 -0.065 -0.05227173
0.0075 -0.065 -0.052257534
0.008 -0.065 -0.052234665
0.0085 -0.065 -0.052218046
0.009 -0.065 -0.05221798
0.0095 -0.065 -0.052240774
0.01 -0.065 -0.052289546
0.0105 -0.065 -0.052364923
0.011 -0.065 -0.05246573
0.0115 -0.065 -0.052589595
0.012 -0.065 -0.05273343
0.0125 -0.065 -0.05289382
0.013 -0.065 -0.05306728
0.0135 -0.065 -0.053250507
0.014 -0.065 -0.05344048
0.0145 -0.065 -0.05363457
0.015 -0.065 -0.053830482
0.0155 -0.065 -0.054026414
0.016 -0.065 -0.054220885
0.0165 -0.065 -0.054412775
0.017 -0.065 -0.054601304
0.0175 -0.065 -0.054785896
0.018 -0.065 -0.05496624
0.0185 -0.065 -0.055142142
0.019 -0.065 -0.05531361
0.0195 -0.065 -0.05548067
0.02 -0.065 -0.05564348
0.0205 -0.065 -0.05580219
0.021 -0.065 -0.05595703
0.0215 -0.065 -0.05610819
0.022 -0.065 -0.05625589
0.0225 -0.065 -0.05640032
0.023 -0.065 -0.05654169
0.0235 -0.065 -0.056680147
0.024 -0.065 -0.05681586
0.0245 -0.065 -0.05694897
0.025 -0.065 -0.057079587
0.0255 -0.065 -0.05720782
0.026 -0.065 -0.05733375
0.0265 -0.065 -0.057457473
0.027 -0.065 -0.057579044
0.0275 -0.065 -0.05769853
0.028 -0.065 -0.05781598
0.0285 -0.065 -0.05793145
0.029 -0.065 -0.05804497
0.0295 -0.065 -0.058156576
0.03 -0.065 -0.058266323
0.0305 -0.065 -0.058374222
0.031 -0.065 -0.058480326
0.0315 -0.065 -0.058584653
0.032 -0.065 -0.05868723
0.0325 -0.065 -0.058788095
0.033 -0.065 -0.058887277
0.0335 -0.065 -0.058984797
0.034 -0.065 -0.059080686
0.0345 -0.065 -0.059174962
0.035 -0.065 -0.059267666
0.0355 -0.065 -0.059358817
0.036 -0.065 -0.05944844
0.0365 -0.065 -0.05953656
0.037 -0.065 -0.059623204
0.0375 -0.065 -0.059708394
0.038 -0.065 -0.059792157
0.0385 -0.065 -0.05987451
0.039 -0.065 -0.059955474
0.0395 -0.065 -0.060035072
0.04 -0.065 -0.060113337
0.0405 -0.065 -0.06019028
0.041 -0.065 -0.060265917
0.0415 -0.065 -0.060340274
0.042 -0.065 -0.060413387
0.0425 -0.065 -0.060485236
0.043 -0.065 -0.06055588
0.0435 -0.065 -0.06062532
0.044 -0.065 -0.06069357
0.0445 -0.065 -0.060760662
0.045 -0.065 -0.060826603
0.0455 -0.065 -0.060891416
0.046 -0.065 -0.06095511
0.0465 -0.065 -0.06101772
0.047 -0.065 -0.061079245
0.0475 -0.065 -0.061139714
0.048 -0.065 -0.061199132
0.0485 -0.065 -0.061257515
0.049 -0.065 -0.061314907
0.0495 -0.065 -0.061371285
0.05 -0.065 -0.061426695
0.0505 -0.065 -0.061481122
0.051 -0.065 -0.061534613
0.0515 -0.065 -0.06158715
0.052 -0.065 -0.061638776
0.0525 -0.065 -0.0616895
0.053 -0.065 -0.06173932
0.0535 -0.065 -0.061788276
0.054 -0.065 -0.06183635
0.0545 -0.065 -0.061883595
0.055 -0.065 -0.061929997
0.0555 -0.065 -0.06197557
0.056 -0.065 -0.062020343
0.0565 -0.065 -0.062064316
0.057 -0.065 -0.062107492
0.0575 -0.065 -0.06214992
0.058 -0.065 -0.062191583
0.0585 -0.065 -0.06223249
0.059 -0.065 -0.06227268
0.0595 -0.065 -0.06231213
0.06 -0.065 -0.06235088
0.0605 -0.065 -0.062388934
0.061 -0.065 -0.06242631
0.0615 -0.065 -0.06246301
0.062 -0.065 -0.062499054
0.0625 -0.065 -0.06253444
0.063 -0.065 -0.06256917
0.0635 -0.065 -0.062603295
0.064 -0.065 -0.06263678
0.0645 -0.065 -0.06266965
0.065 -0.065 -0.06270194
0.0655 -0.065 -0.06273365
0.066 -0.065 -0.06276478
0.0665 -0.065 -0.062795326
0.067 -0.065 -0.06282532
0.0675 -0.065 -0.06285479
0.068 -0.065 -0.06288369
0.0685 -0.065 -0.06291208
0.069 -0.065 -0.06293994
0.0695 -0.065 -0.062967286
0.07 -0.065 -0.06299414
0.0705 -0.065 -0.0630205
0.071 -0.065 -0.06304636
0.0715 -0.065 -0.06307176
0.072 -0.065 -0.06309669
0.0725 -0.065 -0.06312115
0.073 -0.065 -0.063145176
0.0735 -0.065 -0.06316875
0.074 -0.065 -0.06319189
0.0745 -0.065 -0.0632146
0.075 -0.065 -0.06323689
0.0755 -0.065 -0.06325877
0.076 -0.065 -0.06328025
0.0765 -0.065 -0.063301325
0.077 -0.065 -0.06332199
0.0775 -0.065 -0.06334232
0.078 -0.065 -0.06336223
0.0785 -0.065 -0.06338178
0.079 -0.065 -0.06340097
0.0795 -0.065 -0.063419804
0.08 -0.065 -0.0634383
0.0805 -0.065 -0.06345643
0.081 -0.065 -0.06347424
0.0815 -0.065 -0.06349171
0.082 -0.065 -0.06350885
0.0825 -0.065 -0.06352568
0.083 -0.065 -0.06354219
0.0835 -0.065 -0.063558385
0.084 -0.065 -0.063574284
0.0845 -0.065 -0.06358989
0.085 -0.065 -0.063605204
0.0855 -0.065 -0.06362023
0.086 -0.065 -0.06363498
0.0865 -0.065 -0.063649446
0.087 -0.065 -0.06366365
0.0875 -0.065 -0.063677564
0.088 -0.065 -0.06369124
0.0885 -0.065 -0.063704655
0.089 -0.065 -0.06371782
0.0895 -0.065 -0.063730724
0.09 -0.065 -0.0637434
0.0905 -0.065 -0.06375584
0.091 -0.065 -0.06376803
0.0915 -0.065 -0.06378
0.092 -0.065 -0.06379175
0.0925 -0.065 -0.06380327
0.093 -0.065 -0.06381458
0.0935 -0.065 -0.0638257
0.094 -0.065 -0.06383659
0.0945 -0.065 -0.06384726
0.095 -0.065 -0.06385775
0.0955 -0.065 -0.06386803
0.096 -0.065 -0.063878134
0.0965 -0.065 -0.06388803
0.097 -0.065 -0.06389774
0.0975 -0.065 -0.063907266
0.098 -0.065 -0.063916616
0.0985 -0.065 -0.06392579
0.099 -0.065 -0.06393479
0.0995 -0.065 -0.063943624
0.1 -0.065 -0.063939355
0.1005 -0.06494761 -0.06331606
0.101 -0.06473782 -0.06262757
0.1015 -0.06439992 -0.061934587
0.102 -0.06397623 -0.061243583
0.1025 -0.06349078 -0.060554627
0.103 -0.06295507 -0.05986234
0.1035 -0.06237442 -0.059156723
0.104 -0.06175127 -0.05842532
0.1045 -0.06108685 -0.057655256
0.105 -0.06038183 -0.05683459
0.1055 -0.05963665 -0.055953067
0.106 -0.05884941 -0.055002417
0.1065 -0.05801833 -0.053976405
0.107 -0.05714869 -0.05287071
0.1075 -0.05624245 -0.05168271
0.108 -0.05529956 -0.05041127
0.1085 -0.05431948 -0.04905646
0.109 -0.05330176 -0.047619425
0.1095 -0.05224614 -0.046102118
0.11 -0.05115262 -0.04450713
0.1105 -0.05002133 -0.042837605
0.111 -0.04885252 -0.041097015
0.1115 -0.04764648 -0.03928916
0.112 -0.04640353 -0.037417945
0.1125 -0.04512382 -0.035487384
0.113 -0.04380529 -0.03350154
0.1135 -0.04244963 -0.031464383
0.114 -0.04105945 -0.029379897
0.1145 -0.03963534 -0.027251873
0.115 -0.03817725 -0.025083985
0.1155 -0.03668506 -0.022879727
0.116 -0.03515878 -0.020642452
0.1165 -0.03359878 -0.018375296
0.117 -0.03200773 -0.016081125
0.1175 -0.0303851 -0.013762709
0.118 -0.02872922 -0.011422589
0.1185 -0.02704341 -0.009063069
0.119 -0.02532789 -0.0066862702
0.1195 -0.0235804 -0.0042941235
0.12 -0.02180001 -0.0018884055
0.1205 -0.0199867 0.0005293824
0.121 -0.01813975 0.0029578134
0.1215 -0.01625946 0.005395677
0.122 -0.01434701 0.007841829
0.1225 -0.01240944 0.010295402
0.123 -0.0104471 0.012755584
0.1235 -0.008463332 0.015221689
0.124 -0.006456354 0.017693188
0.1245 -0.004417142 0.020169709
0.125 -0.002343218 0.022650812
0.1255 -0.0002425777 0.025136378
0.126 0.001875091 0.027626257
0.1265 0.004021204 0.030120429
0.127 0.006203786 0.032618944
0.1275 0.008423155 0.03512193
0.128 0.01067145 0.037629586
0.1285 0.0129432 0.040142175
0.129 0.01524392 0.042660046
0.1295 0.01757546 0.04518364
0.13 0.01993689 0.047713358
0.1305 0.02232646 0.050249774
0.131 0.02474259 0.052793402
0.1315 0.02718407 0.055344846
0.132 0.02965003 0.05790473
0.1325 0.03213992 0.060473684
0.133 0.03465353 0.06305243
0.1335 0.03718376 0.06564166
0.134 0.0397233 0.068242
0.1345 0.0422838 0.07085416
0.135 0.04487206 0.0734788
0.1355 0.04748887 0.0761165
0.136 0.05013269 0.07876791
0.1365 0.05280156 0.081433386
0.137 0.05549383 0.084113464
0.1375 0.05820829 0.08680834
0.138 0.06094405 0.08951822
0.1385 0.0637004 0.09224312
0.139 0.06647679 0.09498289
0.1395 0.06927262 0.09773703
0.14 0.07207516 0.100505024
0.1405 0.07488636 0.10328597
0.141 0.0777195 0.10607876
0.1415 0.0805789 0.10888192
0.142 0.08345116 0.11169374
0.1425 0.0863235 0.11451231
0.143 0.08921314 0.117335245
0.1435 0.09213138 0.12016001
0.144 0.09507975 0.12298384
0.1445 0.09805558 0.12580377
0.145 0.1010554 0.12861666
0.1455 0.1040761 0.13141951
0.146 0.1071154 0.134209
0.1465 0.110172 0.13698223
0.147 0.1132381 0.13973626
0.1475 0.1162957 0.14246841
0.148 0.1193632 0.14517635
0.1485 0.1224547 0.14785811
0.149 0.1255719 0.15051201
0.1495 0.1286954 0.15313677
0.15 0.131829 0.15572691
0.1505 0.1348813 0.15780674
0.151 0.1376447 0.1596027
0.1515 0.1401745 0.16122001
0.152 0.1425519 0.16271546
0.1525 0.1448223 0.16412565
0.153 0.1470076 0.16547647
0.1535 0.1491178 0.16678625
0.154 0.1511571 0.16806756
0.1545 0.1531272 0.16932783
0.155 0.1550272 0.17057082
0.1555 0.1568554 0.17179722
0.156 0.1585942 0.17300536
0.1565 0.1602565 0.17419207
0.157 0.1618421 0.1753532
0.1575 0.1633532 0.17648381
0.158 0.1647847 0.17757896
0.1585 0.1661462 0.17863327
0.159 0.1674605 0.17964181
0.1595 0.1687323 0.18059966
0.16 0.1699345 0.18150225
0.1605 0.1710704 0.18234561
0.161 0.1721576 0.18312596
0.1615 0.1731995 0.18384007
0.162 0.1741926 0.18448523
0.1625 0.1751326 0.18505916
0.163 0.1760158 0.18555996
0.1635 0.17684 0.18598622
0.164 0.1776039 0.18633719
0.1645 0.1783072 0.18661226
0.165 0.1789498 0.18681127
0.1655 0.1795322 0.18693465
0.166 0.1800548 0.1869831
0.1665 0.1805182 0.18695764
0.167 0.1809229 0.18685958
0.1675 0.1812676 0.18669063
0.168 0.1815247 0.18645267
0.1685 0.1817145 0.18614782
0.169 0.1818588 0.18577851
0.1695 0.1819616 0.18534708
0.17 0.1820207 0.18485625
0.1705 0.1820328 0.18430862
0.171 0.1819951 0.18370697
0.1715 0.181906 0.18305396
0.172 0.1817409 0.18235235
0.1725 0.1813172 0.18160476
0.173 0.1808496 0.18081373
0.1735 0.1804269 0.17998174
0.174 0.1800385 0.17911103
0.1745 0.1796547 0.17820379
0.175 0.1792504 0.17726207
0.1755 0.1788088 0.1762876
0.176 0.1783198 0.17528215
0.1765 0.1777778 0.17424709
0.177 0.177181 0.1731838
0.1775 0.1765301 0.17209361
0.178 0.1758264 0.17097747
0.1785 0.1750713 0.16983636
0.179 0.174266 0.16867116
0.1795 0.173412 0.16748273
0.18 0.1725103 0.16627176
0.1805 0.1715619 0.16503906
0.181 0.170568 0.16378537
0.1815 0.1695293 0.16251135
0.182 0.1684468 0.16121778
0.1825 0.1673211 0.15990545
0.183 0.166153 0.15857518
0.1835 0.1649432 0.15722778
0.184 0.1636923 0.15586412
0.1845 0.1624009 0.15448508
0.185 0.1610696 0.1530916
0.1855 0.159699 0.1516845
0.186 0.1582895 0.15026464
0.1865 0.1568416 0.1488328
0.187 0.155356 0.14738965
0.1875 0.153833 0.14593583
0.188 0.1522731 0.14447176
0.1885 0.1506769 0.14299762
0.189 0.1490447 0.14151357
0.1895 0.147377 0.14001933
0.19 0.1456744 0.13851443
0.1905 0.1439371 0.13699809
0.191 0.1421658 0.13546915
0.1915 0.1403607 0.13392624
0.192 0.1385223 0.13236746
0.1925 0.136651 0.13079059
0.193 0.1347474 0.12919316
0.1935 0.1328116 0.12757215
0.194 0.1308443 0.12592418
0.1945 0.1288457 0.1242457
0.195 0.1268164 0.12253256
0.1955 0.1247566 0.12078035
0.196 0.1226667 0.11898427
0.1965 0.1205472 0.11713904
0.197 0.1183985 0.115238965
0.1975 0.1162209 0.11327779
0.198 0.1140147 0.11124852
0.1985 0.1117804 0.109143555
0.199 0.1095184 0.1069542
0.1995 0.1072289 0.10467094
0.2 0.1049124 0.102288306
0.2005 0.102674 0.10038416
0.201 0.100724 0.09855819
0.2015 0.09900424 0.09672621
0.202 0.09743039 0.09490229
0.2025 0.09595474 0.09312002
0.203 0.09455461 0.0914083
0.2035 0.09321974 0.08978619
0.204 0.09194552 0.088264
0.2045 0.09072982 0.08684546
0.205 0.08957164 0.08552979
0.2055 0.08847043 0.08431353
0.206 0.08742586 0.08319166
0.2065 0.0864377 0.082158566
0.207 0.08550576 0.08120863
0.2075 0.08462984 0.080336586
0.208 0.08380975 0.07953778
0.2085 0.0830453 0.07880826
0.209 0.08233628 0.07814494
0.2095 0.08168244 0.077545404
0.21 0.08108356 0.077007994
0.2105 0.08053938 0.07653168
0.211 0.08004962 0.07611589
0.2115 0.07961402 0.07576057
0.212 0.07923226 0.07546598
0.2125 0.07890405 0.07523258
0.213 0.07862907 0.07506108
0.2135 0.07840699 0.074952185
0.214 0.07823746 0.07490671
0.2145 0.07812014 0.07492536
0.215 0.07805468 0.075008854
0.2155 0.0780407 0.07515781
0.216 0.07807783 0.075372666
0.2165 0.07816569 0.07565381
0.217 0.07830389 0.076001376
0.2175 0.07849204 0.07641548
0.218 0.07872974 0.07689601
0.2185 0.07901657 0.077442676
0.219 0.07935214 0.07805516
0.2195 0.07973603 0.07873289
0.22 0.08016781 0.07947533
0.2205 0.08064707 0.08028166
0.221 0.08117337 0.08115104
0.2215 0.0817463 0.082082614
0.222 0.08236542 0.083075345
0.2225 0.08303029 0.0841282
0.223 0.08374048 0.08524005
0.2235 0.08449534 0.08640985
0.224 0.08529429 0.0876364
0.2245 0.08613699 0.08891851
0.225 0.0870232 0.09025507
0.2255 0.08795263 0.09164494
0.226 0.0889249 0.09308691
0.2265 0.08993957 0.09457998
0.227 0.09099618 0.09612295
0.2275 0.09209427 0.09771487
0.228 0.09323337 0.0993547
0.2285 0.09441301 0.101041466
0.229 0.09563276 0.10277429
0.2295 0.09689215 0.10455227
0.23 0.09819075 0.10637453
0.2305 0.09952812 0.10824032
0.231 0.1009038 0.11014871
0.2315 0.1023174 0.11209911
0.232 0.103768 0.11409064
0.2325 0.1052553 0.116122484
0.233 0.106779 0.11819394
0.2335 0.1083382 0.12030405
0.234 0.1099314 0.12245187
0.2345 0.1115443 0.12463635
0.235 0.1131808 0.12685636
0.2355 0.1148549 0.12911065
0.236 0.1165711 0.13139759
0.2365 0.1183271 0.13371563
0.237 0.1201215 0.13606277
0.2375 0.1219531 0.13843694
0.238 0.1238203 0.1408358
0.2385 0.1257216 0.14325659
0.239 0.1276557 0.14569655
0.2395 0.1296149 0.14815253
0.24 0.1315733 0.15062124
0.2405 0.1335374 0.15309928
0.241 0.1355371 0.15558314
0.2415 0.1375848 0.15806928
0.242 0.1396798 0.16055426
0.2425 0.1418168 0.16303466
0.243 0.1439907 0.16550738
0.2435 0.1461976 0.16796964
0.244 0.1484347 0.17041898
0.2445 0.1507001 0.17285325
0.245 0.1529926 0.17527077
0.2455 0.1553115 0.17767042
0.246 0.1576562 0.18005124
0.2465 0.1600264 0.18241283
0.247 0.1624218 0.184755
0.2475 0.1648422 0.18707791
0.248 0.1672872 0.18938193
0.2485 0.1697448 0.19166738
0.249 0.1721196 0.19393489
0.2495 0.1743618 0.19618492
0.25 0.176684 0.19841212
0.2505 0.1790243 0.20001897
0.251 0.1811549 0.20132725
0.2515 0.1831057 0.20247367
0.252 0.1849371 0.2035319
0.2525 0.1866801 0.20454931
0.253 0.1883473 0.2055576
0.2535 0.1899435 0.20657693
0.254 0.1914706 0.20761856
0.2545 0.1929188 0.20868674
0.255 0.1942738 0.20978093
0.2555 0.1955587 0.21089709
0.256 0.1967892 0.21202913
0.2565 0.1979689 0.21316947
0.257 0.1990959 0.21430996
0.2575 0.2001678 0.21544214
0.258 0.2011828 0.2165579
0.2585 0.20214 0.21764919
0.259 0.2030388 0.2187086
0.2595 0.2038792 0.21972927
0.26 0.2046613 0.22070476
0.2605 0.2053853 0.22162941
0.261 0.2060486 0.22249813
0.2615 0.2066303 0.22330636
0.262 0.2071431 0.22405018
0.2625 0.2076063 0.22472611
0.263 0.2080256 0.2253314
0.2635 0.2083999 0.22586358
0.264 0.2087219 0.22632086
0.2645 0.2089603 0.22670174
0.265 0.2091431 0.2270053
0.2655 0.2092871 0.22723094
0.266 0.2093918 0.22737849
0.2665 0.2094528 0.22744823
0.267 0.2094665 0.22744066
0.2675 0.2094307 0.22735664
0.268 0.2093442 0.22719738
0.2685 0.2092063 0.22696441
0.269 0.2090171 0.22665936
0.2695 0.2087768 0.22628415
0.27 0.2084859 0.2258408
0.2705 0.2081446 0.22533143
0.271 0.2077535 0.2247585
0.2715 0.2073058 0.2241243
0.272 0.20678 0.22343116
0.2725 0.2062077 0.22268155
0.273 0.2056021 0.22187771
0.2735 0.2049622 0.22102189
0.274 0.2042728 0.2201164
0.2745 0.2035222 0.21916312
0.275 0.2027285 0.21816397
0.2755 0.2019004 0.21712084
0.276 0.2010381 0.2160353
0.2765 0.2001391 0.21490881
0.277 0.1992006 0.21374267
0.2775 0.1982211 0.21253818
0.278 0.1971996 0.21129644
0.2785 0.1961358 0.21001843
0.279 0.1950297 0.20870516
0.2795 0.1938818 0.20735756
0.28 0.1926925 0.2059766
0.2805 0.1914623 0.2045632
0.281 0.1901918 0.20311837
0.2815 0.1888815 0.20164324
0.282 0.187532 0.20013899
0.2825 0.1861438 0.19860682
0.283 0.1847174 0.1970481
0.2835 0.1832533 0.1954644
0.284 0.1817521 0.19385725
0.2845 0.180214 0.19222821
0.285 0.1786398 0.190579
0.2855 0.1770297 0.18891129
0.286 0.1753842 0.18722674
0.2865 0.1737037 0.1855269
0.287 0.1719888 0.18381321
0.2875 0.1702398 0.18208691
0.288 0.1684571 0.18034899
0.2885 0.1666411 0.1786002
0.289 0.1647923 0.17684084
0.2895 0.162911 0.17507082
0.29 0.1609977 0.1732896
0.2905 0.1590527 0.17149612
0.291 0.1570765 0.16968879
0.2915 0.1550694 0.16786546
0.292 0.1530318 0.1660232
0.2925 0.1509641 0.16415873
0.293 0.1488667 0.1622679
0.2935 0.1467399 0.160346
0.294 0.1445841 0.15838778
0.2945 0.1423998 0.1563873
0.295 0.1401871 0.15433797
0.2955 0.1379466 0.15223281
0.296 0.1356785 0.15006423
0.2965 0.1333832 0.14782417
0.297 0.1310611 0.14550418
0.2975 0.1287125 0.1430954
0.298 0.1263378 0.14058866
0.2985 0.1239372 0.13797441
0.299 0.1215111 0.13524288
0.2995 0.1190599 0.13238402
0.3 0.1165838 0.12939289
0.3005 0.1141881 0.1268507
0.301 0.1120829 0.12435615
0.3015 0.1102101 0.121824
0.302 0.1084853 0.11927214
0.3025 0.1068608 0.11674225
0.303 0.1053139 0.114273146
0.3035 0.1038342 0.11189401
0.304 0.1024171 0.10962415
0.3045 0.1010606 0.1074747
0.305 0.09976347 0.105450794
0.3055 0.09852524 0.103553206
0.306 0.09734552 0.10177986
0.3065 0.09622407 0.10012692
0.307 0.09516066 0.098589465
0.3075 0.09415508 0.09716222
0.308 0.0932071 0.09583993
0.3085 0.09231651 0.094617546
0.309 0.09148307 0.09349048
0.3095 0.09070653 0.09245466
0.31 0.08998661 0.09150651
0.3105 0.08932305 0.09064306
0.311 0.08871556 0.08986184
0.3115 0.08816381 0.08916083
0.312 0.08766751 0.08853845
0.3125 0.08722632 0.0879934
0.313 0.08683989 0.0875247
0.3135 0.08650789 0.087131605
0.314 0.08622994 0.08681348
0.3145 0.08600568 0.086569846
0.315 0.08583473 0.086400315
0.3155 0.08571671 0.086304456
0.316 0.08565122 0.086281925
0.3165 0.08563785 0.08633226
0.317 0.0856762 0.08645511
0.3175 0.08576586 0.08664991
0.318 0.08590641 0.08691619
0.3185 0.08609742 0.08725326
0.319 0.08633847 0.08766045
0.3195 0.08662912 0.088137
0.32 0.08696894 0.08868207
0.3205 0.08735748 0.08929479
0.321 0.0877943 0.08997421
0.3215 0.08827896 0.09071931
0.322 0.08881101 0.09152904
0.3225 0.08939 0.09240234
0.323 0.09001548 0.09333806
0.3235 0.09068699 0.09433505
0.324 0.09140409 0.09539224
0.3245 0.09216631 0.096508384
0.325 0.0929732 0.09768239
0.3255 0.09382431 0.09891316
0.326 0.09471918 0.10019946
0.3265 0.09565727 0.10154027
0.327 0.09663785 0.10293454
0.3275 0.09766052 0.10438123
0.328 0.09872508 0.10587929
0.3285 0.09983126 0.10742779
0.329 0.1009786 0.109025866
0.3295 0.1021668 0.11067259
0.33 0.1033951 0.112367064
0.3305 0.1046618 0.11410856
0.331 0.1059664 0.11589624
0.3315 0.1073101 0.11772935
0.332 0.1086929 0.11960702
0.3325 0.1101145 0.121528566
0.333 0.1115742 0.123493016
0.3335 0.1130656 0.1254996
0.334 0.1145765 0.1275473
0.3345 0.1161199 0.129635
0.335 0.1177048 0.13176155
0.3355 0.1193298 0.13392556
0.336 0.1209932 0.13612545
0.3365 0.1226946 0.13835952
0.337 0.1244201 0.14062575
0.3375 0.1261735 0.14292186
0.338 0.1279657 0.14524534
0.3385 0.1297995 0.14759344
0.339 0.131673 0.14996296
0.3395 0.1335835 0.15235074
0.34 0.1355284 0.1547531
0.3405 0.1375061 0.15716657
0.341 0.1395151 0.15958717
0.3415 0.1415545 0.16201124
0.342 0.1436238 0.16443494
0.3425 0.1457223 0.16685477
0.343 0.1478497 0.16926739
0.3435 0.1500056 0.17166974
0.344 0.1521898 0.17405927
0.3445 0.1544019 0.17643389
0.345 0.1566416 0.1787918
0.3455 0.1589084 0.18113196
0.346 0.1612022 0.18345338
0.3465 0.1635059 0.18575585
0.347 0.1658065 0.18803936
0.3475 0.1681301 0.19030416
0.348 0.1704905 0.19255072
0.3485 0.1728903 0.19477972
0.349 0.1753269 0.19699168
0.3495 0.1777966 0.19918749
0.35 0.1802959 0.20136163
0.3505 0.1827176 0.20291363
0.351 0.1848499 0.20416191
0.3515 0.1867502 0.20524576
0.352 0.1885022 0.20624137
0.3525 0.1901451 0.20719808
0.353 0.1916819 0.2081491
0.3535 0.1931433 0.20911542
0.354 0.1945507 0.21010882
0.3545 0.1959097 0.21113387
0.355 0.1972189 0.21219027
0.3555 0.1984757 0.21327382
0.356 0.1996778 0.21437825
0.3565 0.2008236 0.21549588
0.357 0.2019124 0.21661833
0.3575 0.2029435 0.21773683
0.358 0.2039146 0.2188431
0.3585 0.2048037 0.2199287
0.359 0.2056206 0.22098613
0.3595 0.206386 0.2220081
0.36 0.2071065 0.22298822
0.3605 0.207781 0.22392045
0.361 0.2083925 0.22479951
0.3615 0.2089237 0.22562069
0.362 0.2094071 0.22637984
0.3625 0.2098511 0.22707343
0.363 0.2102526 0.2276985
0.3635 0.210607 0.22825244
0.364 0.2109111 0.22873318
0.3645 0.2111629 0.22913924
0.365 0.2113615 0.22946957
0.3655 0.2115064 0.22972342
0.366 0.2115977 0.22990045
0.3665 0.2116189 0.23000082
0.367 0.2115664 0.23002487
0.3675 0.2114632 0.22997352
0.368 0.2113194 0.22984773
0.3685 0.2111253 0.22964889
0.369 0.2108601 0.22937852
0.3695 0.2105534 0.22903854
0.37 0.2102135 0.22863072
0.3705 0.2098377 0.22815725
0.371 0.2094217 0.2276204
0.3715 0.2089622 0.22702235
0.372 0.2084569 0.22636539
0.3725 0.2079048 0.2256518
0.373 0.2073047 0.22488397
0.3735 0.2066557 0.22406393
0.374 0.2059591 0.22319385
0.3745 0.2052164 0.22227573
0.375 0.2044286 0.22131139
0.3755 0.2035965 0.22030252
0.376 0.2027206 0.2192508
0.3765 0.2018013 0.21815753
0.377 0.2008382 0.21702407
0.3775 0.1998315 0.21585163
0.378 0.198782 0.21464121
0.3785 0.1976906 0.2133938
0.379 0.196558 0.21211042
0.3795 0.1953847 0.21079183
0.38 0.1941712 0.20943901
0.3805 0.1929179 0.2080529
0.381 0.1916251 0.20663436
0.3815 0.1902934 0.20518452
0.382 0.1889231 0.20370448
0.3825 0.1875147 0.20219547
0.383 0.1860687 0.2006588
0.3835 0.1845855 0.199096
0.384 0.1830655 0.19750851
0.3845 0.1814919 0.19589803
0.385 0.1798596 0.1942662
0.3855 0.1781983 0.19261467
0.386 0.1765159 0.19094518
0.3865 0.1748108 0.18925929
0.387 0.1730794 0.18755844
0.3875 0.1713184 0.18584402
0.388 0.1695261 0.18411693
0.3885 0.1677012 0.18237808
0.389 0.1658435 0.18062776
0.3895 0.1639528 0.17886601
0.39 0.1620296 0.1770923
0.3905 0.1600741 0.17530563
0.391 0.1580869 0.17350452
0.3915 0.1560685 0.17168674
0.392 0.1540192 0.16984954
0.3925 0.1519396 0.16798954
0.393 0.1498302 0.1661027
0.3935 0.1476913 0.16418427
0.394 0.1455234 0.16222897
0.3945 0.143327 0.16023082
0.395 0.1411023 0.15818322
0.3955 0.1388498 0.15607907
0.396 0.1365699 0.15391076
0.3965 0.1342629 0.15167016
0.397 0.1319291 0.14934862
0.3975 0.1295691 0.14693731
0.398 0.127183 0.14442688
0.3985 0.1247712 0.14180776
0.399 0.1223341 0.13907011
0.3995 0.1198719 0.1362038
0.4 0.1173851 0.1331985
0.4005 0.1149263 0.13035136
0.401 0.1126009 0.12748158
0.4015 0.1103799 0.12455501
0.402 0.1082212 0.12158206
0.4025 0.1061012 0.11858332
0.403 0.1040087 0.11557901
0.4035 0.1019385 0.11258644
0.404 0.09988872 0.10961972
0.4045 0.09785825 0.10669023
0.405 0.09584675 0.10380718
0.4055 0.09385409 0.10097808
0.406 0.09188022 0.09820886
0.4065 0.08992516 0.095504254
0.407 0.08798893 0.092867896
0.4075 0.08607156 0.09030254
0.408 0.08417307 0.087809905
0.4085 0.0822935 0.08539088
0.409 0.08043284 0.08304554
0.4095 0.0785911 0.080773175
0.41 0.07676828 0.07857221
0.4105 0.07496436 0.07644047
0.411 0.07317932 0.07437499
0.4115 0.07141313 0.07237232
0.412 0.06966576 0.070428476
0.4125 0.06793716 0.0685392
0.413 0.06622728 0.06669989
0.4135 0.06453605 0.06490597
0.414 0.06286342 0.063152745
0.4145 0.06120932 0.061435778
0.415 0.05957366 0.059750747
0.4155 0.05795637 0.05809379
0.416 0.05635735 0.056461293
0.4165 0.05477652 0.054850105
0.417 0.05321377 0.05325756
0.4175 0.05166902 0.051681366
0.418 0.05014214 0.050119717
0.4185 0.04863304 0.048571188
0.419 0.04714159 0.04703473
0.4195 0.04566769 0.045509648
0.42 0.04421121 0.043995503
0.4205 0.04277203 0.04249214
0.421 0.04135003 0.040999595
0.4215 0.03994508 0.039518055
0.422 0.03855705 0.03804781
0.4225 0.0371858 0.03658929
0.423 0.0358312 0.035142932
0.4235 0.03449311 0.033709247
0.424 0.03317141 0.032288745
0.4245 0.03186594 0.030881923
0.425 0.03057657 0.029489297
0.4255 0.02930315 0.028111327
0.426 0.02804555 0.026748467
0.4265 0.02680361 0.025401141
0.427 0.02557719 0.02406973
0.4275 0.02436615 0.022754591
0.428 0.02317034 0.021456044
0.4285 0.02198961 0.020174388
0.429 0.02082381 0.018909883
0.4295 0.0196728 0.017662771
0.43 0.01853643 0.01643325
0.4305 0.01741455 0.01522151
0.431 0.01630701 0.014027692
0.4315 0.01521366 0.012851965
0.432 0.01413436 0.01169442
0.4325 0.01306895 0.010555159
0.433 0.01201729 0.009434234
0.4335 0.01097924 0.008331716
0.434 0.009954629 0.0072475933
0.4345 0.008943329 0.0061818697
0.435 0.007945187 0.0051345155
0.4355 0.006960059 0.0041054655
0.436 0.005987798 0.0030946415
0.4365 0.00502826 0.002101928
0.437 0.004081299 0.0011271834
0.4375 0.003146773 0.0001702439
0.438 0.002224539 -0.0007690899
0.4385 0.001314455 -0.0016910322
0.439 0.0004163788 -0.002595842
0.4395 -0.0004698295 -0.0034837537
0.44 -0.001344309 -0.0043550935
0.4405 -0.0022072 -0.0052101538
0.441 -0.003058638 -0.0060492605
0.4415 -0.003898762 -0.006872747
0.442 -0.004727706 -0.0076809973
0.4425 -0.005545606 -0.008474354
0.443 -0.006352596 -0.009253211
0.4435 -0.007148807 -0.0100179445
0.444 -0.007934373 -0.010768946
0.4445 -0.008709423 -0.01150661
0.445 -0.009474088 -0.012231322
0.4455 -0.01022849 -0.012943491
0.446 -0.01097277 -0.013643496
0.4465 -0.01170705 -0.014331713
0.447 -0.01243144 -0.015008537
0.4475 -0.01314608 -0.01567433
0.448 -0.01385109 -0.016329445
0.4485 -0.01454659 -0.016974265
0.449 -0.0152327 -0.017609105
0.4495 -0.01590953 -0.018234301
0.45 -0.01657722 -0.018850202
0.4505 -0.01723587 -0.019457089
0.451 -0.0178856 -0.02005526
0.4515 -0.01852653 -0.020645007
0.452 -0.01915877 -0.021226622
0.4525 -0.01978242 -0.021800315
0.453 -0.02039761 -0.022366356
0.4535 -0.02100445 -0.022924984
0.454 -0.02160303 -0.023476437
0.4545 -0.02219347 -0.024020901
0.455 -0.02277588 -0.02455858
0.4555 -0.02335035 -0.02508965
0.456 -0.023917 -0.025614306
0.4565 -0.02447593 -0.026132718
0.457 -0.02502724 -0.026645007
0.4575 -0.02557103 -0.027151354
0.458 -0.02610739 -0.02765187
0.4585 -0.02663643 -0.028146703
0.459 -0.02715825 -0.02863595
0.4595 -0.02767294 -0.02911973
0.46 -0.02818059 -0.029598156
0.4605 -0.02868131 -0.030071322
0.461 -0.02917517 -0.030539308
0.4615 -0.02966228 -0.0310022
0.462 -0.03014272 -0.031460077
0.4625 -0.03061659 -0.03191303
0.463 -0.03108396 -0.032361098
0.4635 -0.03154494 -0.032804355
0.464 -0.0319996 -0.033242866
0.4645 -0.03244804 -0.033676676
0.465 -0.03289032 -0.03410585
0.4655 -0.03332655 -0.034530416
0.466 -0.03375679 -0.034950428
0.4665 -0.03418114 -0.03536593
0.467 -0.03459966 -0.035776976
0.4675 -0.03501244 -0.036183566
0.468 -0.03541957 -0.036585763
0.4685 -0.0358211 -0.03698359
0.469 -0.03621713 -0.037377086
0.4695 -0.03660772 -0.037766267
0.47 -0.03699295 -0.038151175
0.4705 -0.0373729 -0.03853184
0.471 -0.03774763 -0.038908288
0.4715 -0.03811721 -0.039280526
0.472 -0.03848172 -0.0396486
0.4725 -0.03884123 -0.040012516
0.473 -0.0391958 -0.040372312
0.4735 -0.0395455 -0.04072802
0.474 -0.03989041 -0.041079633
0.4745 -0.04023057 -0.04142721
0.475 -0.04056607 -0.041770753
0.4755 -0.04089696 -0.04211027
0.476 -0.04122331 -0.042445816
0.4765 -0.04154517 -0.04277739
0.477 -0.04186262 -0.043105014
0.4775 -0.04217571 -0.043428726
0.478 -0.0424845 -0.043748546
0.4785 -0.04278906 -0.044064485
0.479 -0.04308943 -0.044376574
0.4795 -0.04338568 -0.044684842
0.48 -0.04367786 -0.044989303
0.4805 -0.04396604 -0.04528997
0.481 -0.04425026 -0.04558688
0.4815 -0.04453058 -0.045880076
0.482 -0.04480705 -0.04616955
0.4825 -0.04507973 -0.04645534
0.483 -0.04534867 -0.046737462
0.4835 -0.04561393 -0.047015965
0.484 -0.04587554 -0.04729084
0.4845 -0.04613357 -0.04756216
0.485 -0.04638806 -0.047829904
0.4855 -0.04663906 -0.04809411
0.486 -0.04688662 -0.04835482
0.4865 -0.04713078 -0.048612073
0.487 -0.0473716 -0.048865855
0.4875 -0.04760912 -0.04911621
0.488 -0.04784339 -0.049363177
0.4885 -0.04807445 -0.049606785
0.489 -0.04830234 -0.04984705
0.4895 -0.04852712 -0.05008401
0.49 -0.04874881 -0.050317682
0.4905 -0.04896748 -0.0505481
0.491 -0.04918315 -0.050775297
0.4915 -0.04939586 -0.050999295
0.492 -0.04960567 -0.051220134
0.4925 -0.04981261 -0.05143784
0.493 -0.05001672 -0.05165244
0.4935 -0.05021803 -0.05186396
0.494 -0.0504166 -0.05207242
0.4945 -0.05061245 -0.052277885
0.495 -0.05080562 -0.052480355
0.4955 -0.05099616 -0.05267987
0.496 -0.05118409 -0.05287646
0.4965 -0.05136946 -0.053070158
0.497 -0.05155229 -0.053260982
0.4975 -0.05173263 -0.05344899
0.498 -0.05191051 -0.05363418
0.4985 -0.05208596 -0.053816598
0.499 -0.05225902 -0.053996272
0.4995 -0.05242971 -0.054173246
