0.0 -0.065 -0.03567301
0.0005 -0.065 -0.0539963
0.001 -0.065 -0.06405635
0.0015 -0.065 -0.06949371
0.002 -0.065 -0.07231361
0.0025 -0.065 -0.07364329
0.003 -0.065 -0.074126095
0.0035 -0.065 -0.07413311
0.004 -0.065 -0.073879756
0.0045 -0.065 -0.073491305
0.005 -0.065 -0.07304042
0.0055 -0.065 -0.072568774
0.006 -0.065 -0.07209977
0.0065 -0.065 -0.07164602
0.007 -0.065 -0.07121381
0.0075 -0.065 -0.07080574
0.008 -0.065 -0.07042231
0.0085 -0.065 -0.070062846
0.009 -0.065 -0.06972614
0.0095 -0.065 -0.06941068
0.01 -0.065 -0.06911487
0.0105 -0.065 -0.068837196
0.011 -0.065 -0.06857618
0.0115 -0.065 -0.06833048
0.012 -0.065 -0.06809886
0.0125 -0.065 -0.06788023
0.013 -0.065 -0.06767355
0.0135 -0.065 -0.06747795
0.014 -0.065 -0.06729261
0.0145 -0.065 -0.06711678
0.015 -0.065 -0.06694982
0.0155 -0.065 -0.06679115
0.016 -0.065 -0.0666402
0.0165 -0.065 -0.066496484
0.017 -0.065 -0.066359565
0.0175 -0.065 -0.066229045
0.018 -0.065 -0.066104546
0.0185 -0.065 -0.0659857
0.019 -0.065 -0.06587222
0.0195 -0.065 -0.06576381
0.02 -0.065 -0.065660186
0.0205 -0.065 -0.06556111
0.021 -0.065 -0.065466344
0.0215 -0.065 -0.06537566
0.022 -0.065 -0.06528887
0.0225 -0.065 -0.06520578
0.023 -0.065 -0.065126225
0.0235 -0.065 -0.06505
0.024 -0.065 -0.064976975
0.0245 -0.065 -0.06490699
0.025 -0.065 -0.06483992
0.0255 -0.065 -0.06477562
0.026 -0.065 -0.06471397
0.0265 -0.065 -0.06465485
0.027 -0.065 -0.06459814
0.0275 -0.065 -0.064543754
0.028 -0.065 -0.06449157
0.0285 -0.065 -0.0644415
0.029 -0.065 -0.06439346
0.0295 -0.065 -0.06434735
0.03 -0.065 -0.0643031
0.0305 -0.065 -0.064260624
0.031 -0.065 -0.06421985
0.0315 -0.065 -0.0641807
0.032 -0.065 -0.06414311
0.0325 -0.065 -0.064107016
0.033 -0.065 -0.06407236
0.0335 -0.065 -0.06403908
0.034 -0.065 -0.06400712
0.0345 -0.065 -0.06397643
0.035 -0.065 -0.06394693
0.0355 -0.065 -0.063918605
0.036 -0.065 -0.063891396
0.0365 -0.065 -0.063865274
0.037 -0.065 -0.06384016
0.0375 -0.065 -0.06381603
0.038 -0.065 -0.063792855
0.0385 -0.065 -0.06377059
0.039 -0.065 -0.06374919
0.0395 -0.065 -0.06372862
0.04 -0.065 -0.063708864
0.0405 -0.065 -0.06368988
0.041 -0.065 -0.063671626
0.0415 -0.065 -0.063654095
0.042 -0.065 -0.063637234
0.0425 -0.065 -0.06362104
0.043 -0.065 -0.06360547
0.0435 -0.065 -0.06359051
0.044 -0.065 -0.063576125
0.0445 -0.065 -0.0635623
0.045 -0.065 -0.06354901
0.0455 -0.065 -0.063536234
0.046 -0.065 -0.063523956
0.0465 -0.065 -0.063512154
0.047 -0.065 -0.0635008
0.0475 -0.065 -0.06348989
0.048 -0.065 -0.06347941
0.0485 -0.065 -0.06346933
0.049 -0.065 -0.063459635
0.0495 -0.065 -0.06345032
0.05 -0.065 -0.06344136
0.0505 -0.065 -0.063432746
0.051 -0.065 -0.06342447
0.0515 -0.065 -0.06341651
0.052 -0.065 -0.063408844
0.0525 -0.065 -0.06340149
0.053 -0.065 -0.06339441
0.0535 -0.065 -0.063387595
0.054 -0.065 -0.06338107
0.0545 -0.065 -0.06337477
0.055 -0.065 -0.063368715
0.0555 -0.065 -0.063362904
0.056 -0.065 -0.06335731
0.0565 -0.065 -0.06335194
0.057 -0.065 -0.06334676
0.0575 -0.065 -0.06334179
0.058 -0.065 -0.063337
0.0585 -0.065 -0.0633324
0.059 -0.065 -0.06332799
0.0595 -0.065 -0.06332373
0.06 -0.065 -0.06331964
0.0605 -0.065 -0.06331571
0.061 -0.065 -0.06331193
0.0615 -0.065 -0.06330829
0.062 -0.065 -0.0633048
0.0625 -0.065 -0.06330144
0.063 -0.065 -0.0632982
0.0635 -0.065 -0.06329508
0.064 -0.065 -0.06329209
0.0645 -0.065 -0.06328922
0.065 -0.065 -0.06328644
0.0655 -0.065 -0.06328378
0.066 -0.065 -0.06328123
0.0665 -0.065 -0.06327877
0.067 -0.065 -0.06327641
0.0675 -0.065 -0.06327412
0.068 -0.065 -0.06327193
0.0685 -0.065 -0.063269824
0.069 -0.065 -0.063267805
0.0695 -0.065 -0.06326586
0.07 -0.065 -0.06326398
0.0705 -0.065 -0.06326217
0.071 -0.065 -0.06326044
0.0715 -0.065 -0.06325878
0.072 -0.065 -0.063257165
0.0725 -0.065 -0.06325562
0.073 -0.065 -0.06325414
0.0735 -0.065 -0.06325272
0.074 -0.065 -0.06325135
0.0745 -0.065 -0.06325003
0.075 -0.065 -0.06324875
0.0755 -0.065 -0.06324753
0.076 -0.065 -0.063246354
0.0765 -0.065 -0.06324523
0.077 -0.065 -0.06324416
0.0775 -0.065 -0.063243106
0.078 -0.065 -0.063242115
0.0785 -0.065 -0.06324114
0.079 -0.065 -0.0632402
0.0795 -0.065 -0.06323931
0.08 -0.065 -0.06323846
0.0805 -0.065 -0.06323762
0.081 -0.065 -0.06323682
0.0815 -0.065 -0.06323606
0.082 -0.065 -0.06323532
0.0825 -0.065 -0.06323462
0.083 -0.065 -0.06323394
0.0835 -0.065 -0.06323328
0.084 -0.065 -0.063232645
0.0845 -0.065 -0.06323204
0.085 -0.065 -0.06323147
0.0855 -0.065 -0.06323091
0.086 -0.065 -0.063230366
0.0865 -0.065 -0.06322985
0.087 -0.065 -0.06322935
0.0875 -0.065 -0.06322887
0.088 -0.065 -0.06322841
0.0885 -0.065 -0.06322796
0.089 -0.065 -0.063227534
0.0895 -0.065 -0.063227125
0.09 -0.065 -0.06322674
0.0905 -0.065 -0.06322635
0.091 -0.065 -0.063225985
0.0915 -0.065 -0.06322564
0.092 -0.065 -0.0632253
0.0925 -0.065 -0.06322498
0.093 -0.065 -0.06322466
0.0935 -0.065 -0.06322436
0.094 -0.065 -0.06322408
0.0945 -0.065 -0.063223794
0.095 -0.065 -0.063223526
0.0955 -0.065 -0.063223265
0.096 -0.065 -0.06322302
0.0965 -0.065 -0.06322277
0.097 -0.065 -0.06322255
0.0975 -0.065 -0.06322233
0.098 -0.065 -0.063222125
0.0985 -0.065 -0.06322192
0.099 -0.065 -0.063221715
0.0995 -0.065 -0.06322153
0.1 -0.065 -0.05202102
0.1005 -0.04701473 -0.04425615
0.101 -0.0309974 -0.03513365
0.1015 -0.01895572 -0.02530865
0.102 -0.008402849 -0.015230368
0.1025 0.001491784 -0.0051427437
0.103 0.01094753 0.004819234
0.1035 0.02005308 0.014577572
0.104 0.02884155 0.024085466
0.1045 0.03726659 0.03331576
0.105 0.04533323 0.04225378
0.1055 0.0531404 0.050893743
0.106 0.06072443 0.059235875
0.1065 0.06808154 0.06728506
0.107 0.07521766 0.07504863
0.1075 0.0821584 0.08253609
0.108 0.08891471 0.089758314
0.1085 0.09549206 0.09672637
0.109 0.1018928 0.103451826
0.1095 0.108122 0.109946266
0.11 0.1141859 0.1162207
0.1105 0.1200895 0.12228613
0.111 0.1258378 0.12815264
0.1115 0.1314358 0.13383034
0.112 0.1368887 0.13932833
0.1125 0.1421976 0.14465545
0.113 0.1473638 0.14981994
0.1135 0.152401 0.15482959
0.114 0.1573149 0.15969183
0.1145 0.1621097 0.16441329
0.115 0.1667871 0.1690006
0.1155 0.171339 0.17345959
0.116 0.1757804 0.17779604
0.1165 0.1801205 0.18201527
0.117 0.1843634 0.1861222
0.1175 0.1884679 0.19012165
0.118 0.1924284 0.194018
0.1185 0.196304 0.19781551
0.119 0.2001132 0.20151804
0.1195 0.2038583 0.20512938
0.12 0.2075384 0.208653
0.1205 0.2111525 0.21209231
0.121 0.2146998 0.2154504
0.1215 0.2181803 0.21873026
0.122 0.2215942 0.22193485
0.1225 0.22484 0.22506672
0.123 0.227774 0.22812843
0.1235 0.2307011 0.23112246
0.124 0.2336545 0.2340512
0.1245 0.2366194 0.23691675
0.125 0.2395779 0.23972128
0.1255 0.2423537 0.24246675
0.126 0.2449526 0.2451551
0.1265 0.2475938 0.2477881
0.127 0.2502695 0.25036752
0.1275 0.2529656 0.25289512
0.128 0.2554257 0.25537238
0.1285 0.2577849 0.25780076
0.129 0.2601951 0.2601819
0.1295 0.2626504 0.26251712
0.13 0.2651285 0.26216504
0.1305 0.2496411 0.25515914
0.131 0.2361002 0.24600668
0.1315 0.2264808 0.2365011
0.132 0.2183226 0.22726971
0.1325 0.2107959 0.21847749
0.133 0.2036631 0.21012825
0.1335 0.1968462 0.2021832
0.134 0.1903118 0.19460227
0.1345 0.1840389 0.18735524
0.135 0.1780106 0.18042165
0.1355 0.1722124 0.1737878
0.136 0.1666313 0.16744398
0.1365 0.1612552 0.1613817
0.137 0.1560732 0.1555927
0.1375 0.1510752 0.15006758
0.138 0.1462519 0.14479613
0.1385 0.1415944 0.1397666
0.139 0.1370944 0.13496637
0.1395 0.1327444 0.13038221
0.14 0.128537 0.12600008
0.1405 0.1244655 0.12180603
0.141 0.1205235 0.11778593
0.1415 0.116705 0.11392636
0.142 0.1130042 0.11021409
0.1425 0.109416 0.10663675
0.143 0.1059353 0.10318262
0.1435 0.1025573 0.09984115
0.144 0.09927752 0.096602514
0.1445 0.09609183 0.09345805
0.145 0.0929962 0.090399936
0.1455 0.08998687 0.08742135
0.146 0.08706027 0.084516525
0.1465 0.08421302 0.081680484
0.147 0.08144195 0.078908965
0.1475 0.07874402 0.0761987
0.148 0.07611637 0.07354689
0.1485 0.07355628 0.07095144
0.149 0.07106119 0.068410754
0.1495 0.06862864 0.065923646
0.15 0.06625632 0.063489296
0.1505 0.06394202 0.061107125
0.151 0.06168365 0.058776822
0.1515 0.05947921 0.056498185
0.152 0.05732681 0.054271106
0.1525 0.05522465 0.05209551
0.153 0.05317101 0.04997133
0.1535 0.05116424 0.047898438
0.154 0.04920279 0.045876615
0.1545 0.04728517 0.043905433
0.155 0.04540996 0.041984614
0.1555 0.04357579 0.040113427
0.156 0.04178137 0.038291253
0.1565 0.04002547 0.03651711
0.157 0.03830688 0.034789983
0.1575 0.03662449 0.033108737
0.158 0.0349772 0.031472117
0.1585 0.03336396 0.029878605
0.159 0.03178379 0.028326768
0.1595 0.03023573 0.026814912
0.16 0.02871885 0.025341362
0.1605 0.02723227 0.02390441
0.161 0.02577515 0.022502284
0.1615 0.02434668 0.021133177
0.162 0.02294608 0.019795299
0.1625 0.02157258 0.018486865
0.163 0.02022548 0.017206114
0.1635 0.01890407 0.015951406
0.164 0.01760768 0.014720996
0.1645 0.01633566 0.013513428
0.165 0.0150874 0.012327109
0.1655 0.01386229 0.01116074
0.166 0.01265976 0.0100129815
0.1665 0.01147925 0.008882691
0.167 0.0103202 0.007768736
0.1675 0.009182118 0.006670204
0.168 0.008064483 0.005586204
0.1685 0.006966813 0.0045160176
0.169 0.005888637 0.003459078
0.1695 0.0048295 0.0024147674
0.17 0.003788961 0.0013827912
0.1705 0.002766594 0.000362803
0.171 0.001761986 -0.00064536114
0.1715 0.0007747381 -0.0016418614
0.172 -0.0001955386 -0.0026266195
0.1725 -0.001149219 -0.0035997138
0.173 -0.002086668 -0.004560883
0.1735 -0.003008239 -0.005510009
0.174 -0.003914274 -0.006446819
0.1745 -0.004805106 -0.0073709777
0.175 -0.005681058 -0.008282254
0.1755 -0.006542445 -0.009180161
0.176 -0.00738957 -0.010064359
0.1765 -0.008222729 -0.010934471
0.177 -0.009042212 -0.011790036
0.1775 -0.009848297 -0.01263067
0.178 -0.01064126 -0.0134559
0.1785 -0.01142135 -0.014265367
0.179 -0.01218885 -0.015058692
0.1795 -0.01294399 -0.015835542
0.18 -0.01368703 -0.016595516
0.1805 -0.01441819 -0.017338334
0.181 -0.01513772 -0.018063743
0.1815 -0.01584583 -0.018771522
0.182 -0.01654275 -0.019461503
0.1825 -0.01722869 -0.020133507
0.183 -0.01790385 -0.020787437
0.1835 -0.01856845 -0.021423275
0.184 -0.01922269 -0.022040995
0.1845 -0.01986674 -0.022640672
0.185 -0.02050081 -0.023222387
0.1855 -0.02112508 -0.02378627
0.186 -0.02173973 -0.024332527
0.1865 -0.02234493 -0.024861421
0.187 -0.02294086 -0.025373168
0.1875 -0.02352768 -0.025868144
0.188 -0.02410556 -0.026346706
0.1885 -0.02467465 -0.026809243
0.189 -0.02523512 -0.027256202
0.1895 -0.02578712 -0.02768803
0.19 -0.02633079 -0.028105266
0.1905 -0.02686628 -0.028508376
0.191 -0.02739374 -0.028897995
0.1915 -0.0279133 -0.029274626
0.192 -0.0284251 -0.029638859
0.1925 -0.02892928 -0.029991351
0.193 -0.02942596 -0.030332685
0.1935 -0.02991527 -0.030663494
0.194 -0.03039735 -0.030984396
0.1945 -0.0308723 -0.031296026
0.195 -0.03134026 -0.03159906
0.1955 -0.03180133 -0.031894103
0.196 -0.03225564 -0.032181777
0.1965 -0.03270329 -0.0324627
0.197 -0.0331444 -0.032737523
0.1975 -0.03357908 -0.033006817
0.198 -0.03400743 -0.033271182
0.1985 -0.03442955 -0.03353121
0.199 -0.03484555 -0.033787448
0.1995 -0.03525552 -0.034040388
0.2 -0.03565957 -0.034290627
0.2005 -0.03605779 -0.03453859
0.201 -0.03645027 -0.034784842
0.2015 -0.03683711 -0.035029765
0.202 -0.0372184 -0.03527382
0.2025 -0.03759422 -0.035517428
0.203 -0.03796466 -0.035760947
0.2035 -0.03832981 -0.036004767
0.204 -0.03868975 -0.0362492
0.2045 -0.03904457 -0.036494564
0.205 -0.03939434 -0.03674114
0.2055 -0.03973914 -0.036989193
0.206 -0.04007906 -0.037238974
0.2065 -0.04041416 -0.037490647
0.207 -0.04074452 -0.03774445
0.2075 -0.04107022 -0.038000528
0.208 -0.04139133 -0.038259033
0.2085 -0.04170791 -0.03852006
0.209 -0.04202005 -0.038783703
0.2095 -0.0423278 -0.039050076
0.21 -0.04263123 -0.03931919
0.2105 -0.04293041 -0.03959109
0.211 -0.04322541 -0.039865818
0.2115 -0.04351628 -0.040143333
0.212 -0.0438031 -0.040423654
0.2125 -0.04408591 -0.04070669
0.213 -0.04436479 -0.040992435
0.2135 -0.04463979 -0.041280825
0.214 -0.04491097 -0.041571725
0.2145 -0.04517838 -0.041865107
0.215 -0.04544209 -0.04216082
0.2155 -0.04570214 -0.04245873
0.216 -0.0459586 -0.042758737
0.2165 -0.04621152 -0.043060705
0.217 -0.04646094 -0.04336446
0.2175 -0.04670692 -0.043669872
0.218 -0.04694952 -0.043976758
0.2185 -0.04718877 -0.044284947
0.219 -0.04742474 -0.04459427
0.2195 -0.04765747 -0.04490455
0.22 -0.047887 -0.045215588
0.2205 -0.04811338 -0.045527205
0.221 -0.04833666 -0.045839198
0.2215 -0.04855689 -0.046151366
0.222 -0.04877411 -0.046463545
0.2225 -0.04898835 -0.04677551
0.223 -0.04919968 -0.04708707
0.2235 -0.04940812 -0.047398027
0.224 -0.04961372 -0.047708202
0.2245 -0.04981652 -0.048017368
0.225 -0.05001656 -0.04832537
0.2255 -0.05021388 -0.048632015
0.226 -0.05040853 -0.048937086
0.2265 -0.05060053 -0.049240436
0.227 -0.05078992 -0.049541865
0.2275 -0.05097675 -0.0498412
0.228 -0.05116105 -0.050138276
0.2285 -0.05134286 -0.050432935
0.229 -0.05152221 -0.050725017
0.2295 -0.05169913 -0.051014382
0.23 -0.05187367 -0.051300846
0.2305 -0.05204584 -0.051584303
0.231 -0.0522157 -0.051864605
0.2315 -0.05238327 -0.05214161
0.232 -0.05254859 -0.052415226
0.2325 -0.05271167 -0.05268534
0.233 -0.05287257 -0.05295183
0.2335 -0.0530313 -0.053214587
0.234 -0.0531879 -0.053473543
0.2345 -0.0533424 -0.053728584
0.235 -0.05349483 -0.053979654
0.2355 -0.05364521 -0.054226693
0.236 -0.05379358 -0.054469604
0.2365 -0.05393996 -0.05470835
0.237 -0.05408438 -0.05494288
0.2375 -0.05422687 -0.055173155
0.238 -0.05436746 -0.05539913
0.2385 -0.05450616 -0.055620763
0.239 -0.05464302 -0.05583806
0.2395 -0.05477805 -0.05605097
0.24 -0.05491128 -0.056259517
0.2405 -0.05504273 -0.05646367
0.241 -0.05517243 -0.056663442
0.2415 -0.05530041 -0.056858826
0.242 -0.05542668 -0.05704986
0.2425 -0.05555127 -0.057236526
0.243 -0.0556742 -0.057418864
0.2435 -0.0557955 -0.057596903
0.244 -0.05591519 -0.057770673
0.2445 -0.0560333 -0.05794018
0.245 -0.05614983 -0.058105502
0.2455 -0.05626482 -0.05826665
0.246 -0.05637828 -0.058423694
0.2465 -0.05649024 -0.058576666
0.247 -0.05660072 -0.058725614
0.2475 -0.05670973 -0.058870595
0.248 -0.05681731 -0.059011687
0.2485 -0.05692345 -0.059148915
0.249 -0.0570282 -0.05928236
0.2495 -0.05713156 -0.059412055
0.25 -0.05723356 -0.05953811
0.2505 -0.05733421 -0.059660558
0.251 -0.05743353 -0.059779476
0.2515 -0.05753154 -0.05989493
0.252 -0.05762826 -0.060006984
0.2525 -0.0577237 -0.060115717
0.253 -0.05781789 -0.0602212
0.2535 -0.05791083 -0.060323488
0.254 -0.05800255 -0.060422655
0.2545 -0.05809307 -0.06051879
0.255 -0.05818239 -0.060611937
0.2555 -0.05827054 -0.060702186
0.256 -0.05835753 -0.060789593
0.2565 -0.05844337 -0.060874242
0.257 -0.05852809 -0.06095619
0.2575 -0.0586117 -0.06103552
0.258 -0.0586942 -0.06111228
0.2585 -0.05877563 -0.061186567
0.259 -0.05885599 -0.061258424
0.2595 -0.05893529 -0.061327904
0.26 -0.05901355 -0.06139511
0.2605 -0.05909079 -0.061460078
0.261 -0.05916702 -0.061522875
0.2615 -0.05924224 -0.061583567
0.262 -0.05931649 -0.061642226
0.2625 -0.05938976 -0.061698895
0.263 -0.05946207 -0.061753627
0.2635 -0.05953344 -0.06180651
0.264 -0.05960387 -0.061857577
0.2645 -0.05967339 -0.06190687
0.265 -0.05974199 -0.061954487
0.2655 -0.0598097 -0.062000435
0.266 -0.05987652 -0.062044796
0.2665 -0.05994247 -0.062087614
0.267 -0.06000757 -0.062128913
0.2675 -0.06007181 -0.062168773
0.268 -0.06013521 -0.062207226
0.2685 -0.06019779 -0.062244322
0.269 -0.06025955 -0.062280107
0.2695 -0.06032051 -0.062314615
0.27 -0.06038067 -0.062347893
0.2705 -0.06044005 -0.06237999
0.271 -0.06049865 -0.062410932
0.2715 -0.06055649 -0.062440764
0.272 -0.06061358 -0.062469523
0.2725 -0.06066993 -0.062497254
0.273 -0.06072554 -0.06252396
0.2735 -0.06078043 -0.06254972
0.274 -0.06083461 -0.06257454
0.2745 -0.06088808 -0.06259845
0.275 -0.06094086 -0.0626215
0.2755 -0.06099295 -0.062643714
0.276 -0.06104437 -0.06266511
0.2765 -0.06109512 -0.06268571
0.277 -0.06114521 -0.06270558
0.2775 -0.06119465 -0.06272472
0.278 -0.06124344 -0.06274313
0.2785 -0.06129161 -0.06276088
0.279 -0.06133915 -0.06277797
0.2795 -0.06138607 -0.06279444
0.28 -0.06143239 -0.062810294
0.2805 -0.0614781 -0.06282557
0.281 -0.06152323 -0.062840275
0.2815 -0.06156776 -0.06285443
0.282 -0.06161173 -0.06286806
0.2825 -0.06165512 -0.06288119
0.283 -0.06169795 -0.06289382
0.2835 -0.06174022 -0.062906
0.284 -0.06178195 -0.06291771
0.2845 -0.06182314 -0.06292899
0.285 -0.0618638 -0.062939845
0.2855 -0.06190393 -0.062950306
0.286 -0.06194354 -0.06296035
0.2865 -0.06198264 -0.06297005
0.287 -0.06202124 -0.06297937
0.2875 -0.06205933 -0.06298834
0.288 -0.06209694 -0.06299697
0.2885 -0.06213405 -0.06300529
0.289 -0.06217069 -0.063013285
0.2895 -0.06220686 -0.063021
0.29 -0.06224256 -0.0630284
0.2905 -0.0622778 -0.06303553
0.291 -0.06231258 -0.06304239
0.2915 -0.06234691 -0.063048996
0.292 -0.06238081 -0.06305535
0.2925 -0.06241426 -0.06306147
0.293 -0.06244728 -0.06306736
0.2935 -0.06247988 -0.06307304
0.294 -0.06251206 -0.06307847
0.2945 -0.06254382 -0.06308372
0.295 -0.06257518 -0.063088775
0.2955 -0.06260613 -0.063093625
0.296 -0.06263668 -0.063098304
0.2965 -0.06266683 -0.0631028
0.297 -0.0626966 -0.06310713
0.2975 -0.06272599 -0.06311129
0.298 -0.062755 -0.06311529
0.2985 -0.06278363 -0.06311914
0.299 -0.0628119 -0.06312286
0.2995 -0.0628398 -0.06312643
0.3 -0.06286735 -0.063129865
0.3005 -0.06289454 -0.063133165
0.301 -0.06292138 -0.06313634
0.3015 -0.06294787 -0.063139394
0.302 -0.06297403 -0.06314234
0.3025 -0.06299984 -0.06314517
0.303 -0.06302533 -0.06314789
0.3035 -0.06305049 -0.06315051
0.304 -0.06307533 -0.06315302
0.3045 -0.06309984 -0.06315545
0.305 -0.06312405 -0.06315778
0.3055 -0.06314794 -0.06316003
0.306 -0.06317152 -0.06316219
0.3065 -0.0631948 -0.06316426
0.307 -0.06321779 -0.06316626
0.3075 -0.06324048 -0.06316818
0.308 -0.06326287 -0.06317003
0.3085 -0.06328498 -0.06317182
0.309 -0.06330681 -0.06317352
0.3095 -0.06332836 -0.06317517
0.31 -0.06334963 -0.06317676
0.3105 -0.06337062 -0.06317828
0.311 -0.06339135 -0.06317974
0.3115 -0.06341182 -0.06318114
0.312 -0.06343202 -0.0631825
0.3125 -0.06345196 -0.06318381
0.313 -0.06347164 -0.063185066
0.3135 -0.06349108 -0.06318627
0.314 -0.06351026 -0.063187435
0.3145 -0.0635292 -0.06318856
0.315 -0.0635479 -0.06318962
0.3155 -0.06356636 -0.06319066
0.316 -0.06358458 -0.06319165
0.3165 -0.06360257 -0.0631926
0.317 -0.06362032 -0.063193515
0.3175 -0.06363786 -0.06319442
0.318 -0.06365516 -0.063195266
0.3185 -0.06367225 -0.063196085
0.319 -0.06368911 -0.06319687
0.3195 -0.06370576 -0.06319763
0.32 -0.0637222 -0.063198365
0.3205 -0.06373843 -0.06319906
0.321 -0.06375445 -0.063199736
0.3215 -0.06377027 -0.063200384
0.322 -0.06378588 -0.06320101
0.3225 -0.06380129 -0.063201606
0.323 -0.06381651 -0.06320219
0.3235 -0.06383153 -0.063202746
0.324 -0.06384636 -0.06320328
0.3245 -0.063861 -0.06320379
0.325 -0.06387546 -0.06320429
0.3255 -0.06388973 -0.063204765
0.326 -0.06390381 -0.06320523
0.3265 -0.06391772 -0.06320567
0.327 -0.06393145 -0.063206084
0.3275 -0.06394501 -0.063206494
0.328 -0.06395839 -0.06320689
0.3285 -0.0639716 -0.06320727
0.329 -0.06398464 -0.06320763
0.3295 -0.06399752 -0.06320798
0.33 -0.06401023 -0.063208304
0.3305 -0.06402278 -0.063208625
0.331 -0.06403517 -0.06320894
0.3315 -0.0640474 -0.06320924
0.332 -0.06405947 -0.063209526
0.3325 -0.06407139 -0.06320981
0.333 -0.06408316 -0.06321007
0.3335 -0.06409478 -0.06321032
0.334 -0.06410625 -0.06321057
0.3345 -0.06411758 -0.0632108
0.335 -0.06412876 -0.06321103
0.3355 -0.0641398 -0.06321124
0.336 -0.0641507 -0.063211456
0.3365 -0.06416145 -0.06321166
0.337 -0.06417208 -0.06321186
0.3375 -0.06418256 -0.06321204
0.338 -0.06419292 -0.06321222
0.3385 -0.06420314 -0.063212395
0.339 -0.06421323 -0.06321255
0.3395 -0.06422319 -0.063212715
0.34 -0.06423303 -0.06321288
0.3405 -0.06424274 -0.06321302
0.341 -0.06425232 -0.06321317
0.3415 -0.06426179 -0.0632133
0.342 -0.06427113 -0.06321344
0.3425 -0.06428036 -0.063213564
0.343 -0.06428947 -0.06321369
0.3435 -0.06429846 -0.06321381
0.344 -0.06430733 -0.06321392
0.3445 -0.0643161 -0.06321402
0.345 -0.06432475 -0.06321412
0.3455 -0.0643333 -0.06321423
0.346 -0.06434173 -0.06321432
0.3465 -0.06435006 -0.06321443
0.347 -0.06435828 -0.06321451
0.3475 -0.0643664 -0.06321459
0.348 -0.06437441 -0.06321468
0.3485 -0.06438232 -0.063214764
0.349 -0.06439013 -0.06321484
0.3495 -0.06439785 -0.063214906
0.35 -0.06440546 -0.06321498
0.3505 -0.06441298 -0.06321505
0.351 -0.0644204 -0.06321511
0.3515 -0.06442773 -0.06321518
0.352 -0.06443496 -0.06321523
0.3525 -0.0644421 -0.063215286
0.353 -0.06444916 -0.063215345
0.3535 -0.06445612 -0.063215405
0.354 -0.06446299 -0.06321546
0.3545 -0.06446978 -0.063215494
0.355 -0.06447648 -0.063215554
0.3555 -0.06448309 -0.063215606
0.356 -0.06448963 -0.06321565
0.3565 -0.06449607 -0.063215695
0.357 -0.06450244 -0.06321572
0.3575 -0.06450873 -0.06321577
0.358 -0.06451493 -0.06321581
0.3585 -0.06452106 -0.06321584
0.359 -0.06452711 -0.06321587
0.3595 -0.06453308 -0.063215904
0.36 -0.06453898 -0.06321594
0.3605 -0.0645448 -0.06321597
0.361 -0.06455055 -0.063216
0.3615 -0.06455623 -0.06321603
0.362 -0.06456183 -0.06321605
0.3625 -0.06456736 -0.06321608
0.363 -0.06457282 -0.063216105
0.3635 -0.06457822 -0.063216135
0.364 -0.06458354 -0.06321616
0.3645 -0.0645888 -0.06321618
0.365 -0.06459399 -0.0632162
0.3655 -0.06459911 -0.06321623
0.366 -0.06460417 -0.06321625
0.3665 -0.06460917 -0.06321627
0.367 -0.0646141 -0.06321629
0.3675 -0.06461897 -0.063216306
0.368 -0.06462378 -0.06321632
0.3685 -0.06462853 -0.06321634
0.369 -0.06463321 -0.06321636
0.3695 -0.06463784 -0.06321637
0.37 -0.06464241 -0.063216396
0.3705 -0.06464692 -0.0632164
0.371 -0.06465138 -0.06321641
0.3715 -0.06465577 -0.063216425
0.372 -0.06466011 -0.06321645
0.3725 -0.0646644 -0.063216455
0.373 -0.06466863 -0.06321648
0.3735 -0.06467281 -0.063216485
0.374 -0.06467694 -0.06321649
0.3745 -0.06468101 -0.06321651
0.375 -0.06468504 -0.06321652
0.3755 -0.06468901 -0.06321652
0.376 -0.06469293 -0.06321653
0.3765 -0.0646968 -0.06321654
0.377 -0.06470062 -0.06321655
0.3775 -0.0647044 -0.06321656
0.378 -0.06470812 -0.06321657
0.3785 -0.0647118 -0.063216574
0.379 -0.06471543 -0.06321658
0.3795 -0.06471902 -0.06321659
0.38 -0.06472256 -0.0632166
0.3805 -0.06472606 -0.063216604
0.381 -0.06472951 -0.06321661
0.3815 -0.06473292 -0.06321662
0.382 -0.06473629 -0.06321663
0.3825 -0.06473961 -0.063216634
0.383 -0.06474289 -0.063216634
0.3835 -0.06474613 -0.063216634
0.384 -0.06474933 -0.06321664
0.3845 -0.06475249 -0.06321666
0.385 -0.0647556 -0.063216664
0.3855 -0.06475868 -0.063216664
0.386 -0.06476172 -0.063216664
0.3865 -0.06476472 -0.06321667
0.387 -0.06476769 -0.06321668
0.3875 -0.06477061 -0.06321668
0.388 -0.0647735 -0.06321668
0.3885 -0.06477635 -0.063216686
0.389 -0.06477917 -0.063216686
0.3895 -0.06478195 -0.06321669
0.39 -0.0647847 -0.06321669
0.3905 -0.06478741 -0.0632167
0.391 -0.06479009 -0.063216716
0.3915 -0.06479273 -0.063216716
0.392 -0.06479534 -0.06321672
0.3925 -0.06479791 -0.063216716
0.393 -0.06480046 -0.063216716
0.3935 -0.06480297 -0.063216716
0.394 -0.06480545 -0.063216716
0.3945 -0.0648079 -0.063216716
0.395 -0.06481032 -0.06321672
0.3955 -0.06481271 -0.063216716
0.396 -0.06481506 -0.06321672
0.3965 -0.06481739 -0.06321673
0.397 -0.06481969 -0.06321672
0.3975 -0.06482196 -0.06321673
0.398 -0.0648242 -0.06321673
0.3985 -0.06482641 -0.06321673
0.399 -0.06482859 -0.06321673
0.3995 -0.06483075 -0.06321672
0.4 -0.06483288 -0.06321673
0.4005 -0.06483498 -0.06321673
0.401 -0.06483706 -0.06321674
0.4015 -0.06483911 -0.06321673
0.402 -0.06484113 -0.06321674
0.4025 -0.06484313 -0.06321674
0.403 -0.0648451 -0.06321674
0.4035 -0.06484705 -0.06321674
0.404 -0.06484898 -0.06321674
0.4045 -0.06485088 -0.063216746
0.405 -0.06485275 -0.063216746
0.4055 -0.0648546 -0.063216746
0.406 -0.06485643 -0.063216746
0.4065 -0.06485824 -0.063216746
0.407 -0.06486002 -0.063216746
0.4075 -0.06486178 -0.063216746
0.408 -0.06486352 -0.063216746
0.4085 -0.06486523 -0.063216746
0.409 -0.06486693 -0.063216746
0.4095 -0.0648686 -0.063216746
0.41 -0.06487025 -0.063216746
0.4105 -0.06487189 -0.063216746
0.411 -0.0648735 -0.063216746
0.4115 -0.06487509 -0.063216746
0.412 -0.06487666 -0.063216746
0.4125 -0.06487821 -0.063216746
0.413 -0.06487974 -0.063216746
0.4135 -0.06488125 -0.063216746
0.414 -0.06488274 -0.063216746
0.4145 -0.06488422 -0.063216746
0.415 -0.06488567 -0.063216746
0.4155 -0.06488711 -0.063216746
0.416 -0.06488853 -0.063216746
0.4165 -0.06488993 -0.063216746
0.417 -0.06489131 -0.063216746
0.4175 -0.06489268 -0.063216746
0.418 -0.06489402 -0.063216746
0.4185 -0.06489536 -0.063216746
0.419 -0.06489667 -0.063216746
0.4195 -0.06489797 -0.063216746
0.42 -0.06489925 -0.063216746
0.4205 -0.06490052 -0.063216746
0.421 -0.06490177 -0.063216746
0.4215 -0.064903 -0.063216746
0.422 -0.06490422 -0.063216746
0.4225 -0.06490542 -0.063216746
0.423 -0.06490661 -0.063216746
0.4235 -0.06490778 -0.063216746
0.424 -0.06490894 -0.063216746
0.4245 -0.06491009 -0.063216746
0.425 -0.06491121 -0.063216746
0.4255 -0.06491233 -0.063216746
0.426 -0.06491343 -0.063216746
0.4265 -0.06491452 -0.063216746
0.427 -0.06491559 -0.063216746
0.4275 -0.06491665 -0.063216746
0.428 -0.0649177 -0.063216746
0.4285 -0.06491873 -0.063216746
0.429 -0.06491975 -0.063216746
0.4295 -0.06492076 -0.063216746
0.43 -0.06492175 -0.063216746
0.4305 -0.06492274 -0.063216746
0.431 -0.06492371 -0.063216746
0.4315 -0.06492466 -0.063216746
0.432 -0.06492561 -0.063216746
0.4325 -0.06492654 -0.063216746
0.433 -0.06492747 -0.063216746
0.4335 -0.06492838 -0.063216746
0.434 -0.06492928 -0.063216746
0.4345 -0.06493016 -0.063216746
0.435 -0.06493104 -0.063216746
0.4355 -0.06493191 -0.063216746
0.436 -0.06493276 -0.063216746
0.4365 -0.0649336 -0.063216746
0.437 -0.06493444 -0.063216746
0.4375 -0.06493526 -0.063216746
0.438 -0.06493607 -0.063216746
0.4385 -0.06493688 -0.063216746
0.439 -0.06493767 -0.063216746
0.4395 -0.06493845 -0.063216746
0.44 -0.06493922 -0.063216746
0.4405 -0.06493998 -0.063216746
0.441 -0.06494074 -0.063216746
0.4415 -0.06494148 -0.063216746
0.442 -0.06494222 -0.063216746
0.4425 -0.06494294 -0.063216746
0.443 -0.06494366 -0.063216746
0.4435 -0.06494436 -0.063216746
0.444 -0.06494506 -0.063216746
0.4445 -0.06494575 -0.063216746
0.445 -0.06494643 -0.063216746
0.4455 -0.0649471 -0.063216746
0.446 -0.06494777 -0.063216746
0.4465 -0.06494842 -0.063216746
0.447 -0.06494907 -0.063216746
0.4475 -0.06494971 -0.063216746
0.448 -0.06495034 -0.063216746
0.4485 -0.06495096 -0.063216746
0.449 -0.06495158 -0.063216746
0.4495 -0.06495218 -0.063216746
0.45 -0.06495278 -0.063216746
0.4505 -0.06495337 -0.063216746
0.451 -0.06495396 -0.063216746
0.4515 -0.06495454 -0.063216746
0.452 -0.06495511 -0.063216746
0.4525 -0.06495567 -0.063216746
0.453 -0.06495623 -0.063216746
0.4535 -0.06495677 -0.063216746
0.454 -0.06495732 -0.063216746
0.4545 -0.06495785 -0.063216746
0.455 -0.06495838 -0.063216746
0.4555 -0.0649589 -0.063216746
0.456 -0.06495942 -0.063216746
0.4565 -0.06495993 -0.063216746
0.457 -0.06496043 -0.063216746
0.4575 -0.06496092 -0.063216746
0.458 -0.06496141 -0.063216746
0.4585 -0.0649619 -0.063216746
0.459 -0.06496238 -0.063216746
0.4595 -0.06496285 -0.063216746
0.46 -0.06496331 -0.063216746
0.4605 -0.06496377 -0.063216746
0.461 -0.06496423 -0.063216746
0.4615 -0.06496468 -0.063216746
0.462 -0.06496512 -0.063216746
0.4625 -0.06496556 -0.063216746
0.463 -0.06496599 -0.063216746
0.4635 -0.06496641 -0.063216746
0.464 -0.06496683 -0.063216746
0.4645 -0.06496725 -0.063216746
0.465 -0.06496766 -0.063216746
0.4655 -0.06496807 -0.063216746
0.466 -0.06496847 -0.063216746
0.4665 -0.06496886 -0.063216746
0.467 -0.06496925 -0.063216746
0.4675 -0.06496964 -0.063216746
0.468 -0.06497002 -0.063216746
0.4685 -0.06497039 -0.063216746
0.469 -0.06497076 -0.063216746
0.4695 -0.06497113 -0.063216746
0.47 -0.06497149 -0.063216746
0.4705 -0.06497185 -0.063216746
0.471 -0.0649722 -0.063216746
0.4715 -0.06497255 -0.063216746
0.472 -0.06497289 -0.063216746
0.4725 -0.06497323 -0.063216746
0.473 -0.06497357 -0.063216746
0.4735 -0.0649739 -0.063216746
0.474 -0.06497423 -0.063216746
0.4745 -0.06497455 -0.063216746
0.475 -0.06497487 -0.063216746
0.4755 -0.06497518 -0.063216746
0.476 -0.06497549 -0.063216746
0.4765 -0.0649758 -0.063216746
0.477 -0.0649761 -0.063216746
0.4775 -0.0649764 -0.063216746
0.478 -0.0649767 -0.063216746
0.4785 -0.06497699 -0.063216746
0.479 -0.06497728 -0.063216746
0.4795 -0.06497756 -0.063216746
0.48 -0.06497784 -0.063216746
0.4805 -0.06497812 -0.063216746
0.481 -0.0649784 -0.063216746
0.4815 -0.06497867 -0.063216746
0.482 -0.06497893 -0.063216746
0.4825 -0.0649792 -0.063216746
0.483 -0.06497946 -0.063216746
0.4835 -0.06497971 -0.063216746
0.484 -0.06497997 -0.063216746
0.4845 -0.06498022 -0.063216746
0.485 -0.06498047 -0.063216746
0.4855 -0.06498071 -0.063216746
0.486 -0.06498095 -0.063216746
0.4865 -0.06498119 -0.063216746
0.487 -0.06498143 -0.063216746
0.4875 -0.06498166 -0.063216746
0.488 -0.06498189 -0.063216746
0.4885 -0.06498212 -0.063216746
0.489 -0.06498234 -0.063216746
0.4895 -0.06498256 -0.063216746
0.49 -0.06498278 -0.063216746
0.4905 -0.06498299 -0.063216746
0.491 -0.06498321 -0.063216746
0.4915 -0.06498342 -0.063216746
0.492 -0.06498363 -0.063216746
0.4925 -0.06498383 -0.063216746
0.493 -0.06498403 -0.063216746
0.4935 -0.06498423 -0.063216746
0.494 -0.06498443 -0.063216746
0.4945 -0.06498462 -0.063216746
0.495 -0.06498482 -0.063216746
0.4955 -0.06498501 -0.063216746
0.496 -0.0649852 -0.063216746
0.4965 -0.06498538 -0.063216746
0.497 -0.06498556 -0.063216746
0.4975 -0.06498574 -0.063216746
0.498 -0.06498592 -0.063216746
0.4985 -0.0649861 -0.063216746
0.499 -0.06498627 -0.063216746
0.4995 -0.06498644 -0.063216746
