0.0 -0.065 -0.03567687
0.0005 -0.06499933 -0.054210212
0.001 -0.06499667 -0.06459466
0.0015 -0.06499205 -0.07042327
0.002 -0.06498544 -0.07366939
0.0025 -0.06497675 -0.075437374
0.003 -0.06496585 -0.07635431
0.0035 -0.06495264 -0.07678028
0.004 -0.06493701 -0.07692384
0.0045 -0.06491884 -0.076906346
0.005 -0.06489806 -0.07679866
0.0055 -0.06487456 -0.076642014
0.006 -0.06484828 -0.07646027
0.0065 -0.06481913 -0.076267034
0.007 -0.06478705 -0.07606983
0.0075 -0.06475198 -0.075872645
0.008 -0.06471387 -0.07567738
0.0085 -0.06467266 -0.07548473
0.009 -0.06462732 -0.07529472
0.0095 -0.06457638 -0.07510702
0.01 -0.06452264 -0.07492117
0.0105 -0.06446646 -0.074736565
0.011 -0.06440767 -0.07455266
0.0115 -0.06434608 -0.07436892
0.012 -0.06428153 -0.07418479
0.0125 -0.0642139 -0.07399987
0.013 -0.06414119 -0.07381372
0.0135 -0.06406402 -0.073626
0.014 -0.06398377 -0.073436365
0.0145 -0.06390084 -0.07324456
0.015 -0.06381515 -0.0730503
0.0155 -0.06372657 -0.0728534
0.016 -0.06363494 -0.07265368
0.0165 -0.06354017 -0.07245094
0.017 -0.06344211 -0.072245054
0.0175 -0.06334024 -0.07203591
0.018 -0.06323493 -0.07182339
0.0185 -0.06312636 -0.071607396
0.019 -0.06301452 -0.07138785
0.0195 -0.0628994 -0.07116467
0.02 -0.06278092 -0.07093781
0.0205 -0.06265866 -0.070707224
0.021 -0.06253295 -0.070472844
0.0215 -0.06240403 -0.07023467
0.022 -0.06227192 -0.069992654
0.0225 -0.06213661 -0.06974679
0.023 -0.06199809 -0.069497004
0.0235 -0.06185539 -0.06924337
0.024 -0.06170234 -0.06898586
0.0245 -0.0615435 -0.06872441
0.025 -0.06138264 -0.06845908
0.0255 -0.06122061 -0.06818986
0.026 -0.06105731 -0.067916736
0.0265 -0.06089243 -0.067639716
0.027 -0.06072564 -0.06735885
0.0275 -0.06055668 -0.06707415
0.028 -0.06038534 -0.06678559
0.0285 -0.06021145 -0.0664932
0.029 -0.06003488 -0.06619703
0.0295 -0.05985402 -0.06589711
0.03 -0.05960192 -0.06559341
0.0305 -0.05934544 -0.065285966
0.031 -0.0591071 -0.06497483
0.0315 -0.05888372 -0.064660005
0.032 -0.05867075 -0.06434157
0.0325 -0.05846454 -0.0640195
0.033 -0.05826235 -0.063693814
0.0335 -0.05806149 -0.06336461
0.034 -0.05785704 -0.06303187
0.0345 -0.05765016 -0.06269563
0.035 -0.05744212 -0.06235594
0.0355 -0.05723294 -0.0620128
0.036 -0.05702221 -0.06166627
0.0365 -0.05680954 -0.06131643
0.037 -0.05659458 -0.06096324
0.0375 -0.0563771 -0.06060675
0.038 -0.05615691 -0.060247015
0.0385 -0.05593389 -0.05988408
0.039 -0.05570798 -0.05951796
0.0395 -0.05547913 -0.059148673
0.04 -0.05524734 -0.058776297
0.0405 -0.0550126 -0.058400832
0.041 -0.05477493 -0.058022376
0.0415 -0.05453437 -0.05764089
0.042 -0.05429093 -0.057256464
0.0425 -0.05404467 -0.056869112
0.043 -0.05379562 -0.056478873
0.0435 -0.05354382 -0.05608579
0.044 -0.05328932 -0.055689897
0.0445 -0.05303214 -0.055291224
0.045 -0.05277235 -0.054889847
0.0455 -0.05250997 -0.05448575
0.046 -0.05224504 -0.054079015
0.0465 -0.05197748 -0.05366965
0.047 -0.05170702 -0.053257715
0.0475 -0.05143393 -0.05284323
0.048 -0.05115844 -0.052426223
0.0485 -0.05088066 -0.052006807
0.049 -0.05060063 -0.051584933
0.0495 -0.05031837 -0.05116066
0.05 -0.05003389 -0.050735008
0.0505 -0.0497485 -0.050406832
0.051 -0.04946464 -0.05014323
0.0515 -0.04918222 -0.049918454
0.052 -0.0489013 -0.049713213
0.0525 -0.04862205 -0.0495137
0.053 -0.04834469 -0.04931042
0.0535 -0.04806943 -0.049097273
0.054 -0.04780017 -0.04887074
0.0545 -0.04754037 -0.04862907
0.055 -0.0472819 -0.048371848
0.0555 -0.04702396 -0.048099633
0.056 -0.04676704 -0.04781345
0.0565 -0.04651169 -0.047514725
0.057 -0.0462584 -0.04720505
0.0575 -0.04600756 -0.046886075
0.058 -0.0457595 -0.046559576
0.0585 -0.04551449 -0.046227094
0.059 -0.04527274 -0.045890238
0.0595 -0.04503442 -0.045550335
0.06 -0.04479968 -0.045208726
0.0605 -0.04456864 -0.044866595
0.061 -0.04434138 -0.044525046
0.0615 -0.044118 -0.04418489
0.062 -0.04390045 -0.043847073
0.0625 -0.04368881 -0.04351228
0.063 -0.04347962 -0.043181144
0.0635 -0.0432746 -0.04285417
0.064 -0.04307613 -0.042531863
0.0645 -0.04287989 -0.042214632
0.065 -0.04268637 -0.041902784
0.0655 -0.04249618 -0.041596603
0.066 -0.04230961 -0.04129622
0.0665 -0.04212683 -0.041001923
0.067 -0.04194795 -0.04071379
0.0675 -0.04177305 -0.04043189
0.068 -0.04160219 -0.040156342
0.0685 -0.04143541 -0.03988712
0.069 -0.04127271 -0.03962428
0.0695 -0.04111413 -0.039367776
0.07 -0.04095965 -0.03911757
0.0705 -0.0408133 -0.038873665
0.071 -0.04067438 -0.038635936
0.0715 -0.04053783 -0.03840438
0.072 -0.04040359 -0.038178824
0.0725 -0.04027205 -0.037959293
0.073 -0.04014354 -0.03774563
0.0735 -0.04001831 -0.03753769
0.074 -0.03989651 -0.037335437
0.0745 -0.03977828 -0.037138686
0.075 -0.03966369 -0.036947407
0.0755 -0.03955281 -0.03676148
0.076 -0.03944567 -0.036580715
0.0765 -0.03934229 -0.036405098
0.077 -0.03924266 -0.036234435
0.0775 -0.0391468 -0.036068704
0.078 -0.03905468 -0.035907704
0.0785 -0.03896629 -0.03575136
0.079 -0.03888161 -0.035599563
0.0795 -0.03880061 -0.0354522
0.08 -0.03872328 -0.035309207
0.0805 -0.03864957 -0.035170447
0.081 -0.03857947 -0.035035785
0.0815 -0.03851293 -0.03490526
0.082 -0.03844994 -0.034778636
0.0825 -0.03839044 -0.034655858
0.083 -0.03833442 -0.03453685
0.0835 -0.03828185 -0.034421556
0.084 -0.03823268 -0.03430987
0.0845 -0.03818688 -0.03420167
0.085 -0.03814443 -0.034096964
0.0855 -0.03810528 -0.03399559
0.086 -0.03806941 -0.033897515
0.0865 -0.03803678 -0.03380262
0.087 -0.03800737 -0.03371093
0.0875 -0.03798113 -0.033622313
0.088 -0.03795804 -0.033536695
0.0885 -0.03793806 -0.033454046
0.089 -0.03792117 -0.033374254
0.0895 -0.03790732 -0.03329731
0.09 -0.0378965 -0.03322317
0.0905 -0.03788866 -0.03315172
0.091 -0.03788378 -0.033082914
0.0915 -0.03788181 -0.033016745
0.092 -0.03788263 -0.032953158
0.0925 -0.03788622 -0.032892026
0.093 -0.0378926 -0.03283338
0.0935 -0.03790145 -0.032777112
0.094 -0.03791163 -0.03272323
0.0945 -0.03792424 -0.032671653
0.095 -0.03793995 -0.03262234
0.0955 -0.03795888 -0.032575276
0.096 -0.03798094 -0.03253037
0.0965 -0.03800602 -0.03248759
0.097 -0.038034 -0.032446906
0.0975 -0.03806478 -0.03240829
0.098 -0.03809827 -0.032371692
0.0985 -0.03813439 -0.032337
0.099 -0.03817289 -0.03230431
0.0995 -0.03821374 -0.032273486
0.1 -0.03825701 -0.03903712
0.1005 -0.03260374 -0.039501127
0.101 -0.02757309 -0.03664324
0.1015 -0.02365641 -0.032116644
0.102 -0.02010643 -0.026875049
0.1025 -0.01669941 -0.021466363
0.103 -0.01337868 -0.016191263
0.1035 -0.01012838 -0.0111986725
0.104 -0.006941381 -0.0065468876
0.1045 -0.003806316 -0.0022423745
0.105 -0.000718798 0.0017354905
0.1055 0.002320384 0.005420004
0.106 0.005311755 0.008848158
0.1065 0.008258774 0.012056214
0.107 0.01116354 0.015077663
0.1075 0.01402745 0.017941933
0.108 0.01685177 0.020674553
0.1085 0.01963769 0.023297127
0.109 0.02238638 0.02582797
0.1095 0.02509596 0.0282824
0.11 0.02776878 0.030673143
0.1105 0.03040893 0.033010837
0.111 0.03301559 0.035304215
0.1115 0.03558066 0.037560534
0.112 0.03811416 0.03978562
0.1125 0.04062109 0.04198451
0.113 0.04310265 0.044161033
0.1135 0.04555927 0.046318512
0.114 0.04798472 0.048459556
0.1145 0.05036949 0.050586205
0.115 0.05272484 0.052700218
0.1155 0.05506147 0.054802906
0.116 0.05738147 0.056895163
0.1165 0.05968478 0.058977928
0.117 0.06197105 0.061051693
0.1175 0.06424001 0.063117
0.118 0.06649156 0.06517419
0.1185 0.06872576 0.06722334
0.119 0.07094277 0.069264635
0.1195 0.07314263 0.071298316
0.12 0.07532544 0.07332428
0.1205 0.07749166 0.07534248
0.121 0.07964177 0.07735287
0.1215 0.08177619 0.07935551
0.122 0.08389535 0.08135033
0.1225 0.08599969 0.0833371
0.123 0.08808962 0.08531582
0.1235 0.09016555 0.08728646
0.124 0.0922279 0.08924891
0.1245 0.09427707 0.091203034
0.125 0.09631344 0.09314875
0.1255 0.0983374 0.09508605
0.126 0.1003493 0.097014785
0.1265 0.1023496 0.09893502
0.127 0.1043356 0.10084663
0.1275 0.106302 0.10274956
0.128 0.1082588 0.10464376
0.1285 0.1102081 0.10652915
0.129 0.1120983 0.1084058
0.1295 0.1138936 0.11027366
0.13 0.115713 0.11213264
0.1305 0.1175534 0.1139829
0.131 0.1193952 0.11582419
0.1315 0.1212472 0.11765672
0.132 0.1231109 0.11948037
0.1325 0.1249823 0.12129524
0.133 0.1268482 0.123101264
0.1335 0.1287104 0.12489843
0.134 0.1305717 0.12668675
0.1345 0.1324316 0.1284664
0.135 0.134224 0.13023724
0.1355 0.1359131 0.13199933
0.136 0.137638 0.13375261
0.1365 0.1394012 0.13549724
0.137 0.1410486 0.13723324
0.1375 0.142687 0.1389605
0.138 0.1443853 0.14067921
0.1385 0.1461332 0.14238936
0.139 0.1479155 0.14409094
0.1395 0.1497074 0.14578393
0.14 0.1515117 0.14746855
0.1405 0.1533277 0.14914447
0.141 0.1551507 0.15081212
0.1415 0.1569774 0.15247135
0.142 0.1588051 0.15412219
0.1425 0.1606314 0.15576461
0.143 0.1624548 0.15739882
0.1435 0.1642734 0.15902472
0.144 0.1660866 0.16064243
0.1445 0.1678942 0.16225183
0.145 0.1696957 0.16385314
0.1455 0.1714909 0.16544625
0.146 0.1732797 0.16703124
0.1465 0.1750623 0.1686081
0.147 0.1768386 0.1701769
0.1475 0.1786089 0.17173766
0.148 0.1803729 0.17329045
0.1485 0.1821273 0.1748352
0.149 0.1838515 0.17637208
0.1495 0.1855555 0.17790097
0.15 0.1872482 0.17942417
0.1505 0.1889431 0.1811553
0.151 0.1906403 0.18298146
0.1515 0.1923341 0.18483904
0.152 0.1940207 0.1866933
0.1525 0.1956802 0.18852718
0.153 0.1973322 0.19033346
0.1535 0.1989872 0.19211008
0.154 0.2006441 0.19385841
0.1545 0.2022854 0.1955808
0.155 0.20392 0.19728033
0.1555 0.205556 0.19895998
0.156 0.207194 0.2006227
0.1565 0.2088321 0.20227103
0.157 0.2104687 0.20390701
0.1575 0.2121022 0.20553285
0.158 0.2137315 0.2071498
0.1585 0.2153557 0.20875928
0.159 0.2169741 0.2103624
0.1595 0.2185861 0.21196005
0.16 0.2201849 0.21355283
0.1605 0.2217475 0.21514137
0.161 0.2232971 0.21672615
0.1615 0.2248464 0.21830764
0.162 0.2263969 0.21988592
0.1625 0.2279473 0.22146136
0.163 0.2294788 0.22303417
0.1635 0.2309875 0.2246045
0.164 0.2324926 0.2261725
0.1645 0.234 0.22773802
0.165 0.2355094 0.22930133
0.1655 0.2370194 0.23086238
0.166 0.2385284 0.23242134
0.1665 0.240035 0.233978
0.167 0.2415291 0.23553255
0.1675 0.2429974 0.2370848
0.168 0.2444593 0.23863487
0.1685 0.2459221 0.2401827
0.169 0.2473859 0.24172822
0.1695 0.2488494 0.2432714
0.17 0.2503112 0.24481213
0.1705 0.2517698 0.24635048
0.171 0.2532239 0.2478863
0.1715 0.2546731 0.24941957
0.172 0.2561175 0.25095022
0.1725 0.2575569 0.25247806
0.173 0.2589909 0.25400317
0.1735 0.2604188 0.25552544
0.174 0.2618401 0.25704473
0.1745 0.2632553 0.25856102
0.175 0.2646646 0.26007414
0.1755 0.266068 0.26158398
0.176 0.2674655 0.2630906
0.1765 0.2688572 0.26459378
0.177 0.2702432 0.26609346
0.1775 0.2716236 0.2675895
0.178 0.2729983 0.26908192
0.1785 0.2743674 0.27057046
0.179 0.2757311 0.27205506
0.1795 0.2770892 0.27353567
0.18 0.2784419 0.27501214
0.1805 0.2797892 0.27648425
0.181 0.2811312 0.27795208
0.1815 0.2824679 0.2794153
0.182 0.2837994 0.28087407
0.1825 0.2851135 0.28232804
0.183 0.2863865 0.28377715
0.1835 0.2876504 0.28522137
0.184 0.2889183 0.28666055
0.1845 0.2901911 0.28809446
0.185 0.2914679 0.28952304
0.1855 0.2927471 0.29094616
0.186 0.2940274 0.2923637
0.1865 0.2953077 0.29377556
0.187 0.2965864 0.29518157
0.1875 0.297825 0.29658163
0.188 0.2990188 0.2979756
0.1885 0.3002132 0.29936343
0.189 0.3014218 0.3007449
0.1895 0.3026436 0.3021199
0.19 0.3038751 0.3034883
0.1905 0.3051124 0.30485
0.191 0.3063367 0.30620486
0.1915 0.3075526 0.30755278
0.192 0.3087696 0.3088937
0.1925 0.3099871 0.31022733
0.193 0.3111954 0.31155366
0.1935 0.3124022 0.31287253
0.194 0.3136115 0.31418374
0.1945 0.3148232 0.31548738
0.195 0.3160368 0.31678304
0.1955 0.317251 0.31807077
0.196 0.3184649 0.3193505
0.1965 0.3196782 0.32062203
0.197 0.3208904 0.32188517
0.1975 0.3221011 0.32313997
0.198 0.3233099 0.32438612
0.1985 0.3245164 0.32562363
0.199 0.3257205 0.32685238
0.1995 0.3269096 0.3280722
0.2 0.3280901 0.3238226
0.2005 0.3171208 0.31760168
0.201 0.3074099 0.31069955
0.2015 0.3004464 0.30373535
0.202 0.2945437 0.29697973
0.2025 0.2891121 0.29053462
0.203 0.2839818 0.28442556
0.2035 0.2790984 0.27864698
0.204 0.2744381 0.2731822
0.2045 0.2699852 0.26801243
0.205 0.2657274 0.26311928
0.2055 0.2616534 0.25848642
0.206 0.2577529 0.25409847
0.2065 0.2540164 0.2499415
0.207 0.2504349 0.24600217
0.2075 0.2470002 0.24226837
0.208 0.2437044 0.23872818
0.2085 0.2405403 0.23537043
0.209 0.237501 0.23218445
0.2095 0.23458 0.22916013
0.21 0.2317715 0.22628777
0.2105 0.2290697 0.22355837
0.211 0.2264694 0.22096324
0.2115 0.2239656 0.21849437
0.212 0.2215537 0.21614416
0.2125 0.2192292 0.21390532
0.213 0.2169881 0.21177141
0.2135 0.2148265 0.20973605
0.214 0.2127407 0.20779325
0.2145 0.2107273 0.2059376
0.215 0.208783 0.20416401
0.2155 0.206905 0.20246752
0.216 0.2050901 0.2008436
0.2165 0.2033359 0.19928809
0.217 0.2016396 0.19779705
0.2175 0.199999 0.1963667
0.218 0.1984116 0.19499347
0.2185 0.1968755 0.19367419
0.219 0.1953884 0.19240573
0.2195 0.1939485 0.19118513
0.22 0.1925541 0.19000974
0.2205 0.1912032 0.18887699
0.221 0.1898943 0.18778445
0.2215 0.1886259 0.18672992
0.222 0.1873965 0.1857112
0.2225 0.1862046 0.18472633
0.223 0.1850489 0.18377349
0.2235 0.1839282 0.18285082
0.224 0.1828413 0.18195678
0.2245 0.181787 0.18108979
0.225 0.1807642 0.18024844
0.2255 0.1797719 0.17943132
0.226 0.178809 0.1786373
0.2265 0.1778748 0.17786512
0.227 0.1769681 0.17711365
0.2275 0.1760882 0.17638204
0.228 0.1752343 0.1756691
0.2285 0.1744055 0.17497414
0.229 0.1736011 0.17429638
0.2295 0.1728205 0.173635
0.23 0.1720628 0.17298931
0.2305 0.1713274 0.17235863
0.231 0.1706137 0.1717425
0.2315 0.1699211 0.17114022
0.232 0.1692491 0.17055133
0.2325 0.1685969 0.16997552
0.233 0.1679642 0.16941226
0.2335 0.1673503 0.16886115
0.234 0.1667548 0.16832182
0.2345 0.1661772 0.16779414
0.235 0.165617 0.16727763
0.2355 0.1650739 0.1667721
0.236 0.1645473 0.16627738
0.2365 0.1640368 0.165793
0.237 0.1635421 0.16531909
0.2375 0.1630628 0.16485527
0.238 0.1625985 0.16440147
0.2385 0.1621488 0.16395745
0.239 0.1617134 0.16352308
0.2395 0.161292 0.1630984
0.24 0.1608842 0.16268304
0.2405 0.1604898 0.16227707
0.241 0.1601083 0.16188028
0.2415 0.1597396 0.16149265
0.242 0.1593834 0.16111413
0.2425 0.1590393 0.16074452
0.243 0.1587071 0.16038385
0.2435 0.1583866 0.16003197
0.244 0.1580774 0.1596888
0.2445 0.1577794 0.1593543
0.245 0.1574924 0.15902841
0.2455 0.157216 0.1587109
0.246 0.1569501 0.15840185
0.2465 0.1566945 0.1581012
0.247 0.1564489 0.15780875
0.2475 0.1562131 0.1575245
0.248 0.155987 0.15724832
0.2485 0.1557703 0.15698016
0.249 0.1555629 0.15671998
0.2495 0.1553646 0.15646759
0.25 0.1551752 0.1562247
0.2505 0.1550205 0.15616733
0.251 0.1549327 0.15621138
0.2515 0.1548958 0.15631002
0.252 0.1549005 0.15643871
0.2525 0.1549427 0.15658507
0.253 0.1550201 0.15674406
0.2535 0.1551309 0.15691417
0.254 0.1552734 0.15709552
0.2545 0.1554462 0.15728891
0.255 0.1556477 0.15749523
0.2555 0.1558768 0.15771511
0.256 0.156132 0.157949
0.2565 0.1564123 0.1581969
0.257 0.1567164 0.15845865
0.2575 0.1570434 0.15873387
0.258 0.1573921 0.15902206
0.2585 0.1577618 0.15932271
0.259 0.1581514 0.15963498
0.2595 0.1585601 0.15995821
0.26 0.1589871 0.16029173
0.2605 0.1594317 0.16063476
0.261 0.159893 0.16098672
0.2615 0.1603705 0.16134697
0.262 0.1608634 0.16171506
0.2625 0.1613712 0.16209033
0.263 0.1618932 0.16247249
0.2635 0.1624289 0.16286096
0.264 0.1629778 0.16325545
0.2645 0.1635393 0.16365564
0.265 0.1641129 0.16406125
0.2655 0.1646983 0.16447195
0.266 0.1652949 0.16488755
0.2665 0.1659023 0.16530797
0.267 0.1665201 0.16573295
0.2675 0.167148 0.16616243
0.268 0.1677856 0.16659626
0.2685 0.1684325 0.16703433
0.269 0.1690885 0.16747655
0.2695 0.169753 0.1679229
0.27 0.170426 0.16837326
0.2705 0.1711071 0.16882764
0.271 0.1717959 0.16928606
0.2715 0.1724923 0.16974841
0.272 0.1731959 0.17021462
0.2725 0.1739066 0.17068483
0.273 0.1746241 0.17115891
0.2735 0.1753481 0.17163678
0.274 0.1760785 0.17211859
0.2745 0.176815 0.17260423
0.275 0.1775575 0.17309386
0.2755 0.1783057 0.17358725
0.276 0.1790588 0.17408451
0.2765 0.1798168 0.17458567
0.277 0.1805798 0.17509058
0.2775 0.1813459 0.17559949
0.278 0.1821037 0.17611207
0.2785 0.1828627 0.17662852
0.279 0.1836295 0.17714874
0.2795 0.1844049 0.17767273
0.28 0.1851883 0.17820048
0.2805 0.1859788 0.17873205
0.281 0.1867755 0.17926732
0.2815 0.1875778 0.17980622
0.282 0.1883852 0.18034887
0.2825 0.1891973 0.1808951
0.283 0.1900136 0.18144505
0.2835 0.1908339 0.18199846
0.284 0.191658 0.1825554
0.2845 0.1924856 0.18311591
0.285 0.1933165 0.18367986
0.2855 0.1941506 0.18424723
0.286 0.1949877 0.18481803
0.2865 0.1958278 0.18539208
0.287 0.1966707 0.18596943
0.2875 0.1975162 0.18655
0.288 0.1983644 0.18713367
0.2885 0.1992151 0.18772055
0.289 0.2000683 0.18831043
0.2895 0.2009238 0.18890333
0.29 0.2017817 0.18949905
0.2905 0.2026417 0.19009776
0.291 0.2035039 0.19069926
0.2915 0.2043682 0.19130342
0.292 0.2052346 0.19191036
0.2925 0.2061029 0.19251966
0.293 0.2069732 0.19313169
0.2935 0.2078451 0.19374602
0.294 0.2087187 0.19436271
0.2945 0.2095941 0.19498172
0.295 0.2104712 0.19560294
0.2955 0.21135 0.19622616
0.296 0.2122305 0.19685155
0.2965 0.2131126 0.19747882
0.297 0.2139964 0.19810793
0.2975 0.2148816 0.19873878
0.298 0.2157682 0.19937143
0.2985 0.2166556 0.20000555
0.299 0.217544 0.20064121
0.2995 0.2184335 0.20127831
0.3 0.2193243 0.20489784
0.3005 0.2145294 0.20480976
0.301 0.2104113 0.20350966
0.3015 0.2074542 0.201917
0.302 0.2049011 0.20032714
0.3025 0.2025218 0.1988078
0.303 0.200256 0.19735405
0.3035 0.1980855 0.19594532
0.304 0.196003 0.19456324
0.3045 0.1940039 0.19319555
0.305 0.1920851 0.19183603
0.3055 0.1902434 0.19048253
0.306 0.1884765 0.18913588
0.3065 0.1867816 0.1877986
0.307 0.1851565 0.18647403
0.3075 0.1835989 0.18516606
0.308 0.1821066 0.18387863
0.3085 0.1806776 0.18261543
0.309 0.1793097 0.18137985
0.3095 0.1780011 0.18017514
0.31 0.1767499 0.17900404
0.3105 0.1755543 0.17786884
0.311 0.1744127 0.17677145
0.3115 0.1733234 0.17571345
0.312 0.1722848 0.17469603
0.3125 0.1712955 0.17372005
0.313 0.1703539 0.17278601
0.3135 0.1694586 0.17189422
0.314 0.1686085 0.1710447
0.3145 0.1678021 0.17023729
0.315 0.1670382 0.16947176
0.3155 0.1663157 0.16874743
0.316 0.1656335 0.16806388
0.3165 0.1649903 0.16742042
0.317 0.1643853 0.16681634
0.3175 0.1638173 0.16625081
0.318 0.1632854 0.1657229
0.3185 0.1627887 0.16523194
0.319 0.1623262 0.16477707
0.3195 0.1618972 0.16435741
0.32 0.1615006 0.1639721
0.3205 0.1611359 0.16362028
0.321 0.1608021 0.1633013
0.3215 0.1604985 0.16301432
0.322 0.1602244 0.16275844
0.3225 0.159979 0.162533
0.323 0.1597618 0.1623374
0.3235 0.159572 0.1621707
0.324 0.159409 0.16203241
0.3245 0.1592722 0.16192183
0.325 0.159161 0.16183828
0.3255 0.1590748 0.16178112
0.326 0.159013 0.1617497
0.3265 0.1589751 0.16174357
0.327 0.1589607 0.16176198
0.3275 0.1589691 0.16180441
0.328 0.1589998 0.1618703
0.3285 0.1590525 0.16195911
0.329 0.1591266 0.16207036
0.3295 0.1592216 0.16220331
0.33 0.1593372 0.16235769
0.3305 0.1594728 0.16253285
0.331 0.1596282 0.16272828
0.3315 0.1598028 0.16294354
0.332 0.1599963 0.16317806
0.3325 0.1602083 0.16343138
0.333 0.1604383 0.16370311
0.3335 0.1606862 0.16399269
0.334 0.1609514 0.1642997
0.3345 0.1612337 0.1646236
0.335 0.1615327 0.16496402
0.3355 0.161848 0.16532056
0.336 0.1621795 0.16569269
0.3365 0.1625266 0.16608012
0.337 0.1628893 0.16648234
0.3375 0.163267 0.1668989
0.338 0.1636596 0.16732953
0.3385 0.1640668 0.16777371
0.339 0.1644883 0.1682312
0.3395 0.1649238 0.1687015
0.34 0.165373 0.16918427
0.3405 0.1658358 0.16967925
0.341 0.1663118 0.17018607
0.3415 0.1668008 0.17070428
0.342 0.1673026 0.17123356
0.3425 0.1678169 0.17177366
0.343 0.1683435 0.17232433
0.3435 0.1688822 0.1728851
0.344 0.1694327 0.17345576
0.3445 0.1699949 0.17403603
0.345 0.1705685 0.17462543
0.3455 0.1711534 0.17522407
0.346 0.1717493 0.17583123
0.3465 0.172356 0.1764471
0.347 0.1729733 0.17707106
0.3475 0.1736011 0.17770308
0.348 0.1742392 0.17834285
0.3485 0.1748873 0.17899
0.349 0.1755454 0.17964455
0.3495 0.1762132 0.18030605
0.35 0.1768905 0.17966376
0.3505 0.1654249 0.17475358
0.351 0.1552213 0.16774726
0.3515 0.1477703 0.1599197
0.352 0.1413861 0.15198365
0.3525 0.1354795 0.14431159
0.353 0.1298808 0.13707662
0.3535 0.1245357 0.13033861
0.354 0.1194203 0.12409623
0.3545 0.1145188 0.11831732
0.355 0.1098187 0.11295675
0.3555 0.1053084 0.10796592
0.356 0.1009776 0.10329811
0.3565 0.09681633 0.09891114
0.357 0.09281558 0.09476782
0.3575 0.08896677 0.09083646
0.358 0.08526188 0.08709039
0.3585 0.08169339 0.08350749
0.359 0.07825427 0.08006966
0.3595 0.0749379 0.07676208
0.36 0.07173806 0.07357261
0.3605 0.06864895 0.07049158
0.361 0.06566509 0.067511186
0.3615 0.06278133 0.06462521
0.362 0.05999285 0.061828587
0.3625 0.05729511 0.059117254
0.363 0.05468383 0.056487974
0.3635 0.05215499 0.053938065
0.364 0.04970482 0.051465128
0.3645 0.04732974 0.049067367
0.365 0.0450264 0.046743024
0.3655 0.04279163 0.044490527
0.366 0.04062244 0.042308282
0.3665 0.03851601 0.040195
0.367 0.03646969 0.038149256
0.3675 0.03448095 0.036169495
0.368 0.03254742 0.03425431
0.3685 0.03066685 0.032402027
0.369 0.02883712 0.030611228
0.3695 0.0270562 0.02888019
0.37 0.0253222 0.027207073
0.3705 0.0236333 0.025590215
0.371 0.02198778 0.024027761
0.3715 0.02038402 0.022517908
0.372 0.01882048 0.02105863
0.3725 0.01729569 0.019648049
0.373 0.01580824 0.018284198
0.3735 0.01435682 0.016965147
0.374 0.01294016 0.015688945
0.3745 0.01155705 0.014453572
0.375 0.01020637 0.013257143
0.3755 0.008886999 0.012097684
0.376 0.007597914 0.010973443
0.3765 0.006338116 0.00988241
0.377 0.005106657 0.008822915
0.3775 0.003902632 0.0077931257
0.378 0.002725174 0.0067913206
0.3785 0.001573456 0.0058159577
0.379 0.0004466855 0.004865338
0.3795 -0.0006558955 0.0039380463
0.38 -0.001735014 0.0030325025
0.3805 -0.002791364 0.0021474406
0.381 -0.003825615 0.0012813776
0.3815 -0.004838406 0.00043321098
0.382 -0.005830351 -0.00039829616
0.3825 -0.006802039 -0.0012143508
0.383 -0.007754038 -0.0020158545
0.3835 -0.008686892 -0.0028038875
0.384 -0.009601124 -0.003579329
0.3845 -0.01049724 -0.0043430133
0.385 -0.01137572 -0.0050957007
0.3855 -0.01223703 -0.0058381436
0.386 -0.01308163 -0.0065709827
0.3865 -0.01390994 -0.007294732
0.387 -0.01472238 -0.008009973
0.3875 -0.01551936 -0.008717126
0.388 -0.01630127 -0.009416624
0.3885 -0.01706847 -0.010108787
0.389 -0.01782134 -0.010793845
0.3895 -0.01856022 -0.011472116
0.39 -0.01928545 -0.012143723
0.3905 -0.01999736 -0.012808858
0.391 -0.02069626 -0.0134675605
0.3915 -0.02138246 -0.014119885
0.392 -0.02205626 -0.014765861
0.3925 -0.02271794 -0.015405408
0.393 -0.02336779 -0.016038492
0.3935 -0.02400606 -0.016664986
0.394 -0.02463302 -0.017284796
0.3945 -0.02524893 -0.017897762
0.395 -0.02585402 -0.01850368
0.3955 -0.02644855 -0.019102406
0.396 -0.02703273 -0.019693699
0.3965 -0.02760679 -0.020277377
0.397 -0.02817095 -0.02085318
0.3975 -0.02872543 -0.021420911
0.398 -0.02927042 -0.021980353
0.3985 -0.02980613 -0.022531223
0.399 -0.03033274 -0.023073345
0.3995 -0.03085046 -0.023606513
0.4 -0.03135946 -0.024133123
0.4005 -0.03183267 -0.024781108
0.401 -0.03223544 -0.025480092
0.4015 -0.03258392 -0.026185699
0.402 -0.03288741 -0.026869625
0.4025 -0.03314979 -0.027514035
0.403 -0.03337319 -0.02810811
0.4035 -0.03355927 -0.028645605
0.404 -0.03370947 -0.029123388
0.4045 -0.03382515 -0.02954055
0.405 -0.03390758 -0.029897576
0.4055 -0.03395796 -0.030195903
0.406 -0.03397744 -0.030437525
0.4065 -0.03396702 -0.030624863
0.407 -0.03392624 -0.03076043
0.4075 -0.03385675 -0.030846827
0.408 -0.03376046 -0.030886663
0.4085 -0.03363849 -0.030882474
0.409 -0.03349169 -0.030836703
0.4095 -0.03332084 -0.030751634
0.41 -0.03312667 -0.030629463
0.4105 -0.03290987 -0.030472286
0.411 -0.03267111 -0.03028202
0.4115 -0.03241103 -0.030060492
0.412 -0.03213023 -0.029809464
0.4125 -0.0318293 -0.0295305
0.413 -0.03150879 -0.02922516
0.4135 -0.03116926 -0.028894786
0.414 -0.03081121 -0.028540753
0.4145 -0.03043514 -0.02816429
0.415 -0.03004154 -0.027766585
0.4155 -0.02963085 -0.027348723
0.416 -0.02920353 -0.026911702
0.4165 -0.02876 -0.026456535
0.417 -0.02830067 -0.025984086
0.4175 -0.02782594 -0.025495183
0.418 -0.02733618 -0.024990592
0.4185 -0.02683178 -0.02447107
0.419 -0.02631308 -0.023937281
0.4195 -0.02578042 -0.023389835
0.42 -0.02523414 -0.022829313
0.4205 -0.02467457 -0.022256304
0.421 -0.024102 -0.021671224
0.4215 -0.02351674 -0.02107453
0.422 -0.02291908 -0.020466719
0.4225 -0.02230929 -0.019848142
0.423 -0.02168766 -0.019219141
0.4235 -0.02105444 -0.018580068
0.424 -0.02040988 -0.017931227
0.4245 -0.01975424 -0.017272893
0.425 -0.01908775 -0.016605314
0.4255 -0.01841065 -0.015928734
0.426 -0.01772315 -0.015243406
0.4265 -0.01702549 -0.014549422
0.427 -0.01631786 -0.013847078
0.4275 -0.01560047 -0.013136509
0.428 -0.01487352 -0.012417833
0.4285 -0.01413721 -0.011691268
0.429 -0.01339173 -0.010956879
0.4295 -0.01263726 -0.010214868
0.43 -0.01187398 -0.00946531
0.4305 -0.01110207 -0.008708294
0.431 -0.0103217 -0.007943976
0.4315 -0.009533023 -0.0071723936
0.432 -0.008736211 -0.0063936515
0.4325 -0.007931418 -0.0056078834
0.433 -0.007118796 -0.0048151864
0.4335 -0.006298479 -0.00401559
0.434 -0.005470606 -0.003209199
0.4345 -0.004635319 -0.0023961172
0.435 -0.00379276 -0.0015763745
0.4355 -0.002943041 -0.0007500753
0.436 -0.00208618 8.269097e-05
0.4365 -0.001222448 0.0009219616
0.437 -0.0003520025 0.0017674982
0.4375 0.0005251004 0.0026193603
0.438 0.001408928 0.0034774065
0.4385 0.002299339 0.0043415697
0.439 0.003196086 0.0052118646
0.4395 0.004098984 0.00608812
0.44 0.005007896 0.0069703134
0.4405 0.005922706 0.00785837
0.441 0.006843286 0.008752224
0.4415 0.007769464 0.0096517475
0.442 0.008701158 0.0105569335
0.4425 0.009638306 0.011467722
0.443 0.01058084 0.012384032
0.4435 0.01152831 0.013305728
0.444 0.01246969 0.014232886
0.4445 0.01340916 0.015165259
0.445 0.01435513 0.016102906
0.4455 0.01530958 0.01704565
0.446 0.01626804 0.017993588
0.4465 0.01722645 0.018946443
0.447 0.01818993 0.019904297
0.4475 0.01915316 0.020866986
0.448 0.02012269 0.021834496
0.4485 0.02110209 0.022806805
0.449 0.02209122 0.023783755
0.4495 0.02308907 0.024765309
0.45 0.0240946 0.025751349
0.4505 0.02510695 0.026741814
0.451 0.02612539 0.02773669
0.4515 0.02714936 0.028735887
0.452 0.02817841 0.029739331
0.4525 0.02921216 0.030746903
0.453 0.03025033 0.031758647
0.4535 0.03129267 0.032774415
0.454 0.03233898 0.033794146
0.4545 0.03338911 0.034817707
0.455 0.03444291 0.035845157
0.4555 0.03550028 0.036876377
0.456 0.0365611 0.037911307
0.4565 0.0376253 0.03894986
0.457 0.03869279 0.039991986
0.4575 0.03976348 0.041037556
0.458 0.04083728 0.042086612
0.4585 0.04191417 0.04313902
0.459 0.04299411 0.04419471
0.4595 0.04407707 0.045253705
0.46 0.04516299 0.04631586
0.4605 0.04625199 0.04738116
0.461 0.04734528 0.048449423
0.4615 0.04844126 0.049520757
0.462 0.0495395 0.050594997
0.4625 0.05064008 0.051672097
0.463 0.05174308 0.052752
0.4635 0.05284797 0.053834643
0.464 0.05394314 0.05491997
0.4645 0.05503416 0.056007978
0.465 0.05612995 0.05709858
0.4655 0.05723242 0.058191624
0.466 0.05834121 0.059287157
0.4665 0.05945552 0.060385134
0.467 0.0605757 0.061485406
0.4675 0.06170123 0.06258805
0.468 0.06282983 0.06369285
0.4685 0.06396119 0.06479989
0.469 0.06509522 0.06590904
0.4695 0.06623182 0.0670203
0.47 0.06737088 0.06813352
0.4705 0.0685123 0.06924875
0.471 0.06965601 0.07036595
0.4715 0.07080195 0.07148504
0.472 0.07195005 0.07260586
0.4725 0.07310026 0.07372855
0.473 0.07425253 0.07485291
0.4735 0.0754068 0.075978965
0.474 0.07656302 0.077106595
0.4745 0.07772115 0.07823591
0.475 0.07888116 0.0793667
0.4755 0.080043 0.08049898
0.476 0.08120666 0.08163266
0.4765 0.0823721 0.08276783
0.477 0.08353928 0.08390427
0.4775 0.0847082 0.08504209
0.478 0.08587504 0.08618115
0.4785 0.08703659 0.08732143
0.479 0.08820142 0.088462874
0.4795 0.08937043 0.089605466
0.48 0.0905431 0.090749145
0.4805 0.09171893 0.09189391
0.481 0.0928975 0.09303966
0.4815 0.09407851 0.09418644
0.482 0.09526169 0.09533407
0.4825 0.09644683 0.096482605
0.483 0.09763379 0.097631976
0.4835 0.09882243 0.0987822
0.484 0.1000127 0.09993318
0.4845 0.1012045 0.10108496
0.485 0.1023977 0.1022374
0.4855 0.1035924 0.1033905
0.486 0.1047885 0.10454425
0.4865 0.1059859 0.1056986
0.487 0.1071847 0.106853485
0.4875 0.1083848 0.108008936
0.488 0.1095862 0.109164804
0.4885 0.1107889 0.110321164
0.489 0.1119929 0.111477956
0.4895 0.113198 0.112635106
0.49 0.1144044 0.11379266
0.4905 0.1156119 0.11495046
0.491 0.1168206 0.11610854
0.4915 0.1180304 0.117267
0.492 0.1192414 0.11842558
0.4925 0.1204535 0.11958435
0.493 0.1216667 0.120743334
0.4935 0.1228806 0.12190238
0.494 0.1240952 0.1230616
0.4945 0.1253108 0.12422088
0.495 0.1265273 0.12538016
0.4955 0.1277449 0.12653948
0.496 0.1289635 0.12769881
0.4965 0.1301831 0.12885806
0.497 0.1314038 0.1300173
0.4975 0.1326255 0.13117638
0.498 0.1338483 0.13233542
0.4985 0.135072 0.13349412
0.499 0.1362968 0.13465276
0.4995 0.1375226 0.13581118
