0.0 -0.065 -0.034812722
0.0005 -0.05285361 -0.031897817
0.001 -0.04200612 -0.03005806
0.0015 -0.0339471 -0.028391901
0.002 -0.02698147 -0.026227627
0.0025 -0.0205153 -0.023386393
0.003 -0.01438419 -0.019914422
0.0035 -0.008533393 -0.015935812
0.004 -0.002942815 -0.011586341
0.0045 0.002407369 -0.006988588
0.005 0.007545553 -0.0022437007
0.0055 0.01247627 0.002568689
0.006 0.0172053 0.007387963
0.0065 0.02174607 0.01216909
0.007 0.02612379 0.016879465
0.0075 0.03034479 0.021496173
0.008 0.03440598 0.026003446
0.0085 0.03832499 0.030391332
0.009 0.04209891 0.03465384
0.0095 0.04574726 0.038788196
0.01 0.04928343 0.042793747
0.0105 0.05271301 0.046671715
0.011 0.05603956 0.050424244
0.0115 0.05926636 0.054054316
0.012 0.06239678 0.057565477
0.0125 0.06543534 0.06096178
0.013 0.06838761 0.06424722
0.0135 0.07125284 0.06742591
0.014 0.07403391 0.07050219
0.0145 0.07673454 0.07348022
0.015 0.07935852 0.07636395
0.0155 0.08190903 0.07915732
0.016 0.08438901 0.08186439
0.0165 0.08680135 0.08448842
0.017 0.08914877 0.08703315
0.0175 0.09143357 0.08950195
0.018 0.09365834 0.091898054
0.0185 0.09582547 0.094224334
0.019 0.09793715 0.096483946
0.0195 0.09999572 0.09867957
0.02 0.1019637 0.10081363
0.0205 0.1037692 0.10288897
0.021 0.1055374 0.10490781
0.0215 0.1072968 0.1068722
0.022 0.1090476 0.108784735
0.0225 0.1107838 0.11064702
0.023 0.1125 0.11246133
0.0235 0.1141915 0.1142292
0.024 0.1158553 0.11595249
0.0245 0.1174905 0.117632926
0.025 0.1190962 0.11927211
0.0255 0.1206717 0.120871484
0.026 0.1222166 0.12243241
0.0265 0.1237311 0.12395641
0.027 0.1252153 0.12544468
0.0275 0.1266696 0.12689841
0.028 0.1280946 0.12831894
0.0285 0.1294907 0.12970722
0.029 0.1308588 0.13106447
0.0295 0.1321995 0.13239151
0.03 0.1335131 0.13368964
0.0305 0.134799 0.13495958
0.031 0.1360597 0.13620222
0.0315 0.1372962 0.13741851
0.032 0.1385091 0.1386092
0.0325 0.139699 0.13977516
0.033 0.1408665 0.14091703
0.0335 0.1420121 0.14203566
0.034 0.1431363 0.1431315
0.0345 0.1442399 0.1442056
0.035 0.1453232 0.14525828
0.0355 0.146371 0.14629018
0.036 0.1473775 0.14730206
0.0365 0.1483667 0.1482943
0.037 0.1493457 0.14926761
0.0375 0.150309 0.15022239
0.038 0.1512317 0.1511592
0.0385 0.1521358 0.15207851
0.039 0.1530344 0.15298077
0.0395 0.1539286 0.15386644
0.04 0.154817 0.1547359
0.0405 0.1556975 0.15558976
0.041 0.1565687 0.1564281
0.0415 0.1574295 0.1572516
0.042 0.1582788 0.15806049
0.0425 0.1591162 0.15885514
0.043 0.1599407 0.15963593
0.0435 0.1607496 0.16040319
0.044 0.161546 0.16115725
0.0445 0.1623309 0.16189846
0.045 0.1631033 0.16262713
0.0455 0.1638639 0.16334352
0.046 0.1646131 0.16404778
0.0465 0.1653511 0.16474032
0.047 0.1660778 0.16542152
0.0475 0.1667931 0.1660915
0.048 0.1674974 0.16675049
0.0485 0.168191 0.16739872
0.049 0.1688739 0.16803658
0.0495 0.1695464 0.16866422
0.05 0.1702086 0.16928175
0.0505 0.1708606 0.16988948
0.051 0.1715027 0.17048773
0.0515 0.172135 0.1710765
0.052 0.1727576 0.17165616
0.0525 0.1733707 0.17222673
0.053 0.173923 0.17278847
0.0535 0.1743051 0.17334175
0.054 0.1747027 0.17388642
0.0545 0.1749618 0.17442292
0.055 0.1752835 0.17495126
0.0555 0.175689 0.1754716
0.056 0.1761563 0.17598426
0.0565 0.1766657 0.1764893
0.057 0.1772028 0.17698672
0.0575 0.1777567 0.17747682
0.058 0.1783195 0.17795971
0.0585 0.1788855 0.17843556
0.059 0.1794505 0.17890441
0.0595 0.1800114 0.17936647
0.06 0.1805657 0.179822
0.0605 0.1811121 0.18027091
0.061 0.1816498 0.18071342
0.0615 0.1821782 0.1811496
0.062 0.182697 0.1815795
0.0625 0.1831882 0.18200338
0.063 0.1836441 0.18242127
0.0635 0.184092 0.18283334
0.064 0.1845267 0.18323964
0.0645 0.1849509 0.18364021
0.065 0.1853759 0.18403527
0.0655 0.1858014 0.18442488
0.066 0.1862261 0.18480909
0.0665 0.1866473 0.18518806
0.067 0.1870595 0.18556184
0.0675 0.1874674 0.18593055
0.068 0.1878723 0.18629423
0.0685 0.1882736 0.18665302
0.069 0.1886705 0.1870068
0.0695 0.1890627 0.187356
0.07 0.1894496 0.18770039
0.0705 0.1898125 0.1880402
0.071 0.1901521 0.18837556
0.0715 0.1904878 0.18870631
0.072 0.1908177 0.1890328
0.0725 0.1911484 0.18935502
0.073 0.1914818 0.18967283
0.0735 0.1918166 0.18998653
0.074 0.1921514 0.19029629
0.0745 0.1924848 0.19060189
0.075 0.1928158 0.19090354
0.0755 0.1931417 0.19120121
0.076 0.1934371 0.19149503
0.0765 0.1937171 0.19178504
0.077 0.1939989 0.19207141
0.0775 0.1942853 0.19235402
0.078 0.1945752 0.19263303
0.0785 0.194867 0.19290835
0.079 0.195159 0.19318023
0.0795 0.1954502 0.19344878
0.08 0.1957396 0.19371381
0.0805 0.1960266 0.19397551
0.081 0.1963108 0.1942339
0.0815 0.1965918 0.19448891
0.082 0.1968694 0.19474083
0.0825 0.1971434 0.19498953
0.083 0.1974137 0.19523516
0.0835 0.1976654 0.19547766
0.084 0.1978884 0.19571728
0.0845 0.1981078 0.19595373
0.085 0.1983321 0.19618729
0.0855 0.1985613 0.19641793
0.086 0.198788 0.19664574
0.0865 0.199015 0.19687071
0.087 0.1992445 0.19709289
0.0875 0.1994753 0.19731233
0.088 0.1997062 0.19752905
0.0885 0.1999363 0.19774318
0.089 0.200165 0.1979546
0.0895 0.2003917 0.19816342
0.09 0.2006162 0.19836971
0.0905 0.2008382 0.1985735
0.091 0.2010187 0.19877478
0.0915 0.2009923 0.19897357
0.092 0.2010065 0.19917005
0.0925 0.2010867 0.19936404
0.093 0.2012166 0.1995557
0.0935 0.2013814 0.199745
0.094 0.2015701 0.19993204
0.0945 0.2017748 0.20011693
0.095 0.2019895 0.20029938
0.0955 0.20221 0.20047972
0.096 0.202433 0.20065787
0.0965 0.2026563 0.2008338
0.097 0.2028783 0.20100772
0.0975 0.2030979 0.2011795
0.098 0.2033142 0.20134914
0.0985 0.2035267 0.20151693
0.099 0.2037352 0.20168266
0.0995 0.2039393 0.20184627
0.1 0.204139 0.19554362
0.1005 0.1923614 0.18992522
0.101 0.181938 0.18446031
0.1015 0.1743141 0.17895013
0.102 0.1678016 0.17335765
0.1025 0.1618095 0.16771793
0.103 0.1561661 0.16209325
0.1035 0.1508151 0.15654793
0.104 0.1457305 0.15113853
0.1045 0.1408947 0.14590901
0.105 0.136293 0.14089057
0.1055 0.1319123 0.13610265
0.106 0.1277403 0.13155496
0.1065 0.1237659 0.1272494
0.107 0.1199783 0.12318216
0.1075 0.1163676 0.119345434
0.108 0.1129246 0.115728386
0.1085 0.1096405 0.11231864
0.109 0.1065071 0.109102756
0.1095 0.1035167 0.106067464
0.11 0.1006622 0.103199326
0.1105 0.09793669 0.10048544
0.111 0.0953339 0.0979137
0.1115 0.09284781 0.09547298
0.112 0.09047282 0.09315281
0.1125 0.08820364 0.09094376
0.113 0.08603529 0.088837326
0.1135 0.08396308 0.08682583
0.114 0.08198262 0.08490242
0.1145 0.08008974 0.08306107
0.115 0.07828054 0.081296325
0.1155 0.0765513 0.07960352
0.116 0.07489857 0.077978335
0.1165 0.07331903 0.07641718
0.117 0.07180959 0.07491692
0.1175 0.07036731 0.073474616
0.118 0.06898941 0.072087854
0.1185 0.06767328 0.07075448
0.119 0.06641642 0.06947252
0.1195 0.06521648 0.06824039
0.12 0.06407124 0.06705638
0.1205 0.06297858 0.06591935
0.121 0.06193649 0.06482801
0.1215 0.06094309 0.06378117
0.122 0.05999655 0.06277784
0.1225 0.05909517 0.061817076
0.123 0.05823732 0.060897876
0.1235 0.05742145 0.060019393
0.124 0.05664607 0.059180666
0.1245 0.0559098 0.05838087
0.125 0.05521129 0.057619136
0.1255 0.05454927 0.056894574
0.126 0.05392252 0.056206238
0.1265 0.05332988 0.05555335
0.127 0.05277026 0.05493487
0.1275 0.05224258 0.054349896
0.128 0.05174585 0.053797465
0.1285 0.0512791 0.053276654
0.129 0.0508414 0.05278642
0.1295 0.05043187 0.052325826
0.13 0.05004967 0.05189381
0.1305 0.04969399 0.05148938
0.131 0.04936405 0.051111575
0.1315 0.0490591 0.0507594
0.132 0.04877844 0.050431784
0.1325 0.04852138 0.050127786
0.133 0.04828726 0.04984648
0.1335 0.04807545 0.04958686
0.134 0.04788533 0.049348038
0.1345 0.04771633 0.049129125
0.135 0.04756788 0.04892936
0.1355 0.04743944 0.04874785
0.136 0.04733049 0.048583742
0.1365 0.04724052 0.04843646
0.137 0.04716906 0.048305195
0.1375 0.04711564 0.048189398
0.138 0.04707981 0.048088413
0.1385 0.04706114 0.048001688
0.139 0.04705921 0.047928806
0.1395 0.04707362 0.04786923
0.14 0.04710398 0.0478225
0.1405 0.0471499 0.047788348
0.141 0.04721104 0.047766354
0.1415 0.04728702 0.047756266
0.142 0.04737752 0.04775783
0.1425 0.04748221 0.047770884
0.143 0.04760075 0.047795143
0.1435 0.04773285 0.04783055
0.144 0.0478782 0.04787686
0.1445 0.04803652 0.04793411
0.145 0.04820751 0.04800209
0.1455 0.04839091 0.0480808
0.146 0.04858645 0.04817019
0.1465 0.04879387 0.048270207
0.147 0.04901292 0.048380848
0.1475 0.04924337 0.04850213
0.148 0.04948496 0.04863393
0.1485 0.04973748 0.048776355
0.149 0.0500007 0.048929345
0.1495 0.05027441 0.049092885
0.15 0.05055839 0.04926702
0.1505 0.05085243 0.049451675
0.151 0.05115634 0.04964691
0.1515 0.05146993 0.049852666
0.152 0.051793 0.050068866
0.1525 0.05212536 0.050295528
0.153 0.05246685 0.05053268
0.1535 0.05281728 0.050780114
0.154 0.05317649 0.05103789
0.1545 0.0535443 0.05130587
0.155 0.05392056 0.05158406
0.1555 0.05430511 0.05187231
0.156 0.05469779 0.05217051
0.1565 0.05509845 0.052478608
0.157 0.05550694 0.052796464
0.1575 0.05592313 0.053123992
0.158 0.05634687 0.05346098
0.1585 0.05677802 0.05380739
0.159 0.05721645 0.05416302
0.1595 0.05766203 0.054527726
0.16 0.05811463 0.054901432
0.1605 0.05857413 0.05528384
0.161 0.0590404 0.055674877
0.1615 0.05951333 0.056074392
0.162 0.05999279 0.056482147
0.1625 0.06047869 0.05689801
0.163 0.06097089 0.057321813
0.1635 0.06146931 0.057753276
0.164 0.06197382 0.058192324
0.1645 0.06246581 0.058638763
0.165 0.06290548 0.0590924
0.1655 0.0633665 0.05955301
0.166 0.06385374 0.060020473
0.1665 0.06436235 0.060494613
0.167 0.06488797 0.0609751
0.1675 0.06542732 0.06146198
0.168 0.0659779 0.061954852
0.1685 0.06653787 0.062453654
0.169 0.06710579 0.062958255
0.1695 0.06768061 0.06346834
0.17 0.06826144 0.06398383
0.1705 0.06884771 0.064504564
0.171 0.06943895 0.06503031
0.1715 0.07003484 0.06556094
0.172 0.0706351 0.066096306
0.1725 0.07123954 0.066636235
0.173 0.07184801 0.06718066
0.1735 0.07246041 0.067729235
0.174 0.07307664 0.06828192
0.1745 0.07369659 0.0688386
0.175 0.07432022 0.06939915
0.1755 0.07494745 0.069963336
0.176 0.07557824 0.0705311
0.1765 0.07620915 0.07110226
0.177 0.07683502 0.07167667
0.1775 0.07746232 0.07225424
0.178 0.07808945 0.07283497
0.1785 0.07872139 0.07341856
0.179 0.07935932 0.07400495
0.1795 0.08000312 0.07459405
0.18 0.08065247 0.07518569
0.1805 0.08130703 0.075779945
0.181 0.08196651 0.0763765
0.1815 0.08263063 0.076975435
0.182 0.08329914 0.07757652
0.1825 0.08397182 0.07817969
0.183 0.08464847 0.07878491
0.1835 0.08532892 0.079392076
0.184 0.08601301 0.08000103
0.1845 0.08670058 0.080611855
0.185 0.08739151 0.08122429
0.1855 0.08808568 0.08183843
0.186 0.08878298 0.082454056
0.1865 0.08948332 0.08307126
0.187 0.09017892 0.08368975
0.1875 0.09086909 0.08430961
0.188 0.09156372 0.08493078
0.1885 0.09226418 0.08555314
0.189 0.09297022 0.08617672
0.1895 0.09368127 0.08680138
0.19 0.09439678 0.08742702
0.1905 0.09511627 0.08805373
0.191 0.09583933 0.08868131
0.1915 0.09656565 0.0893099
0.192 0.09726328 0.089939296
0.1925 0.09786798 0.09056947
0.193 0.09849798 0.09120041
0.1935 0.09916403 0.09183207
0.194 0.09985912 0.09246442
0.1945 0.1005763 0.09309739
0.195 0.1013101 0.09373093
0.1955 0.1020564 0.09436503
0.196 0.1028121 0.0949997
0.1965 0.1035749 0.09563485
0.197 0.1043429 0.09627041
0.1975 0.1051147 0.09690645
0.198 0.1058858 0.09754282
0.1985 0.1066479 0.09817961
0.199 0.1074105 0.09881666
0.1995 0.1081778 0.099454045
0.2 0.1089498 0.10360707
0.2005 0.1038731 0.10133161
0.201 0.0994198 0.098188475
0.2015 0.09610773 0.09555258
0.202 0.09317307 0.09351289
0.2025 0.09038382 0.09186432
0.203 0.08767976 0.090398744
0.2035 0.08504355 0.0889664
0.204 0.08246877 0.08747353
0.2045 0.07995211 0.08586689
0.205 0.07749134 0.084121116
0.2055 0.07508461 0.082228564
0.206 0.07273028 0.08019326
0.2065 0.07042681 0.07802664
0.207 0.06817274 0.07574467
0.2075 0.06596665 0.07336615
0.208 0.06380717 0.07091111
0.2085 0.06169298 0.068399936
0.209 0.05962278 0.06585246
0.2095 0.05759535 0.06328769
0.21 0.05560946 0.060723033
0.2105 0.05366397 0.058174256
0.211 0.05175775 0.055655356
0.2115 0.0498897 0.0531783
0.212 0.0480588 0.05075311
0.2125 0.04626402 0.048387945
0.213 0.04450439 0.046089195
0.2135 0.04277897 0.043861516
0.214 0.04108686 0.041708108
0.2145 0.03942718 0.03963084
0.215 0.03779909 0.037630115
0.2155 0.03620178 0.03570574
0.216 0.03463447 0.03385632
0.2165 0.03309639 0.032079805
0.217 0.03158683 0.03037361
0.2175 0.03010507 0.028734725
0.218 0.02865044 0.027159646
0.2185 0.02722228 0.025644887
0.219 0.02581996 0.024186607
0.2195 0.02444286 0.022781037
0.22 0.0230904 0.021424275
0.2205 0.02176199 0.020112656
0.221 0.0204571 0.018842539
0.2215 0.01917517 0.017610356
0.222 0.01791569 0.016412891
0.2225 0.01667816 0.015247011
0.223 0.0154621 0.01410984
0.2235 0.01426702 0.012998627
0.224 0.01309247 0.011911043
0.2245 0.01193801 0.0108448425
0.225 0.0108032 0.009798051
0.2255 0.009687628 0.008768913
0.226 0.008590887 0.0077558653
0.2265 0.007512581 0.0067575956
0.227 0.006452326 0.005772964
0.2275 0.00540975 0.0048009316
0.228 0.004384489 0.0038407638
0.2285 0.003376191 0.0028917834
0.229 0.002384512 0.0019535075
0.2295 0.001409118 0.0010255023
0.23 0.0004496839 0.0001075312
0.2305 -0.0004941079 -0.0008006592
0.231 -0.001422566 -0.0016991228
0.2315 -0.002335991 -0.0025878877
0.232 -0.003234675 -0.0034668737
0.2325 -0.004118906 -0.0043360824
0.233 -0.004988962 -0.0051953224
0.2335 -0.005845115 -0.0060444074
0.234 -0.006687629 -0.0068831844
0.2345 -0.007516764 -0.007711456
0.235 -0.008332772 -0.008529044
0.2355 -0.0091359 -0.009335632
0.236 -0.009926389 -0.010131086
0.2365 -0.01070447 -0.010915185
0.237 -0.01147038 -0.011687725
0.2375 -0.01222434 -0.012448533
0.238 -0.01296657 -0.01319749
0.2385 -0.01369729 -0.013934444
0.239 -0.01441669 -0.014659257
0.2395 -0.01512499 -0.015371854
0.24 -0.01582239 -0.016072206
0.2405 -0.01650908 -0.01676023
0.241 -0.01718526 -0.017435987
0.2415 -0.01785111 -0.018099457
0.242 -0.01850681 -0.018750733
0.2425 -0.01915255 -0.019389872
0.243 -0.01978849 -0.02001701
0.2435 -0.02041482 -0.02063226
0.244 -0.02103169 -0.021235798
0.2445 -0.02163928 -0.021827815
0.245 -0.02223774 -0.0224085
0.2455 -0.02282723 -0.022978095
0.246 -0.0234079 -0.023536872
0.2465 -0.02397991 -0.024085073
0.247 -0.02454341 -0.024622992
0.2475 -0.02509853 -0.025150917
0.248 -0.02564543 -0.025669191
0.2485 -0.02618423 -0.02617811
0.249 -0.02671508 -0.026678033
0.2495 -0.02723811 -0.02716928
0.25 -0.02775345 -0.027652185
0.2505 -0.02826123 -0.028127104
0.251 -0.02876157 -0.028594404
0.2515 -0.02925459 -0.029054426
0.252 -0.02974043 -0.029507529
0.2525 -0.03021919 -0.029954042
0.253 -0.03069099 -0.030394316
0.2535 -0.03115595 -0.03082871
0.254 -0.03161418 -0.031257544
0.2545 -0.03206578 -0.031681146
0.255 -0.03251086 -0.032099802
0.2555 -0.03294954 -0.03251385
0.256 -0.03338191 -0.032923605
0.2565 -0.03380807 -0.033329315
0.257 -0.03422812 -0.033731278
0.2575 -0.03464217 -0.03412972
0.258 -0.0350503 -0.03452493
0.2585 -0.03545261 -0.034917135
0.259 -0.03584919 -0.035306536
0.2595 -0.03624014 -0.035693336
0.26 -0.03662554 -0.036077768
0.2605 -0.03700547 -0.03645998
0.261 -0.03738003 -0.036840137
0.2615 -0.0377493 -0.03721839
0.262 -0.03811336 -0.03759486
0.2625 -0.03847229 -0.03796969
0.263 -0.03882617 -0.038342994
0.2635 -0.03917508 -0.038714837
0.264 -0.0395191 -0.039085325
0.2645 -0.03985829 -0.03945449
0.265 -0.04019274 -0.039822403
0.2655 -0.04052252 -0.040189102
0.266 -0.0408477 -0.0405546
0.2665 -0.04116835 -0.040918924
0.267 -0.04148454 -0.041282084
0.2675 -0.04179633 -0.04164408
0.268 -0.04210379 -0.042004887
0.2685 -0.04240699 -0.042364445
0.269 -0.042706 -0.042722743
0.2695 -0.04300086 -0.04307974
0.27 -0.04329166 -0.043435402
0.2705 -0.04357844 -0.043789614
0.271 -0.04386127 -0.044142332
0.2715 -0.04414021 -0.044493478
0.272 -0.04441531 -0.04484298
0.2725 -0.04468663 -0.045190748
0.273 -0.04495423 -0.045536682
0.2735 -0.04521817 -0.045880686
0.274 -0.04547849 -0.04622267
0.2745 -0.04573525 -0.046562526
0.275 -0.0459885 -0.046900142
0.2755 -0.04623829 -0.0472354
0.276 -0.04648468 -0.047568206
0.2765 -0.04672772 -0.047898456
0.277 -0.04696744 -0.048225995
0.2775 -0.04720391 -0.04855079
0.278 -0.04743717 -0.048872646
0.2785 -0.04766726 -0.049191523
0.279 -0.04789423 -0.04950727
0.2795 -0.04811813 -0.049819786
0.28 -0.04833899 -0.050128978
0.2805 -0.04855688 -0.05043474
0.281 -0.04877182 -0.05073696
0.2815 -0.04898385 -0.051035553
0.282 -0.04919303 -0.05133042
0.2825 -0.04939939 -0.0516215
0.283 -0.04960298 -0.051908676
0.2835 -0.04980382 -0.052191883
0.284 -0.05000196 -0.05247105
0.2845 -0.05019745 -0.052746076
0.285 -0.05039031 -0.053016927
0.2855 -0.05058058 -0.05328352
0.286 -0.05076831 -0.053545836
0.2865 -0.05095352 -0.053803775
0.287 -0.05113625 -0.05405732
0.2875 -0.05131654 -0.05430643
0.288 -0.05149442 -0.05455106
0.2885 -0.05166993 -0.054791205
0.289 -0.0518431 -0.055026803
0.2895 -0.05201395 -0.05525786
0.29 -0.05218254 -0.055484362
0.2905 -0.05234887 -0.055706296
0.291 -0.052513 -0.055923652
0.2915 -0.05267494 -0.056136455
0.292 -0.05283473 -0.0563447
0.2925 -0.0529924 -0.056548376
0.293 -0.05314797 -0.05674753
0.2935 -0.05330148 -0.05694217
0.294 -0.05345296 -0.05713232
0.2945 -0.05360243 -0.05731802
0.295 -0.05374992 -0.05749929
0.2955 -0.05389547 -0.05767617
0.296 -0.05403908 -0.057848696
0.2965 -0.0541808 -0.058016926
0.297 -0.05432065 -0.058180887
0.2975 -0.05445865 -0.058340635
0.298 -0.05459483 -0.058496233
0.2985 -0.05472921 -0.058647733
0.299 -0.05486182 -0.058795184
0.2995 -0.05499269 -0.058938652
0.3 -0.05512183 -0.059078194
0.3005 -0.05524927 -0.059213873
0.301 -0.05537504 -0.059345756
0.3015 -0.05549916 -0.05947392
0.302 -0.05562164 -0.05959842
0.3025 -0.05574251 -0.059719335
0.303 -0.0558618 -0.05983672
0.3035 -0.05597952 -0.05995066
0.304 -0.0560957 -0.06006121
0.3045 -0.05621035 -0.06016845
0.305 -0.05632351 -0.060272448
0.3055 -0.05643518 -0.06037329
0.306 -0.05654539 -0.060471028
0.3065 -0.05665415 -0.060565744
0.307 -0.0567615 -0.060657512
0.3075 -0.05686744 -0.060746413
0.308 -0.05697199 -0.06083248
0.3085 -0.05707518 -0.060915824
0.309 -0.05717702 -0.0609965
0.3095 -0.05727754 -0.061074566
0.31 -0.05737674 -0.061150122
0.3105 -0.05747464 -0.061223198
0.311 -0.05757128 -0.061293874
0.3115 -0.05766665 -0.06136223
0.312 -0.05776077 -0.061428312
0.3125 -0.05785368 -0.061492205
0.313 -0.05794537 -0.06155396
0.3135 -0.05803587 -0.061613623
0.314 -0.05812519 -0.061671276
0.3145 -0.05821335 -0.061726984
0.315 -0.05830036 -0.06178079
0.3155 -0.05838625 -0.06183275
0.316 -0.05847101 -0.061882924
0.3165 -0.05855468 -0.061931368
0.317 -0.05863726 -0.061978128
0.3175 -0.05871877 -0.06202328
0.318 -0.05879922 -0.062066834
0.3185 -0.05887862 -0.062108878
0.319 -0.058957 -0.06214945
0.3195 -0.05903436 -0.06218859
0.32 -0.05911072 -0.06222635
0.3205 -0.05918609 -0.062262777
0.321 -0.05926048 -0.062297907
0.3215 -0.05933391 -0.062331785
0.322 -0.05940639 -0.062364448
0.3225 -0.05947793 -0.06239596
0.323 -0.05954855 -0.062426336
0.3235 -0.05961825 -0.062455613
0.324 -0.05968705 -0.06248384
0.3245 -0.05975496 -0.06251105
0.325 -0.05982199 -0.062537275
0.3255 -0.05988816 -0.06256254
0.326 -0.05995347 -0.062586896
0.3265 -0.06001794 -0.06261037
0.327 -0.06008158 -0.062632985
0.3275 -0.06014439 -0.06265477
0.328 -0.0602064 -0.06267577
0.3285 -0.0602676 -0.062695995
0.329 -0.06032802 -0.06271547
0.3295 -0.06038765 -0.06273424
0.33 -0.06044652 -0.062752314
0.3305 -0.06050463 -0.062769726
0.331 -0.06056199 -0.0627865
0.3315 -0.06061861 -0.06280264
0.332 -0.0606745 -0.0628182
0.3325 -0.06072968 -0.062833175
0.333 -0.06078414 -0.0628476
0.3335 -0.0608379 -0.06286149
0.334 -0.06089097 -0.06287486
0.3345 -0.06094335 -0.06288773
0.335 -0.06099506 -0.062900126
0.3355 -0.06104611 -0.06291206
0.336 -0.0610965 -0.062923536
0.3365 -0.06114624 -0.06293461
0.337 -0.06119535 -0.06294526
0.3375 -0.06124382 -0.06295551
0.338 -0.06129167 -0.06296537
0.3385 -0.0613389 -0.06297486
0.339 -0.06138553 -0.06298401
0.3395 -0.06143156 -0.06299282
0.34 -0.061477 -0.06300128
0.3405 -0.06152185 -0.063009426
0.341 -0.06156613 -0.06301727
0.3415 -0.06160984 -0.06302483
0.342 -0.06165299 -0.0630321
0.3425 -0.06169559 -0.06303909
0.343 -0.06173764 -0.063045815
0.3435 -0.06177915 -0.06305229
0.344 -0.06182013 -0.063058525
0.3445 -0.06186058 -0.06306453
0.345 -0.06190052 -0.063070305
0.3455 -0.06193994 -0.063075855
0.346 -0.06197886 -0.0630812
0.3465 -0.06201728 -0.06308634
0.347 -0.06205521 -0.06309129
0.3475 -0.06209265 -0.06309605
0.348 -0.06212961 -0.06310063
0.3485 -0.0621661 -0.06310504
0.349 -0.06220212 -0.06310928
0.3495 -0.06223768 -0.06311336
0.35 -0.06227279 -0.06311728
0.3505 -0.06230745 -0.06312107
0.351 -0.06234166 -0.06312471
0.3515 -0.06237543 -0.06312821
0.352 -0.06240878 -0.06313157
0.3525 -0.06244169 -0.063134804
0.353 -0.06247419 -0.063137926
0.3535 -0.06250627 -0.063140914
0.354 -0.06253794 -0.06314379
0.3545 -0.06256921 -0.063146584
0.355 -0.06260007 -0.06314925
0.3555 -0.06263055 -0.06315181
0.356 -0.06266063 -0.06315429
0.3565 -0.06269033 -0.063156664
0.357 -0.06271965 -0.063158944
0.3575 -0.06274859 -0.06316115
0.358 -0.06277717 -0.063163266
0.3585 -0.06280538 -0.06316531
0.359 -0.06283323 -0.063167244
0.3595 -0.06286072 -0.06316914
0.36 -0.06288786 -0.063170955
0.3605 -0.06291466 -0.0631727
0.361 -0.06294112 -0.063174374
0.3615 -0.06296723 -0.063175984
0.362 -0.06299302 -0.06317754
0.3625 -0.06301847 -0.06317903
0.363 -0.0630436 -0.06318047
0.3635 -0.06306842 -0.06318185
0.364 -0.06309291 -0.06318318
0.3645 -0.06311709 -0.06318445
0.365 -0.06314096 -0.063185684
0.3655 -0.06316453 -0.06318688
0.366 -0.0631878 -0.06318801
0.3665 -0.06321077 -0.063189104
0.367 -0.06323345 -0.06319016
0.3675 -0.06325584 -0.063191175
0.368 -0.06327795 -0.06319215
0.3685 -0.06329977 -0.06319308
0.369 -0.06332132 -0.063193984
0.3695 -0.06334259 -0.063194856
0.37 -0.06336359 -0.0631957
0.3705 -0.06338432 -0.063196495
0.371 -0.06340479 -0.06319727
0.3715 -0.063425 -0.06319801
0.372 -0.06344495 -0.06319872
0.3725 -0.06346464 -0.06319941
0.373 -0.06348409 -0.063200064
0.3735 -0.06350329 -0.063200705
0.374 -0.06352224 -0.063201316
0.3745 -0.06354096 -0.06320191
0.375 -0.06355943 -0.06320248
0.3755 -0.06357767 -0.06320302
0.376 -0.06359568 -0.06320354
0.3765 -0.06361346 -0.06320404
0.377 -0.06363101 -0.063204534
0.3775 -0.06364834 -0.06320499
0.378 -0.06366545 -0.06320544
0.3785 -0.06368234 -0.06320588
0.379 -0.06369902 -0.06320629
0.3795 -0.06371548 -0.06320669
0.38 -0.06373174 -0.063207075
0.3805 -0.06374779 -0.06320745
0.381 -0.06376363 -0.0632078
0.3815 -0.06377927 -0.06320814
0.382 -0.06379472 -0.06320847
0.3825 -0.06380997 -0.06320879
0.383 -0.06382502 -0.063209094
0.3835 -0.06383988 -0.06320938
0.384 -0.06385456 -0.06320966
0.3845 -0.06386905 -0.06320993
0.385 -0.06388335 -0.06321019
0.3855 -0.06389747 -0.06321045
0.386 -0.06391142 -0.06321069
0.3865 -0.06392518 -0.06321092
0.387 -0.06393877 -0.06321114
0.3875 -0.06395219 -0.06321136
0.388 -0.06396544 -0.06321156
0.3885 -0.06397852 -0.063211754
0.389 -0.06399143 -0.06321195
0.3895 -0.06400418 -0.06321214
0.39 -0.06401677 -0.06321231
0.3905 -0.0640292 -0.063212484
0.391 -0.06404147 -0.06321265
0.3915 -0.06405359 -0.063212804
0.392 -0.06406555 -0.06321295
0.3925 -0.06407736 -0.063213095
0.393 -0.06408902 -0.063213244
0.3935 -0.06410053 -0.06321338
0.394 -0.06411189 -0.06321351
0.3945 -0.06412311 -0.06321363
0.395 -0.06413419 -0.06321375
0.3955 -0.06414513 -0.06321386
0.396 -0.06415593 -0.06321398
0.3965 -0.0641666 -0.063214086
0.397 -0.06417712 -0.06321419
0.3975 -0.06418752 -0.06321428
0.398 -0.06419778 -0.06321438
0.3985 -0.06420791 -0.063214466
0.399 -0.06421792 -0.06321456
0.3995 -0.06422779 -0.063214645
0.4 -0.06423754 -0.06321472
0.4005 -0.06424717 -0.0632148
0.401 -0.06425668 -0.063214876
0.4015 -0.06426606 -0.06321495
0.402 -0.06427533 -0.06321502
0.4025 -0.06428448 -0.063215084
0.403 -0.06429351 -0.063215144
0.4035 -0.06430243 -0.0632152
0.404 -0.06431124 -0.06321526
0.4045 -0.06431993 -0.06321532
0.405 -0.06432852 -0.06321538
0.4055 -0.06433699 -0.063215435
0.406 -0.06434536 -0.06321548
0.4065 -0.06435362 -0.06321555
0.407 -0.06436178 -0.06321558
0.4075 -0.06436984 -0.06321562
0.408 -0.06437779 -0.063215666
0.4085 -0.06438564 -0.06321571
0.409 -0.06439339 -0.06321575
0.4095 -0.06440105 -0.063215785
0.41 -0.0644086 -0.06321582
0.4105 -0.06441607 -0.06321586
0.411 -0.06442343 -0.0632159
0.4115 -0.06443071 -0.063215934
0.412 -0.06443789 -0.063215956
0.4125 -0.06444498 -0.063215986
0.413 -0.06445198 -0.063216016
0.4135 -0.06445889 -0.06321604
0.414 -0.06446572 -0.06321606
0.4145 -0.06447246 -0.063216105
0.415 -0.06447911 -0.06321613
0.4155 -0.06448568 -0.06321616
0.416 -0.06449216 -0.06321617
0.4165 -0.06449857 -0.063216195
0.417 -0.06450489 -0.06321622
0.4175 -0.06451113 -0.06321624
0.418 -0.0645173 -0.06321627
0.4185 -0.06452338 -0.063216284
0.419 -0.06452939 -0.0632163
0.4195 -0.06453533 -0.06321631
0.42 -0.06454118 -0.063216336
0.4205 -0.06454697 -0.06321634
0.421 -0.06455268 -0.06321636
0.4215 -0.06455832 -0.06321638
0.422 -0.06456389 -0.063216396
0.4225 -0.06456938 -0.06321641
0.423 -0.06457481 -0.063216425
0.4235 -0.06458017 -0.06321644
0.424 -0.06458546 -0.063216455
0.4245 -0.06459068 -0.06321646
0.425 -0.06459584 -0.06321648
0.4255 -0.06460093 -0.063216485
0.426 -0.06460596 -0.06321649
0.4265 -0.06461093 -0.06321651
0.427 -0.06461583 -0.063216515
0.4275 -0.06462067 -0.06321652
0.428 -0.06462545 -0.06321654
0.4285 -0.06463017 -0.06321655
0.429 -0.06463483 -0.06321656
0.4295 -0.06463943 -0.06321657
0.43 -0.06464397 -0.063216574
0.4305 -0.06464846 -0.06321658
0.431 -0.06465288 -0.06321659
0.4315 -0.06465726 -0.0632166
0.432 -0.06466157 -0.0632166
0.4325 -0.06466584 -0.063216604
0.433 -0.06467004 -0.06321662
0.4335 -0.0646742 -0.06321663
0.434 -0.0646783 -0.06321663
0.4345 -0.06468235 -0.063216634
0.435 -0.06468635 -0.06321663
0.4355 -0.0646903 -0.063216634
0.436 -0.0646942 -0.06321664
0.4365 -0.06469805 -0.06321666
0.437 -0.06470185 -0.063216664
0.4375 -0.06470561 -0.063216664
0.438 -0.06470932 -0.063216664
0.4385 -0.06471297 -0.06321667
0.439 -0.06471659 -0.06321667
0.4395 -0.06472016 -0.06321668
0.44 -0.06472368 -0.06321668
0.4405 -0.06472716 -0.063216686
0.441 -0.06473059 -0.06321669
0.4415 -0.06473398 -0.06321669
0.442 -0.06473733 -0.06321669
0.4425 -0.06474064 -0.0632167
0.443 -0.0647439 -0.063216716
0.4435 -0.06474712 -0.06321672
0.444 -0.06475031 -0.06321672
0.4445 -0.06475345 -0.063216716
0.445 -0.06475655 -0.063216716
0.4455 -0.06475961 -0.063216716
0.446 -0.06476264 -0.063216716
0.4465 -0.06476563 -0.063216716
0.447 -0.06476857 -0.06321672
0.4475 -0.06477149 -0.063216716
0.448 -0.06477436 -0.06321672
0.4485 -0.0647772 -0.06321672
0.449 -0.06478 -0.06321672
0.4495 -0.06478277 -0.06321672
0.45 -0.0647855 -0.06321673
0.4505 -0.0647882 -0.06321673
0.451 -0.06479087 -0.06321673
0.4515 -0.0647935 -0.06321672
0.452 -0.06479609 -0.06321673
0.4525 -0.06479866 -0.06321673
0.453 -0.06480119 -0.06321674
0.4535 -0.06480369 -0.06321673
0.454 -0.06480616 -0.06321674
0.4545 -0.0648086 -0.06321674
0.455 -0.06481101 -0.06321674
0.4555 -0.06481338 -0.06321674
0.456 -0.06481573 -0.06321674
0.4565 -0.06481805 -0.063216746
0.457 -0.06482033 -0.063216746
0.4575 -0.06482259 -0.063216746
0.458 -0.06482482 -0.063216746
0.4585 -0.06482703 -0.063216746
0.459 -0.0648292 -0.063216746
0.4595 -0.06483135 -0.063216746
0.46 -0.06483347 -0.063216746
0.4605 -0.06483556 -0.063216746
0.461 -0.06483763 -0.063216746
0.4615 -0.06483967 -0.063216746
0.462 -0.06484169 -0.063216746
0.4625 -0.06484368 -0.063216746
0.463 -0.06484564 -0.063216746
0.4635 -0.06484758 -0.063216746
0.464 -0.0648495 -0.063216746
0.4645 -0.06485139 -0.063216746
0.465 -0.06485326 -0.063216746
0.4655 -0.0648551 -0.063216746
0.466 -0.06485692 -0.063216746
0.4665 -0.06485872 -0.063216746
0.467 -0.06486049 -0.063216746
0.4675 -0.06486225 -0.063216746
0.468 -0.06486398 -0.063216746
0.4685 -0.06486569 -0.063216746
0.469 -0.06486738 -0.063216746
0.4695 -0.06486904 -0.063216746
0.47 -0.06487069 -0.063216746
0.4705 -0.06487231 -0.063216746
0.471 -0.06487392 -0.063216746
0.4715 -0.0648755 -0.063216746
0.472 -0.06487706 -0.063216746
0.4725 -0.06487861 -0.063216746
0.473 -0.06488013 -0.063216746
0.4735 -0.06488164 -0.063216746
0.474 -0.06488313 -0.063216746
0.4745 -0.06488459 -0.063216746
0.475 -0.06488604 -0.063216746
0.4755 -0.06488748 -0.063216746
0.476 -0.06488889 -0.063216746
0.4765 -0.06489028 -0.063216746
0.477 -0.06489166 -0.063216746
0.4775 -0.06489302 -0.063216746
0.478 -0.06489437 -0.063216746
0.4785 -0.06489569 -0.063216746
0.479 -0.064897 -0.063216746
0.4795 -0.0648983 -0.063216746
0.48 -0.06489957 -0.063216746
0.4805 -0.06490084 -0.063216746
0.481 -0.06490208 -0.063216746
0.4815 -0.06490331 -0.063216746
0.482 -0.06490452 -0.063216746
0.4825 -0.06490572 -0.063216746
0.483 -0.06490691 -0.063216746
0.4835 -0.06490808 -0.063216746
0.484 -0.06490923 -0.063216746
0.4845 -0.06491037 -0.063216746
0.485 -0.06491149 -0.063216746
0.4855 -0.06491261 -0.063216746
0.486 -0.0649137 -0.063216746
0.4865 -0.06491479 -0.063216746
0.487 -0.06491586 -0.063216746
0.4875 -0.06491691 -0.063216746
0.488 -0.06491795 -0.063216746
0.4885 -0.06491898 -0.063216746
0.489 -0.06492 -0.063216746
0.4895 -0.06492101 -0.063216746
0.49 -0.064922 -0.063216746
0.4905 -0.06492298 -0.063216746
0.491 -0.06492394 -0.063216746
0.4915 -0.0649249 -0.063216746
0.492 -0.06492584 -0.063216746
0.4925 -0.06492677 -0.063216746
0.493 -0.06492769 -0.063216746
0.4935 -0.0649286 -0.063216746
0.494 -0.06492949 -0.063216746
0.4945 -0.06493038 -0.063216746
0.495 -0.06493125 -0.063216746
0.4955 -0.06493211 -0.063216746
0.496 -0.06493297 -0.063216746
0.4965 -0.06493381 -0.063216746
0.497 -0.06493464 -0.063216746
0.4975 -0.06493546 -0.063216746
0.498 -0.06493627 -0.063216746
0.4985 -0.06493707 -0.063216746
0.499 -0.06493786 -0.063216746
0.4995 -0.06493864 -0.063216746
