0.0 -0.065 -0.082102366
0.0005 -0.06482396 -0.0898711
0.001 -0.06460681 -0.08761797
0.0015 -0.06439253 -0.08101014
0.002 -0.06416969 -0.072625555
0.0025 -0.06393222 -0.06387133
0.003 -0.06367738 -0.055711217
0.0035 -0.06340408 -0.048821665
0.004 -0.06311883 -0.043531574
0.0045 -0.0628243 -0.039814062
0.005 -0.06251953 -0.037404574
0.0055 -0.06220176 -0.035957612
0.006 -0.06187532 -0.035156317
0.0065 -0.06154219 -0.034755953
0.007 -0.06114835 -0.034586854
0.0075 -0.06072725 -0.034538813
0.008 -0.06032206 -0.03454406
0.0085 -0.05993121 -0.034562685
0.009 -0.05955011 -0.03457234
0.0095 -0.05917502 -0.034561343
0.01 -0.0588032 -0.03452445
0.0105 -0.05843271 -0.034459747
0.011 -0.05806218 -0.0343676
0.0115 -0.05769071 -0.034249254
0.012 -0.0573177 -0.03410641
0.0125 -0.05694279 -0.03394098
0.013 -0.0565658 -0.033754863
0.0135 -0.05618668 -0.033549912
0.014 -0.05580538 -0.033327855
0.0145 -0.05542174 -0.03309015
0.015 -0.05503602 -0.032838292
0.0155 -0.05464856 -0.03257347
0.016 -0.05425962 -0.032296844
0.0165 -0.05386941 -0.03200949
0.017 -0.05347814 -0.0317123
0.0175 -0.05308597 -0.03140623
0.018 -0.0526931 -0.031092025
0.0185 -0.0523017 -0.030770369
0.019 -0.05191735 -0.030441888
0.0195 -0.05153236 -0.030107208
0.02 -0.05114538 -0.029766805
0.0205 -0.05075676 -0.029421337
0.021 -0.05036698 -0.02907119
0.0215 -0.04997651 -0.02871675
0.022 -0.04958576 -0.028358407
0.0225 -0.04919505 -0.027996607
0.023 -0.04880469 -0.027631588
0.0235 -0.04841491 -0.027263768
0.024 -0.04802593 -0.026893325
0.0245 -0.04763792 -0.026520617
0.025 -0.04725114 -0.026145943
0.0255 -0.04686914 -0.02576948
0.026 -0.046488 -0.025391497
0.0265 -0.0461071 -0.025012173
0.027 -0.04572711 -0.024631746
0.0275 -0.04534836 -0.024250336
0.028 -0.04497107 -0.02386839
0.0285 -0.04459803 -0.023485817
0.029 -0.04423187 -0.023102827
0.0295 -0.04386624 -0.02271963
0.03 -0.04350069 -0.022336371
0.0305 -0.04313565 -0.021953143
0.031 -0.04277537 -0.021570064
0.0315 -0.04241758 -0.021187373
0.032 -0.04205956 -0.020805128
0.0325 -0.0417021 -0.02042342
0.033 -0.04134578 -0.020042397
0.0335 -0.04099094 -0.019662209
0.034 -0.04063783 -0.019282915
0.0345 -0.04028665 -0.018904544
0.035 -0.03993754 -0.018527247
0.0355 -0.03959062 -0.018151172
0.036 -0.03924597 -0.017776288
0.0365 -0.03890368 -0.017402776
0.037 -0.0385638 -0.017030694
0.0375 -0.03822638 -0.016660012
0.038 -0.03789141 -0.01629091
0.0385 -0.03755882 -0.015923478
0.039 -0.03722869 -0.015557624
0.0395 -0.03690107 -0.015193589
0.04 -0.03657601 -0.014831342
0.0405 -0.03625341 -0.014470972
0.041 -0.035933 -0.01411242
0.0415 -0.03561372 -0.013755895
0.042 -0.03529664 -0.013401337
0.0425 -0.03498256 -0.013048746
0.043 -0.03467163 -0.0126983
0.0435 -0.03436383 -0.012349971
0.044 -0.03405903 -0.012003757
0.0445 -0.03375793 -0.011659689
0.045 -0.03346838 -0.011317976
0.0455 -0.03318124 -0.010978498
0.046 -0.03289412 -0.0106412545
0.0465 -0.0326075 -0.010306247
0.047 -0.0323219 -0.009973623
0.0475 -0.03203772 -0.009643413
0.048 -0.03175524 -0.009315558
0.0485 -0.03147468 -0.008990116
0.049 -0.03119618 -0.008667029
0.0495 -0.03091988 -0.008346386
0.05 -0.03064585 -0.014913358
0.0505 -0.03053062 -0.020841904
0.051 -0.03044504 -0.026242025
0.0515 -0.03035725 -0.03117571
0.052 -0.03027783 -0.035679825
0.0525 -0.03021004 -0.03977812
0.053 -0.0301545 -0.04348702
0.0535 -0.03011084 -0.046819426
0.054 -0.0300784 -0.049786605
0.0545 -0.03005645 -0.052399494
0.055 -0.03004421 -0.05466888
0.0555 -0.03004099 -0.056606658
0.056 -0.03004611 -0.0582254
0.0565 -0.03005895 -0.059539147
0.057 -0.03007893 -0.060563095
0.0575 -0.03010551 -0.061314173
0.058 -0.03013818 -0.06181077
0.0585 -0.03017647 -0.06207291
0.059 -0.03021997 -0.062121816
0.0595 -0.03026825 -0.061979048
0.06 -0.03032094 -0.0616652
0.0605 -0.0303777 -0.061196707
0.061 -0.03043819 -0.06058102
0.0615 -0.03050211 -0.059808172
0.062 -0.03056919 -0.05883915
0.0625 -0.03063915 -0.057591118
0.063 -0.03071174 -0.05592508
0.0635 -0.03078675 -0.05364638
0.064 -0.03086394 -0.050532527
0.0645 -0.03094313 -0.046395995
0.065 -0.03102413 -0.04116548
0.0655 -0.03110675 -0.034948833
0.066 -0.03119084 -0.028039545
0.0665 -0.03127624 -0.020860739
0.067 -0.03136282 -0.01387319
0.0675 -0.03145043 -0.007484898
0.068 -0.03153895 -0.0019910038
0.0685 -0.03162828 0.0024473816
0.069 -0.03171828 0.0057919696
0.0695 -0.03180888 0.0080972165
0.07 -0.03189996 0.009475537
0.0705 -0.03199145 0.010066282
0.071 -0.03208326 0.010013308
0.0715 -0.03217531 0.009450853
0.072 -0.03226752 0.008496497
0.0725 -0.03235984 0.0072488785
0.073 -0.0324522 0.005788356
0.0735 -0.03254453 0.004178982
0.074 -0.03263679 0.0024710596
0.0745 -0.03272892 0.00070369616
0.075 -0.03282088 -0.0010930002
0.0755 -0.03291262 -0.00289594
0.076 -0.0330041 -0.004687585
0.0765 -0.03309528 -0.006454684
0.077 -0.03318612 -0.0081873685
0.0775 -0.0332766 -0.009878349
0.078 -0.03336668 -0.0115223825
0.0785 -0.03345634 -0.013115823
0.079 -0.03354554 -0.014656298
0.0795 -0.03363426 -0.016142365
0.08 -0.03372248 -0.017573379
0.0805 -0.03381019 -0.018949274
0.081 -0.03389735 -0.02027046
0.0815 -0.03398396 -0.021537697
0.082 -0.03406999 -0.022752035
0.0825 -0.03415544 -0.023914732
0.083 -0.03424028 -0.025027175
0.0835 -0.03432452 -0.026090872
0.084 -0.03440813 -0.027107421
0.0845 -0.03449111 -0.028078433
0.085 -0.03457344 -0.02900557
0.0855 -0.03465512 -0.029890487
0.086 -0.03473615 -0.030734826
0.0865 -0.03481652 -0.031540222
0.087 -0.03489621 -0.03230827
0.0875 -0.03497524 -0.033040524
0.088 -0.03505359 -0.03373851
0.0885 -0.03513125 -0.034403715
0.089 -0.03520824 -0.035037573
0.0895 -0.03528454 -0.035641454
0.09 -0.03536016 -0.036216713
0.0905 -0.03543509 -0.036764637
0.091 -0.03550933 -0.03728645
0.0915 -0.03558288 -0.03778334
0.092 -0.03565575 -0.038256474
0.0925 -0.03572794 -0.03870693
0.093 -0.03579943 -0.039135765
0.0935 -0.03587025 -0.03954399
0.094 -0.03594038 -0.039932556
0.0945 -0.03600984 -0.04030238
0.095 -0.03607862 -0.040654354
0.0955 -0.03614672 -0.040989332
0.096 -0.03621415 -0.041308098
0.0965 -0.03628092 -0.041611426
0.097 -0.03634702 -0.041900054
0.0975 -0.03641246 -0.042174675
0.098 -0.03647724 -0.042435966
0.0985 -0.03654136 -0.042684563
0.099 -0.03660484 -0.042921066
0.0995 -0.03666767 -0.04314606
0.1 -0.03672986 -0.03784568
0.1005 -0.01898378 -0.026242636
0.101 -0.003245061 -0.012368269
0.1015 0.008541162 0.0021517202
0.102 0.01883061 0.016590334
0.1025 0.02843452 0.03060972
0.103 0.03757525 0.044056557
0.1035 0.04634292 0.056870215
0.104 0.05478804 0.069038056
0.1045 0.06292093 0.08057245
0.105 0.07072682 0.091498666
0.1055 0.07825405 0.10184803
0.106 0.0855334 0.111654215
0.1065 0.09257695 0.12095078
0.107 0.09939776 0.12977064
0.1075 0.1060042 0.13814494
0.108 0.1124037 0.1461029
0.1085 0.1186041 0.15367201
0.109 0.124607 0.16087753
0.1095 0.13042 0.16774297
0.11 0.136058 0.17428994
0.1105 0.1415284 0.18053854
0.111 0.1468377 0.18650723
0.1115 0.1519921 0.19221312
0.112 0.1569973 0.19767201
0.1125 0.161859 0.2028985
0.113 0.1665831 0.2079061
0.1135 0.1711571 0.21270722
0.114 0.1754161 0.21731359
0.1145 0.1795716 0.22173595
0.115 0.183667 0.22598433
0.1155 0.1876963 0.23006809
0.116 0.1916522 0.23399585
0.1165 0.1955297 0.23777568
0.117 0.1991202 0.24141526
0.1175 0.2025954 0.24492168
0.118 0.2060529 0.24830145
0.1185 0.209471 0.25156093
0.119 0.2128448 0.25470573
0.1195 0.2161737 0.2577415
0.12 0.2192247 0.26067322
0.1205 0.2221949 0.26350576
0.121 0.2251646 0.26624364
0.1215 0.2281306 0.26889122
0.122 0.2310801 0.2714525
0.1225 0.234 0.2739312
0.123 0.2368802 0.27633113
0.1235 0.2397149 0.27865553
0.124 0.2424791 0.2809074
0.1245 0.2451367 0.28309017
0.125 0.2477306 0.28520662
0.1255 0.2502579 0.2872594
0.126 0.2527374 0.28925115
0.1265 0.2551479 0.2911843
0.127 0.2575051 0.29306132
0.1275 0.2598317 0.29488432
0.128 0.2621304 0.2966553
0.1285 0.2643982 0.2983765
0.129 0.2666319 0.30004966
0.1295 0.268829 0.30167675
0.13 0.2709875 0.30325937
0.1305 0.2731066 0.3047992
0.131 0.2751855 0.3062979
0.1315 0.2772169 0.30775702
0.132 0.2791835 0.30917782
0.1325 0.2810658 0.3105619
0.133 0.2828878 0.3119104
0.1335 0.2846845 0.31322455
0.134 0.2864639 0.31450576
0.1345 0.2882242 0.315755
0.135 0.2899577 0.3169735
0.1355 0.2916275 0.3181622
0.136 0.2932595 0.3193223
0.1365 0.2948738 0.32045448
0.137 0.296473 0.3215599
0.1375 0.2980541 0.32263947
0.138 0.2996145 0.32369393
0.1385 0.301153 0.32472426
0.139 0.3026685 0.32573116
0.1395 0.3041599 0.3267153
0.14 0.3056257 0.3276775
0.1405 0.3070661 0.3286184
0.141 0.3084817 0.32953882
0.1415 0.3098727 0.33043945
0.142 0.3112396 0.33132052
0.1425 0.3125823 0.33218306
0.143 0.3139011 0.33302748
0.1435 0.3151964 0.3338542
0.144 0.3164686 0.33466405
0.1445 0.3177183 0.33545756
0.145 0.318942 0.3362348
0.1455 0.3200789 0.33699673
0.146 0.3211325 0.33774352
0.1465 0.3221699 0.33847576
0.147 0.3232128 0.33919394
0.1475 0.3242594 0.33989823
0.148 0.3252761 0.34058905
0.1485 0.326238 0.3412671
0.149 0.3271883 0.34193254
0.1495 0.3281491 0.34258574
0.15 0.3291186 0.33670288
0.1505 0.3179796 0.33108288
0.151 0.3081639 0.3257128
0.1515 0.3011257 0.32058012
0.152 0.2951689 0.3156734
0.1525 0.2897016 0.31098133
0.153 0.2845522 0.30649334
0.1535 0.2796647 0.30219966
0.154 0.2750133 0.29809082
0.1545 0.2705812 0.2941578
0.155 0.2663543 0.2903921
0.1555 0.2623203 0.2867859
0.156 0.2584678 0.2833314
0.1565 0.2547863 0.2800213
0.157 0.2512572 0.27684885
0.1575 0.2478653 0.2738076
0.158 0.2446155 0.27089125
0.1585 0.2415038 0.26809394
0.159 0.2385234 0.26541018
0.1595 0.2356673 0.26283473
0.16 0.2329288 0.2603625
0.1605 0.2303017 0.25798857
0.161 0.2277799 0.25570863
0.1615 0.2253578 0.25351828
0.162 0.2230303 0.25141352
0.1625 0.2207923 0.2493903
0.163 0.2186391 0.24744499
0.1635 0.2165662 0.24557406
0.164 0.2145696 0.24377394
0.1645 0.2126456 0.24204165
0.165 0.2107905 0.24037415
0.1655 0.2090009 0.23876834
0.166 0.2072737 0.23722154
0.1665 0.2056054 0.23573112
0.167 0.2039931 0.23429447
0.1675 0.2024342 0.23290932
0.168 0.2009266 0.23157316
0.1685 0.199468 0.23028386
0.169 0.1980562 0.22903925
0.1695 0.1966893 0.22783738
0.17 0.1953653 0.22667634
0.1705 0.1940822 0.22555435
0.171 0.1928384 0.22446948
0.1715 0.1916323 0.22342008
0.172 0.1904621 0.2224046
0.1725 0.1893266 0.22142136
0.173 0.1882242 0.22046912
0.1735 0.1871536 0.21954608
0.174 0.1861136 0.21865118
0.1745 0.1851029 0.21778303
0.175 0.1841205 0.21694058
0.1755 0.1831652 0.21612239
0.176 0.182236 0.21532726
0.1765 0.1813319 0.21455431
0.177 0.1804521 0.21380246
0.1775 0.1795956 0.21307069
0.178 0.1787615 0.21235794
0.1785 0.1779491 0.21166342
0.179 0.1771577 0.2109862
0.1795 0.1763864 0.21032548
0.18 0.1756346 0.20968044
0.1805 0.1749016 0.20905024
0.181 0.1741869 0.20843428
0.1815 0.1734896 0.20783186
0.182 0.1728094 0.20724201
0.1825 0.1721457 0.20666456
0.183 0.1714978 0.20609868
0.1835 0.1708654 0.20554376
0.184 0.1702478 0.20499945
0.1845 0.1696447 0.20446491
0.185 0.1690556 0.20393991
0.1855 0.1684801 0.20342386
0.186 0.1679177 0.20291644
0.1865 0.1673681 0.2024172
0.187 0.1668309 0.2019257
0.1875 0.1663056 0.20144147
0.188 0.1657921 0.20096421
0.1885 0.1652899 0.2004937
0.189 0.1647986 0.20002937
0.1895 0.1643181 0.19957125
0.19 0.1638479 0.19911873
0.1905 0.1633879 0.1986717
0.191 0.1629376 0.19822991
0.1915 0.1624969 0.19779307
0.192 0.1620655 0.19736105
0.1925 0.1616431 0.19693351
0.193 0.1612295 0.19651043
0.1935 0.1608245 0.19609153
0.194 0.1604278 0.1956765
0.1945 0.1600392 0.19526547
0.195 0.1596586 0.19485813
0.1955 0.1592856 0.19445425
0.196 0.1589201 0.19405383
0.1965 0.158562 0.19365674
0.197 0.158211 0.19326288
0.1975 0.1578669 0.19287217
0.198 0.1575297 0.19248438
0.1985 0.157199 0.19209957
0.199 0.1568748 0.1917175
0.1995 0.1565569 0.1913383
0.2 0.1562452 0.1899488
0.2005 0.1559217 0.18860394
0.201 0.1555915 0.18730193
0.2015 0.1552644 0.18604082
0.202 0.1549396 0.18481892
0.2025 0.1546168 0.18363452
0.203 0.1542955 0.18248606
0.2035 0.1539757 0.18137199
0.204 0.1536573 0.18029088
0.2045 0.1533403 0.17924154
0.205 0.1530245 0.17822242
0.2055 0.15271 0.1772325
0.206 0.1523968 0.17627043
0.2065 0.1520849 0.17533511
0.207 0.1517742 0.17442542
0.2075 0.1514648 0.17354041
0.208 0.1511566 0.17267913
0.2085 0.1508497 0.17184055
0.209 0.1505441 0.17102373
0.2095 0.1502397 0.17022794
0.21 0.1499366 0.16945231
0.2105 0.1496347 0.1686961
0.211 0.1493342 0.16795862
0.2115 0.1490349 0.16723913
0.212 0.1487369 0.16653705
0.2125 0.1484402 0.16585135
0.213 0.1481449 0.16518193
0.2135 0.1478508 0.1645279
0.214 0.1475582 0.16388887
0.2145 0.1472668 0.16326427
0.215 0.1469769 0.16265357
0.2155 0.1466883 0.16205627
0.216 0.1464011 0.16147214
0.2165 0.1461153 0.16090041
0.217 0.145831 0.16034096
0.2175 0.1455481 0.1597932
0.218 0.1452666 0.15925694
0.2185 0.1449866 0.15873164
0.219 0.1447081 0.15821707
0.2195 0.1444311 0.1577127
0.22 0.1441556 0.15721858
0.2205 0.1438816 0.15673405
0.221 0.1436091 0.15625906
0.2215 0.1433382 0.15579331
0.222 0.1430688 0.15533632
0.2225 0.142801 0.15488803
0.223 0.1425348 0.15444827
0.2235 0.1422702 0.15401673
0.224 0.1420072 0.15359312
0.2245 0.1417458 0.15317732
0.225 0.141486 0.15276915
0.2255 0.1412279 0.15236819
0.226 0.1409714 0.15197456
0.2265 0.1407166 0.15158796
0.227 0.1404634 0.15120816
0.2275 0.1402119 0.15083516
0.228 0.1399621 0.15046865
0.2285 0.139714 0.15010852
0.229 0.1394675 0.1497547
0.2295 0.1392228 0.14940679
0.23 0.1389798 0.14906496
0.2305 0.1387384 0.1487289
0.231 0.1384988 0.14839858
0.2315 0.138261 0.14807385
0.232 0.1380248 0.14775461
0.2325 0.1377904 0.14744061
0.233 0.1375577 0.14713198
0.2335 0.1373267 0.14682841
0.234 0.1370975 0.1465298
0.2345 0.1368701 0.14623618
0.235 0.1366443 0.14594734
0.2355 0.1364203 0.14566338
0.236 0.1361981 0.14538395
0.2365 0.1359776 0.14510912
0.237 0.1357589 0.14483881
0.2375 0.1355419 0.14457273
0.238 0.1353266 0.14431107
0.2385 0.1351131 0.14405364
0.239 0.1349013 0.14380026
0.2395 0.1346913 0.14355093
0.24 0.134483 0.1433056
0.2405 0.1342764 0.14306426
0.241 0.1340716 0.14282691
0.2415 0.1338685 0.1425932
0.242 0.1336671 0.14236325
0.2425 0.1334675 0.14213699
0.243 0.1332695 0.14191431
0.2435 0.1330733 0.14169514
0.244 0.1328788 0.14147949
0.2445 0.132686 0.14126724
0.245 0.1324949 0.14105827
0.2455 0.1323055 0.14085269
0.246 0.1321177 0.14065033
0.2465 0.1319317 0.1404512
0.247 0.1317473 0.14025515
0.2475 0.1315646 0.14006233
0.248 0.1313836 0.13987249
0.2485 0.1312042 0.13968569
0.249 0.1310265 0.13950181
0.2495 0.1308504 0.13932073
0.25 0.1306759 0.13914257
0.2505 0.1305031 0.13896722
0.251 0.1303319 0.1387946
0.2515 0.1301623 0.13862467
0.252 0.1299943 0.1384573
0.2525 0.1298279 0.13829279
0.253 0.129663 0.13813078
0.2535 0.1294998 0.13797116
0.254 0.1293381 0.13781422
0.2545 0.129178 0.13765967
0.255 0.1290195 0.13750756
0.2555 0.1288624 0.13735777
0.256 0.1287069 0.13721037
0.2565 0.128553 0.13706535
0.257 0.1284005 0.1369226
0.2575 0.1282496 0.13678205
0.258 0.1281001 0.13664371
0.2585 0.1279522 0.13650751
0.259 0.1278057 0.13637346
0.2595 0.1276607 0.13624156
0.26 0.1275171 0.13611168
0.2605 0.127375 0.13598382
0.261 0.1272343 0.135858
0.2615 0.127095 0.13573414
0.262 0.1269572 0.13561219
0.2625 0.1268208 0.13549227
0.263 0.1266857 0.13537407
0.2635 0.1265521 0.13525778
0.264 0.1264198 0.13514334
0.2645 0.1262889 0.13503075
0.265 0.1261593 0.13491982
0.2655 0.1260311 0.13481063
0.266 0.1259042 0.13470316
0.2665 0.1257786 0.13459736
0.267 0.1256544 0.13449329
0.2675 0.1255314 0.13439089
0.268 0.1254098 0.13428998
0.2685 0.1252894 0.13419062
0.269 0.1251703 0.13409293
0.2695 0.1250525 0.13399673
0.27 0.1249359 0.13390195
0.2705 0.1248205 0.13380879
0.271 0.1247064 0.13371706
0.2715 0.1245935 0.1336267
0.272 0.1244818 0.13353777
0.2725 0.1243713 0.13345027
0.273 0.124262 0.13336414
0.2735 0.1241539 0.13327938
0.274 0.1240469 0.13319594
0.2745 0.1239411 0.13311374
0.275 0.1238364 0.13303286
0.2755 0.1237329 0.13295335
0.276 0.1236305 0.13287497
0.2765 0.1235292 0.13279778
0.277 0.1234291 0.1327219
0.2775 0.12333 0.13264704
0.278 0.123232 0.13257343
0.2785 0.1231351 0.13250095
0.279 0.1230392 0.13242972
0.2795 0.1229444 0.1323595
0.28 0.1228507 0.13229042
0.2805 0.122758 0.13222247
0.281 0.1226663 0.13215554
0.2815 0.1225756 0.13208967
0.282 0.122486 0.13202477
0.2825 0.1223973 0.13196087
0.283 0.1223096 0.13189805
0.2835 0.1222229 0.13183612
0.284 0.1221372 0.1317752
0.2845 0.1220524 0.1317153
0.285 0.1219686 0.13165629
0.2855 0.1218858 0.13159817
0.286 0.1218038 0.13154101
0.2865 0.1217228 0.13148469
0.287 0.1216427 0.1314292
0.2875 0.1215635 0.13137478
0.288 0.1214852 0.13132101
0.2885 0.1214078 0.13126808
0.289 0.1213312 0.13121611
0.2895 0.1212556 0.13116485
0.29 0.1211807 0.13111436
0.2905 0.1211068 0.13106471
0.291 0.1210337 0.13101584
0.2915 0.1209614 0.13096768
0.292 0.1208899 0.13092029
0.2925 0.1208193 0.13087362
0.293 0.1207494 0.13082767
0.2935 0.1206804 0.13078243
0.294 0.1206122 0.13073802
0.2945 0.1205447 0.13069415
0.295 0.120478 0.130651
0.2955 0.1204121 0.1306085
0.296 0.120347 0.13056666
0.2965 0.1202825 0.13052553
0.297 0.1202189 0.13048494
0.2975 0.120156 0.13044506
0.298 0.1200938 0.13040578
0.2985 0.1200323 0.1303671
0.299 0.1199715 0.13032901
0.2995 0.1199115 0.13029158
0.3 0.1198521 0.12828875
0.3005 0.1141057 0.12586772
0.301 0.1090337 0.12317514
0.3015 0.1051201 0.12032067
0.302 0.1016082 0.11738377
0.3025 0.09826759 0.114420764
0.303 0.09503791 0.11147069
0.3035 0.09190096 0.10856011
0.304 0.08884923 0.105706714
0.3045 0.08587825 0.102922074
0.305 0.08298465 0.10021325
0.3055 0.08016548 0.09758424
0.306 0.07741807 0.09503692
0.3065 0.07473988 0.09257155
0.307 0.07212852 0.090187185
0.3075 0.06958169 0.08788227
0.308 0.06709719 0.08565437
0.3085 0.06467292 0.083500735
0.309 0.06230685 0.08141827
0.3095 0.05999705 0.07940342
0.31 0.05774167 0.07745247
0.3105 0.05553891 0.075561725
0.311 0.05338709 0.073727004
0.3115 0.05128455 0.07194423
0.312 0.04922975 0.07020902
0.3125 0.04722116 0.06851717
0.313 0.04525737 0.066864304
0.3135 0.04333699 0.06524604
0.314 0.04145869 0.06365802
0.3145 0.03962122 0.062095992
0.315 0.03782336 0.06055569
0.3155 0.03606394 0.05903297
0.316 0.03434184 0.05752378
0.3165 0.03265599 0.056024216
0.317 0.03100536 0.054530643
0.3175 0.02938896 0.053039573
0.318 0.02780583 0.05154767
0.3185 0.02625507 0.05005195
0.319 0.02473578 0.048549615
0.3195 0.02324712 0.047038265
0.32 0.02178828 0.045515694
0.3205 0.02035846 0.043979906
0.321 0.01895692 0.0424295
0.3215 0.01758291 0.04086324
0.322 0.01623575 0.03928011
0.3225 0.01491473 0.037679754
0.323 0.01361922 0.036061786
0.3235 0.01234858 0.03442628
0.324 0.01110219 0.032773755
0.3245 0.009879457 0.031104825
0.325 0.008679818 0.029420517
0.3255 0.007502716 0.027722128
0.326 0.006347614 0.026011087
0.3265 0.005213994 0.024289124
0.327 0.004101354 0.02255819
0.3275 0.003009208 0.020820357
0.328 0.001937083 0.01907789
0.3285 0.0008845229 0.017333142
0.329 -0.0001489161 0.015588574
0.3295 -0.001163664 0.013846748
0.33 -0.002160139 0.012110181
0.3305 -0.003138745 0.010381512
0.331 -0.004099876 0.008663289
0.3315 -0.005043915 0.00695806
0.332 -0.005971233 0.005268298
0.3325 -0.006882191 0.0035964176
0.333 -0.00777714 0.0019447282
0.3335 -0.008656421 0.00031549484
0.334 -0.009520366 -0.0012892708
0.3345 -0.0103693 -0.002867587
0.335 -0.01120353 -0.0044176206
0.3355 -0.01202337 -0.0059377328
0.336 -0.01282912 -0.007426478
0.3365 -0.01362106 -0.008882478
0.337 -0.01439948 -0.01030457
0.3375 -0.01516465 -0.011691786
0.338 -0.01591684 -0.01304324
0.3385 -0.01665632 -0.01435826
0.339 -0.01738333 -0.015636362
0.3395 -0.01809813 -0.016877107
0.34 -0.01880096 -0.018080331
0.3405 -0.01949205 -0.019245915
0.341 -0.02017164 -0.020373903
0.3415 -0.02083995 -0.021464437
0.342 -0.0214972 -0.022517808
0.3425 -0.0221436 -0.023534365
0.343 -0.02277937 -0.024514578
0.3435 -0.0234047 -0.025459036
0.344 -0.0240198 -0.026368327
0.3445 -0.02462486 -0.02724316
0.345 -0.02522007 -0.02808427
0.3455 -0.02580562 -0.028892457
0.346 -0.02638169 -0.029668592
0.3465 -0.02694846 -0.030413516
0.347 -0.02750609 -0.031128146
0.3475 -0.02805477 -0.031813376
0.348 -0.02859465 -0.032470196
0.3485 -0.02912589 -0.033099495
0.349 -0.02964867 -0.033702247
0.3495 -0.03016312 -0.034279406
0.35 -0.0306694 -0.034831867
0.3505 -0.03116767 -0.03536062
0.351 -0.03165806 -0.035866514
0.3515 -0.03214072 -0.036350474
0.352 -0.03261578 -0.03681343
0.3525 -0.03308338 -0.03725615
0.353 -0.03354366 -0.037679546
0.3535 -0.03399674 -0.038084395
0.354 -0.03444275 -0.038471535
0.3545 -0.03488182 -0.038841695
0.355 -0.03531407 -0.039195627
0.3555 -0.03573961 -0.039534025
0.356 -0.03615857 -0.039857604
0.3565 -0.03657106 -0.040167004
0.357 -0.0369772 -0.04046289
0.3575 -0.03737708 -0.040745847
0.358 -0.03777082 -0.041016452
0.3585 -0.03815853 -0.041275315
0.359 -0.0385403 -0.04152292
0.3595 -0.03891625 -0.041759796
0.36 -0.03928646 -0.04198643
0.3605 -0.03965105 -0.04220327
0.361 -0.04001009 -0.042410813
0.3615 -0.04036369 -0.04260944
0.362 -0.04071193 -0.04279957
0.3625 -0.04105492 -0.04298158
0.363 -0.04139273 -0.04315588
0.3635 -0.04172545 -0.04332275
0.364 -0.04205316 -0.04348258
0.3645 -0.04237596 -0.04363566
0.365 -0.04269392 -0.043782286
0.3655 -0.04300711 -0.043922782
0.366 -0.04331563 -0.044057384
0.3665 -0.04361955 -0.044186376
0.367 -0.04391893 -0.04430999
0.3675 -0.04421387 -0.044428453
0.368 -0.04450442 -0.044541992
0.3685 -0.04479066 -0.04465086
0.369 -0.04507266 -0.04475522
0.3695 -0.04535049 -0.044855274
0.37 -0.04562422 -0.044951238
0.3705 -0.04589391 -0.045043245
0.371 -0.04615963 -0.045131482
0.3715 -0.04642144 -0.045216106
0.372 -0.0466794 -0.045297273
0.3725 -0.04693358 -0.04537513
0.373 -0.04718404 -0.0454498
0.3735 -0.04743083 -0.04552146
0.374 -0.04767402 -0.045590192
0.3745 -0.04791365 -0.045656107
0.375 -0.04814979 -0.0457194
0.3755 -0.0483825 -0.045780115
0.376 -0.04861182 -0.04583835
0.3765 -0.04883781 -0.045894243
0.377 -0.04906052 -0.045947894
0.3775 -0.04928 -0.045999356
0.378 -0.04949631 -0.046048753
0.3785 -0.04970949 -0.046096154
0.379 -0.0499196 -0.04614164
0.3795 -0.05012667 -0.04618527
0.38 -0.05033076 -0.046227165
0.3805 -0.05053192 -0.046267383
0.381 -0.05073018 -0.046305977
0.3815 -0.05092559 -0.04634299
0.382 -0.0511182 -0.04637853
0.3825 -0.05130805 -0.046412624
0.383 -0.05149519 -0.046445377
0.3835 -0.05167965 -0.04647678
0.384 -0.05186147 -0.046506934
0.3845 -0.0520407 -0.046535887
0.385 -0.05221737 -0.046563655
0.3855 -0.05239153 -0.046590306
0.386 -0.05256321 -0.04661589
0.3865 -0.05273245 -0.046640433
0.387 -0.05289929 -0.046663985
0.3875 -0.05306376 -0.046686612
0.388 -0.0532259 -0.046708293
0.3885 -0.05338574 -0.046729118
0.389 -0.05354332 -0.0467491
0.3895 -0.05369867 -0.04676827
0.39 -0.05385183 -0.04678668
0.3905 -0.05400283 -0.046804346
0.391 -0.0541517 -0.04682131
0.3915 -0.05429848 -0.04683756
0.392 -0.05444319 -0.046853177
0.3925 -0.05458586 -0.04686816
0.393 -0.05472653 -0.046882525
0.3935 -0.05486523 -0.046896316
0.394 -0.05500198 -0.046909556
0.3945 -0.05513681 -0.04692225
0.395 -0.05526976 -0.046934433
0.3955 -0.05540085 -0.04694614
0.396 -0.0555301 -0.046957366
0.3965 -0.05565755 -0.04696814
0.397 -0.05578322 -0.046978466
0.3975 -0.05590714 -0.046988375
0.398 -0.05602933 -0.046997875
0.3985 -0.05614982 -0.047007002
0.399 -0.05626863 -0.04701577
0.3995 -0.0563858 -0.04702416
0.4 -0.05650133 -0.047032222
0.4005 -0.05661526 -0.047039934
0.401 -0.05672761 -0.04704737
0.4015 -0.0568384 -0.047054477
0.402 -0.05694766 -0.047061294
0.4025 -0.05705541 -0.047067843
0.403 -0.05716166 -0.04707413
0.4035 -0.05726645 -0.047080167
0.404 -0.05736979 -0.047085956
0.4045 -0.0574717 -0.047091514
0.405 -0.05757221 -0.047096826
0.4055 -0.05767133 -0.04710193
0.406 -0.05776909 -0.047106817
0.4065 -0.0578655 -0.047111534
0.407 -0.05796058 -0.04711602
0.4075 -0.05805436 -0.047120355
0.408 -0.05814685 -0.04712452
0.4085 -0.05823807 -0.04712849
0.409 -0.05832804 -0.047132306
0.4095 -0.05841677 -0.047135957
0.41 -0.05850429 -0.04713949
0.4105 -0.05859061 -0.04714285
0.411 -0.05867575 -0.047146082
0.4115 -0.05875972 -0.04714919
0.412 -0.05884255 -0.04715216
0.4125 -0.05892424 -0.047155008
0.413 -0.05900482 -0.047157742
0.4135 -0.0590843 -0.04716038
0.414 -0.05916269 -0.047162898
0.4145 -0.05924002 -0.047165312
0.415 -0.05931629 -0.047167636
0.4155 -0.05939153 -0.047169864
0.416 -0.05946574 -0.047171988
0.4165 -0.05953894 -0.04717403
0.417 -0.05961115 -0.047175996
0.4175 -0.05968237 -0.04717788
0.418 -0.05975263 -0.047179684
0.4185 -0.05982194 -0.047181427
0.419 -0.0598903 -0.04718308
0.4195 -0.05995774 -0.04718467
0.42 -0.06002427 -0.047186196
0.4205 -0.06008989 -0.047187664
0.421 -0.06015463 -0.04718907
0.4215 -0.06021849 -0.047190435
0.422 -0.06028149 -0.04719173
0.4225 -0.06034364 -0.04719296
0.423 -0.06040495 -0.047194146
0.4235 -0.06046543 -0.047195286
0.424 -0.06052509 -0.047196373
0.4245 -0.06058395 -0.04719744
0.425 -0.06064202 -0.047198445
0.4255 -0.0606993 -0.047199413
0.426 -0.06075581 -0.04720033
0.4265 -0.06081157 -0.047201224
0.427 -0.06086657 -0.047202088
0.4275 -0.06092083 -0.047202908
0.428 -0.06097437 -0.047203675
0.4285 -0.06102718 -0.047204427
0.429 -0.06107929 -0.047205143
0.4295 -0.06113069 -0.047205843
0.43 -0.06118141 -0.047206506
0.4305 -0.06123145 -0.04720716
0.431 -0.06128081 -0.04720775
0.4315 -0.06132952 -0.047208346
0.432 -0.06137757 -0.047208898
0.4325 -0.06142498 -0.04720945
0.433 -0.06147176 -0.047209956
0.4335 -0.06151791 -0.047210462
0.434 -0.06156344 -0.047210924
0.4345 -0.06160836 -0.04721138
0.435 -0.06165269 -0.04721181
0.4355 -0.06169642 -0.04721222
0.436 -0.06173957 -0.04721263
0.4365 -0.06178215 -0.047213025
0.437 -0.06182415 -0.047213383
0.4375 -0.0618656 -0.04721374
0.438 -0.0619065 -0.047214083
0.4385 -0.06194685 -0.04721439
0.439 -0.06198666 -0.04721471
0.4395 -0.06202594 -0.047215022
0.44 -0.0620647 -0.04721532
0.4405 -0.06210295 -0.04721559
0.441 -0.06214069 -0.04721584
0.4415 -0.06217792 -0.047216095
0.442 -0.06221466 -0.04721635
0.4425 -0.06225092 -0.047216572
0.443 -0.06228669 -0.047216818
0.4435 -0.06232199 -0.04721702
0.444 -0.06235682 -0.047217228
0.4445 -0.06239119 -0.047217406
0.445 -0.0624251 -0.0472176
0.4455 -0.06245857 -0.04721778
0.446 -0.06249159 -0.047217965
0.4465 -0.06252417 -0.047218114
0.447 -0.06255632 -0.04721827
0.4475 -0.06258805 -0.047218435
0.448 -0.06261936 -0.047218584
0.4485 -0.06265025 -0.047218718
0.449 -0.06268074 -0.04721885
0.4495 -0.06271082 -0.04721898
0.45 -0.06274051 -0.047219113
0.4505 -0.06276981 -0.04721923
0.451 -0.06279871 -0.04721936
0.4515 -0.06282724 -0.047219463
0.452 -0.06285539 -0.047219567
0.4525 -0.06288317 -0.047219664
0.453 -0.06291059 -0.047219776
0.4535 -0.06293764 -0.047219865
0.454 -0.06296434 -0.047219925
0.4545 -0.06299068 -0.047220014
0.455 -0.06301668 -0.047220103
0.4555 -0.06304234 -0.047220185
0.456 -0.06306766 -0.047220267
0.4565 -0.06309264 -0.047220327
0.457 -0.0631173 -0.047220387
0.4575 -0.06314164 -0.04722047
0.458 -0.06316565 -0.047220536
0.4585 -0.06318935 -0.047220588
0.459 -0.06321274 -0.047220655
0.4595 -0.06323582 -0.04722072
0.46 -0.0632586 -0.047220774
0.4605 -0.06328108 -0.04722082
0.461 -0.06330327 -0.047220886
0.4615 -0.06332516 -0.047220923
0.462 -0.06334677 -0.047220968
0.4625 -0.06336809 -0.047221012
0.463 -0.06338914 -0.047221057
0.4635 -0.06340991 -0.0472211
0.464 -0.06343041 -0.047221147
0.4645 -0.06345064 -0.047221176
0.465 -0.0634706 -0.047221206
0.4655 -0.06349031 -0.04722125
0.466 -0.06350976 -0.04722128
0.4665 -0.06352895 -0.04722131
0.467 -0.06354789 -0.04722134
0.4675 -0.06356659 -0.047221355
0.468 -0.06358504 -0.047221392
0.4685 -0.06360325 -0.047221407
0.469 -0.06362122 -0.047221437
0.4695 -0.06363896 -0.047221474
0.47 -0.06365646 -0.04722149
0.4705 -0.06367374 -0.047221504
0.471 -0.06369079 -0.047221527
0.4715 -0.06370762 -0.047221556
0.472 -0.06372424 -0.04722157
0.4725 -0.06374063 -0.0472216
0.473 -0.06375681 -0.047221616
0.4735 -0.06377278 -0.04722164
0.474 -0.06378855 -0.04722166
0.4745 -0.0638041 -0.047221676
0.475 -0.06381946 -0.047221705
0.4755 -0.06383462 -0.04722172
0.476 -0.06384957 -0.04722175
0.4765 -0.06386434 -0.04722175
0.477 -0.06387891 -0.047221757
0.4775 -0.06389329 -0.047221757
0.478 -0.06390749 -0.047221757
0.4785 -0.0639215 -0.047221772
0.479 -0.06393533 -0.047221787
0.4795 -0.06394898 -0.047221802
0.48 -0.06396246 -0.047221817
0.4805 -0.06397575 -0.047221817
0.481 -0.06398888 -0.047221825
0.4815 -0.06400184 -0.04722184
0.482 -0.06401462 -0.04722186
0.4825 -0.06402724 -0.047221877
0.483 -0.0640397 -0.047221877
0.4835 -0.064052 -0.04722189
0.484 -0.06406414 -0.04722189
0.4845 -0.06407612 -0.047221906
0.485 -0.06408794 -0.047221914
0.4855 -0.06409962 -0.04722192
0.486 -0.06411114 -0.04722192
0.4865 -0.06412251 -0.04722193
0.487 -0.06413373 -0.047221936
0.4875 -0.06414481 -0.04722195
0.488 -0.06415575 -0.04722196
0.4885 -0.06416654 -0.047221966
0.489 -0.0641772 -0.04722198
0.4895 -0.06418772 -0.04722198
0.49 -0.0641981 -0.04722198
0.4905 -0.06420835 -0.047221974
0.491 -0.06421846 -0.04722198
0.4915 -0.06422845 -0.04722198
0.492 -0.0642383 -0.04722199
0.4925 -0.06424803 -0.047221996
0.493 -0.06425764 -0.047221996
0.4935 -0.06426711 -0.047221996
0.494 -0.06427647 -0.04722201
0.4945 -0.06428571 -0.04722201
0.495 -0.06429482 -0.04722201
0.4955 -0.06430382 -0.04722202
0.496 -0.06431271 -0.047222026
0.4965 -0.06432148 -0.047222026
0.497 -0.06433013 -0.047222026
0.4975 -0.06433868 -0.047222026
0.498 -0.06434711 -0.047222026
0.4985 -0.06435544 -0.047222026
0.499 -0.06436366 -0.047222026
0.4995 -0.06437177 -0.047222026
