0.0 -0.065 -0.046500165
0.0005 -0.0634469 -0.058236618
0.001 -0.06030991 -0.06281076
0.0015 -0.05758211 -0.064888544
0.002 -0.05545435 -0.06581568
0.0025 -0.05369937 -0.06608283
0.003 -0.05213161 -0.06590095
0.0035 -0.05064904 -0.06537638
0.004 -0.0492025 -0.06457189
0.0045 -0.04776965 -0.06353087
0.005 -0.04634087 -0.062287137
0.0055 -0.04491655 -0.06086886
0.006 -0.04349625 -0.05930081
0.0065 -0.04207909 -0.05760517
0.007 -0.04066177 -0.055801645
0.0075 -0.03924156 -0.053908326
0.008 -0.03782048 -0.05194117
0.0085 -0.03640094 -0.04991457
0.009 -0.03498444 -0.047841236
0.0095 -0.03357123 -0.045732662
0.01 -0.03215909 -0.043598935
0.0105 -0.03074739 -0.041448824
0.011 -0.02933701 -0.03929005
0.0115 -0.02792938 -0.037129454
0.012 -0.02652583 -0.03497278
0.0125 -0.02512748 -0.03282515
0.013 -0.02373493 -0.030690797
0.0135 -0.02234849 -0.028573632
0.014 -0.02096891 -0.026476637
0.0145 -0.01959715 -0.024402447
0.015 -0.01823397 -0.022353388
0.0155 -0.01687992 -0.02033104
0.016 -0.01553532 -0.018337049
0.0165 -0.01420042 -0.01637251
0.017 -0.0128754 -0.014438414
0.0175 -0.01156024 -0.012535297
0.018 -0.01025512 -0.010663749
0.0185 -0.008960472 -0.008824074
0.019 -0.007676511 -0.0070163985
0.0195 -0.00640338 -0.0052406867
0.02 -0.005141198 -0.0034969975
0.0205 -0.003890083 -0.001785115
0.021 -0.002650154 -0.000104793
0.0215 -0.001421511 0.0015443483
0.022 -0.0002041706 0.003162607
0.0225 0.001001668 0.004750393
0.023 0.002195892 0.006308175
0.0235 0.003378441 0.00783646
0.024 0.004549216 0.009335696
0.0245 0.005708076 0.010806433
0.025 0.006854967 0.01224929
0.0255 0.007989839 0.013664647
0.026 0.009112587 0.015053167
0.0265 0.01022322 0.016415395
0.027 0.01132179 0.017751954
0.0275 0.01240831 0.019063301
0.028 0.01348279 0.02035001
0.0285 0.01454523 0.021612652
0.029 0.01559564 0.022851788
0.0295 0.01663405 0.024067916
0.03 0.01766059 0.02526144
0.0305 0.01867528 0.026433118
0.031 0.01967808 0.027583294
0.0315 0.02066896 0.028712563
0.032 0.02164795 0.029821292
0.0325 0.02261509 0.030909963
0.033 0.02357044 0.03197916
0.0335 0.02451406 0.03302928
0.034 0.02544604 0.034060717
0.0345 0.02636641 0.03507395
0.035 0.02727497 0.0360694
0.0355 0.02817167 0.037047468
0.036 0.02905685 0.038008474
0.0365 0.02993075 0.03895293
0.037 0.03079356 0.039881192
0.0375 0.03164539 0.040793516
0.038 0.03248632 0.041690312
0.0385 0.03331642 0.042572
0.039 0.03413577 0.043438897
0.0395 0.03494446 0.044291206
0.04 0.03574255 0.045129433
0.0405 0.03653013 0.045953706
0.041 0.0373073 0.046764515
0.0415 0.03807415 0.047561936
0.042 0.03883076 0.04834637
0.0425 0.03957723 0.049118094
0.043 0.04031367 0.049877368
0.0435 0.04104016 0.050624527
0.044 0.04175681 0.051359676
0.0445 0.04246371 0.05208306
0.045 0.04316097 0.052795127
0.0455 0.04384869 0.05349589
0.046 0.04452698 0.05418571
0.0465 0.04519592 0.054864727
0.047 0.04585563 0.05553317
0.0475 0.04650621 0.056191318
0.048 0.04714777 0.05683937
0.0485 0.04778039 0.057477467
0.049 0.04840419 0.058105767
0.0495 0.04901926 0.05872459
0.05 0.04962549 0.059333958
0.0505 0.05022284 0.059934177
0.051 0.05081157 0.06052535
0.0515 0.05136931 0.061107717
0.052 0.05188873 0.061681308
0.0525 0.05240056 0.06224642
0.053 0.0529178 0.06280321
0.0535 0.05344155 0.06335167
0.054 0.05396879 0.06389212
0.0545 0.05449596 0.06442473
0.055 0.05502031 0.064949505
0.0555 0.05553993 0.065466635
0.056 0.05605362 0.06597627
0.0565 0.05656065 0.06647857
0.057 0.05706062 0.06697362
0.0575 0.0575533 0.06746156
0.058 0.05803868 0.06794245
0.0585 0.05851684 0.06841654
0.059 0.05898788 0.068883814
0.0595 0.05945193 0.06934445
0.06 0.05990911 0.06979864
0.0605 0.06035954 0.07024633
0.061 0.06080335 0.07068776
0.0615 0.06124064 0.07112301
0.062 0.06167151 0.071552105
0.0625 0.06209608 0.07197521
0.063 0.06251445 0.072392456
0.0635 0.06292671 0.07280386
0.064 0.06333295 0.07320959
0.0645 0.06373326 0.07360966
0.065 0.06412775 0.074004285
0.0655 0.06451648 0.074393414
0.066 0.06489954 0.07477721
0.0665 0.06527702 0.0751557
0.067 0.065649 0.07552906
0.0675 0.06601556 0.075897254
0.068 0.06637677 0.07626047
0.0685 0.06673271 0.07661872
0.069 0.06708346 0.07697212
0.0695 0.06742909 0.0773207
0.07 0.06776958 0.07766459
0.0705 0.06810031 0.07800382
0.071 0.06841609 0.07833845
0.0715 0.06872488 0.07866863
0.072 0.06903253 0.07899437
0.0725 0.0693403 0.07931567
0.073 0.06964739 0.07963277
0.0735 0.06995262 0.07994551
0.074 0.07025496 0.08025416
0.0745 0.07055372 0.080558635
0.075 0.07084849 0.08085912
0.0755 0.07113902 0.081155606
0.076 0.07142486 0.081448145
0.0765 0.07170591 0.081736766
0.077 0.07198251 0.08202163
0.0775 0.07225505 0.08230265
0.078 0.07252385 0.08257995
0.0785 0.072789 0.08285365
0.079 0.07305042 0.083123736
0.0795 0.07330809 0.08339027
0.08 0.07356198 0.08365329
0.0805 0.07381212 0.08391284
0.081 0.07405857 0.08416905
0.0815 0.07430138 0.08442182
0.082 0.07454044 0.08467137
0.0825 0.07477184 0.08491754
0.083 0.07499695 0.08516065
0.0835 0.07521991 0.085400544
0.084 0.07544006 0.085637234
0.0845 0.07565389 0.08587084
0.085 0.07586526 0.08610151
0.0855 0.07607629 0.08632917
0.086 0.07628691 0.08655382
0.0865 0.07649635 0.08677556
0.087 0.07670387 0.08699449
0.0875 0.07690893 0.08721054
0.088 0.07711122 0.08742381
0.0885 0.07731056 0.08763427
0.089 0.07750689 0.087842114
0.0895 0.07770021 0.08804727
0.09 0.0778902 0.08824975
0.0905 0.07807271 0.088449635
0.091 0.07824999 0.088646896
0.0915 0.07842588 0.088841684
0.092 0.07860143 0.08903394
0.0925 0.07877632 0.089223765
0.093 0.07894994 0.08941112
0.0935 0.07912176 0.0895961
0.094 0.0792914 0.089778624
0.0945 0.07945859 0.08995896
0.095 0.07962327 0.09013685
0.0955 0.07978546 0.09031258
0.096 0.07994517 0.09048598
0.0965 0.08010247 0.09065726
0.097 0.08025739 0.090826266
0.0975 0.08040999 0.09099314
0.098 0.08056031 0.09115783
0.0985 0.0807084 0.09132049
0.099 0.08085431 0.09148107
0.0995 0.08099806 0.0916396
0.1 0.08113968 0.091639586
0.1005 0.07979075 0.0911896
0.101 0.07700991 0.090378515
0.1015 0.074728 0.08928161
0.102 0.07310283 0.0879628
0.1025 0.07189563 0.08647636
0.103 0.07091343 0.08486784
0.1035 0.07003487 0.0831758
0.104 0.06920084 0.08143281
0.1045 0.06840543 0.07966571
0.105 0.06765364 0.07789708
0.1055 0.06694275 0.07614557
0.106 0.06626536 0.074426465
0.1065 0.06559725 0.0727522
0.107 0.06494547 0.07113267
0.1075 0.06432411 0.06957581
0.108 0.06373727 0.068087615
0.1085 0.0631842 0.066672675
0.109 0.06266292 0.06533443
0.1095 0.06217166 0.064075045
0.11 0.06170924 0.06289589
0.1105 0.06127498 0.061797507
0.111 0.06086858 0.060779847
0.1115 0.06049001 0.059842475
0.112 0.06013936 0.058984317
0.1125 0.05981682 0.05820421
0.113 0.05952258 0.05750055
0.1135 0.05925684 0.056871377
0.114 0.05901979 0.056314982
0.1145 0.05881159 0.055829175
0.115 0.05863237 0.055411838
0.1155 0.05848221 0.05506078
0.116 0.05836109 0.054773726
0.1165 0.05826911 0.054548405
0.117 0.05820636 0.0543826
0.1175 0.05817289 0.05427406
0.118 0.05816868 0.054220654
0.1185 0.05819372 0.054220177
0.119 0.05824426 0.054270558
0.1195 0.05831575 0.054369636
0.12 0.05841571 0.05451552
0.1205 0.05854742 0.054706253
0.121 0.05870339 0.054939933
0.1215 0.05888651 0.0552148
0.122 0.05910245 0.055529036
0.1225 0.05935212 0.05588091
0.123 0.05963422 0.056268923
0.1235 0.05994709 0.056691475
0.124 0.06028934 0.05714708
0.1245 0.06065994 0.057634197
0.125 0.06105819 0.058151595
0.1255 0.0614836 0.058697857
0.126 0.06193584 0.059271835
0.1265 0.06241465 0.059872277
0.127 0.0629198 0.060497962
0.1275 0.06345111 0.061147906
0.128 0.06400838 0.061821096
0.1285 0.06459143 0.06251634
0.129 0.06520004 0.06323292
0.1295 0.06583402 0.06396977
0.13 0.06649316 0.0664363
0.1305 0.06716059 0.068166204
0.131 0.06783117 0.06937819
0.1315 0.06852324 0.07024177
0.132 0.06923853 0.0708878
0.1325 0.06997603 0.07141522
0.133 0.07073472 0.07189793
0.1335 0.07151384 0.07238973
0.134 0.07231293 0.072928794
0.1345 0.07313162 0.07354102
0.135 0.07396957 0.07424281
0.1355 0.0748266 0.075043134
0.136 0.07570262 0.07594569
0.1365 0.07659745 0.07694989
0.137 0.07751089 0.078052275
0.1375 0.07844272 0.079247616
0.138 0.07939272 0.08052895
0.1385 0.08036067 0.0818887
0.139 0.08134619 0.08331883
0.1395 0.08234902 0.08481125
0.14 0.08336912 0.086357936
0.1405 0.08440641 0.087951265
0.141 0.08546077 0.089583926
0.1415 0.08653206 0.091249116
0.142 0.08762009 0.09294068
0.1425 0.0887245 0.094652936
0.143 0.08984501 0.09638072
0.1435 0.09098156 0.09811951
0.144 0.09213413 0.099865295
0.1445 0.09330262 0.10161455
0.145 0.09448689 0.10336413
0.1455 0.0956866 0.105111666
0.146 0.09690077 0.10685472
0.1465 0.09812998 0.10859168
0.147 0.09937456 0.110320956
0.1475 0.1006344 0.112041436
0.148 0.1019091 0.11375217
0.1485 0.1031983 0.11545248
0.149 0.1045017 0.11714197
0.1495 0.1058191 0.11882027
0.15 0.1071501 0.12048548
0.1505 0.1083996 0.121946566
0.151 0.1093863 0.12321995
0.1515 0.1101833 0.124320395
0.152 0.110877 0.12526147
0.1525 0.111508 0.12605548
0.153 0.1120927 0.12671337
0.1535 0.1126364 0.12724552
0.154 0.1131375 0.12766111
0.1545 0.1135952 0.12796865
0.155 0.114013 0.12817588
0.1555 0.1143931 0.12829003
0.156 0.114723 0.12831756
0.1565 0.115012 0.1282647
0.157 0.1152729 0.12813687
0.1575 0.1155086 0.12793936
0.158 0.1157176 0.12767708
0.1585 0.1158978 0.12735426
0.159 0.1160472 0.1269753
0.1595 0.1161648 0.126544
0.16 0.1162501 0.12606406
0.1605 0.116303 0.1255389
0.161 0.1163236 0.124971695
0.1615 0.1163122 0.12436547
0.162 0.1162691 0.12372317
0.1625 0.1161949 0.12304755
0.163 0.11609 0.122341
0.1635 0.1159548 0.12160597
0.164 0.1157898 0.12084476
0.1645 0.1155953 0.1200596
0.165 0.1153719 0.11925239
0.1655 0.1151199 0.118425064
0.166 0.1148398 0.11757956
0.1665 0.1145319 0.11671748
0.167 0.1141966 0.1158405
0.1675 0.1138343 0.11495007
0.168 0.1134454 0.114047796
0.1685 0.1130303 0.11313496
0.169 0.1125893 0.11221271
0.1695 0.1121228 0.11128237
0.17 0.1116312 0.110344775
0.1705 0.1111148 0.109401114
0.171 0.110574 0.10845233
0.1715 0.1100091 0.107499115
0.172 0.1094204 0.10654236
0.1725 0.1088084 0.10558268
0.173 0.1081733 0.10462069
0.1735 0.1075154 0.10365685
0.174 0.1068351 0.10269172
0.1745 0.1061327 0.101725586
0.175 0.1054085 0.10075881
0.1755 0.1046629 0.099791594
0.176 0.1038961 0.098824166
0.1765 0.1031085 0.09785659
0.177 0.1023003 0.09688883
0.1775 0.1014719 0.09592102
0.178 0.1006235 0.09495298
0.1785 0.09975548 0.09398457
0.179 0.09886807 0.09301562
0.1795 0.09796157 0.09204591
0.18 0.09703627 0.091075055
0.1805 0.09609244 0.09010286
0.181 0.09513036 0.08912895
0.1815 0.09415029 0.088152684
0.182 0.0931525 0.08717386
0.1825 0.09213726 0.086191826
0.183 0.09110482 0.08520616
0.1835 0.09005544 0.084216364
0.184 0.08898937 0.083221816
0.1845 0.08790687 0.0822219
0.185 0.08680818 0.08121606
0.1855 0.08569353 0.08020372
0.186 0.08456318 0.07918424
0.1865 0.08341736 0.07815691
0.187 0.08225629 0.07712109
0.1875 0.08108022 0.07607628
0.188 0.07988936 0.07502171
0.1885 0.07868394 0.073956735
0.189 0.07746418 0.07288087
0.1895 0.0762303 0.07179337
0.19 0.07498251 0.07069368
0.1905 0.07372102 0.06958101
0.191 0.07244604 0.06845505
0.1915 0.07115777 0.06731502
0.192 0.06985642 0.06616049
0.1925 0.06854219 0.06499077
0.193 0.06721527 0.063805334
0.1935 0.06587585 0.062603794
0.194 0.06452413 0.061385594
0.1945 0.0631603 0.060150333
0.195 0.06178453 0.058897384
0.1955 0.06039701 0.057626493
0.196 0.05899792 0.056337215
0.1965 0.05758744 0.055029027
0.197 0.05616575 0.053701676
0.1975 0.054733 0.05235485
0.198 0.05328938 0.050988086
0.1985 0.05183505 0.04960122
0.199 0.05037018 0.048193954
0.1995 0.04889492 0.046766005
0.2 0.04740943 0.04906971
0.2005 0.0459422 0.051115073
0.201 0.04455013 0.052540995
0.2015 0.04322626 0.053213753
0.202 0.04194911 0.053140707
0.2025 0.04070318 0.052403137
0.203 0.03947927 0.051113762
0.2035 0.03827224 0.049390778
0.204 0.03707933 0.04734455
0.2045 0.03589911 0.045071267
0.205 0.03473081 0.042651236
0.2055 0.03357405 0.04014893
0.206 0.03242858 0.037614845
0.2065 0.03129425 0.035087682
0.207 0.03017097 0.03259576
0.2075 0.02905865 0.03015951
0.208 0.02795722 0.027792789
0.2085 0.0268666 0.025504552
0.209 0.02578675 0.023299903
0.2095 0.02471759 0.021180868
0.21 0.02365906 0.019147493
0.2105 0.0226111 0.017198227
0.211 0.02157365 0.015330299
0.2115 0.02054664 0.013540453
0.212 0.01953001 0.011824786
0.2125 0.01852371 0.010179169
0.213 0.01752766 0.008599571
0.2135 0.0165418 0.0070816497
0.214 0.01556608 0.0056215
0.2145 0.01460042 0.004215091
0.215 0.01364475 0.002858668
0.2155 0.01269903 0.0015488261
0.216 0.01176317 0.0002822125
0.2165 0.01083712 -0.0009441754
0.217 0.009920804 -0.0021332134
0.2175 0.009014161 -0.0032875468
0.218 0.008117122 -0.0044095074
0.2185 0.00722962 -0.005501278
0.219 0.006351588 -0.0065649603
0.2195 0.005482958 -0.007602275
0.22 0.004623662 -0.008614899
0.2205 0.003773632 -0.009604388
0.221 0.002932799 -0.0105720395
0.2215 0.002101094 -0.011519113
0.222 0.001278449 -0.01244671
0.2225 0.0004647946 -0.013355822
0.223 -0.000339939 -0.0142474035
0.2235 -0.001135821 -0.015122191
0.224 -0.001922921 -0.015980937
0.2245 -0.002701309 -0.016824283
0.225 -0.003471055 -0.017652854
0.2255 -0.004232229 -0.018467136
0.226 -0.004984901 -0.019267611
0.2265 -0.00572914 -0.020054772
0.227 -0.006465018 -0.020828955
0.2275 -0.007192603 -0.021590479
0.228 -0.007911968 -0.022339687
0.2285 -0.00862318 -0.023076892
0.229 -0.009326312 -0.02380225
0.2295 -0.01002143 -0.024516046
0.23 -0.01070861 -0.025218524
0.2305 -0.01138792 -0.025909893
0.231 -0.01205943 -0.026590258
0.2315 -0.01272321 -0.027259842
0.232 -0.01337932 -0.027918741
0.2325 -0.01402784 -0.028567165
0.233 -0.01466884 -0.029205248
0.2335 -0.01530239 -0.029833078
0.234 -0.01592856 -0.030450776
0.2345 -0.0165474 -0.031058513
0.235 -0.01715901 -0.031656317
0.2355 -0.01776343 -0.032244377
0.236 -0.01836075 -0.032822713
0.2365 -0.01895102 -0.033391483
0.237 -0.01953432 -0.0339508
0.2375 -0.02011072 -0.03450071
0.238 -0.02068028 -0.035041347
0.2385 -0.02124307 -0.035572827
0.239 -0.02179915 -0.03609523
0.2395 -0.0223486 -0.03660865
0.24 -0.02289147 -0.037113182
0.2405 -0.02342784 -0.03760889
0.241 -0.02395777 -0.038095936
0.2415 -0.02448133 -0.038574375
0.242 -0.02499857 -0.039044313
0.2425 -0.02550957 -0.03950589
0.243 -0.0260144 -0.03995911
0.2435 -0.0265131 -0.040404133
0.244 -0.02700575 -0.04084111
0.2445 -0.02749242 -0.04127004
0.245 -0.02797316 -0.041691087
0.2455 -0.02844803 -0.04210428
0.246 -0.0289171 -0.0425098
0.2465 -0.02938043 -0.042907737
0.247 -0.02983809 -0.043298163
0.2475 -0.03029012 -0.043681175
0.248 -0.0307366 -0.044056907
0.2485 -0.03117758 -0.044425443
0.249 -0.03161312 -0.044786945
0.2495 -0.03204329 -0.045141384
0.25 -0.03246813 -0.045489006
0.2505 -0.03288772 -0.04582984
0.251 -0.0333021 -0.046163984
0.2515 -0.03371133 -0.04649157
0.252 -0.03411548 -0.04681266
0.2525 -0.0345146 -0.047127426
0.253 -0.03490874 -0.04743591
0.2535 -0.03529796 -0.04773821
0.254 -0.03568232 -0.04803443
0.2545 -0.03606187 -0.048324697
0.255 -0.03643666 -0.0486091
0.2555 -0.03680676 -0.048887737
0.256 -0.0371722 -0.049160734
0.2565 -0.03753306 -0.04942818
0.257 -0.03788937 -0.049690112
0.2575 -0.03824119 -0.04994671
0.258 -0.03858858 -0.05019798
0.2585 -0.03893158 -0.050444096
0.259 -0.03927025 -0.050685108
0.2595 -0.03960463 -0.050921127
0.26 -0.03993478 -0.05115228
0.2605 -0.04026074 -0.051378615
0.261 -0.04058257 -0.051600203
0.2615 -0.04090031 -0.05181717
0.262 -0.04121401 -0.05202958
0.2625 -0.04152372 -0.052237555
0.263 -0.04182948 -0.05244118
0.2635 -0.04213135 -0.05264052
0.264 -0.04242937 -0.05283563
0.2645 -0.04272358 -0.0530266
0.265 -0.04301403 -0.053213604
0.2655 -0.04330077 -0.05339659
0.266 -0.04358384 -0.053575754
0.2665 -0.04386328 -0.05375112
0.267 -0.04413914 -0.05392275
0.2675 -0.04441147 -0.05409076
0.268 -0.04468029 -0.05425515
0.2685 -0.04494567 -0.054416098
0.269 -0.04520763 -0.054573603
0.2695 -0.04546622 -0.054727785
0.27 -0.04572148 -0.05487866
0.2705 -0.04597346 -0.05502633
0.271 -0.04622218 -0.055170886
0.2715 -0.0464677 -0.055312313
0.272 -0.04671005 -0.05545076
0.2725 -0.04694927 -0.05558624
0.273 -0.0471854 -0.0557189
0.2735 -0.04741847 -0.055848658
0.274 -0.04764854 -0.055975713
0.2745 -0.04787562 -0.05610002
0.275 -0.04809976 -0.05622173
0.2755 -0.048321 -0.05634083
0.276 -0.04853936 -0.056457408
0.2765 -0.0487549 -0.056571536
0.277 -0.04896764 -0.056683242
0.2775 -0.04917762 -0.05679258
0.278 -0.04938486 -0.056899622
0.2785 -0.04958942 -0.057004385
0.279 -0.04979131 -0.05710695
0.2795 -0.04999058 -0.057207346
0.28 -0.05018726 -0.05730562
0.2805 -0.05038137 -0.05740183
0.281 -0.05057296 -0.057496026
0.2815 -0.05076205 -0.057588197
0.282 -0.05094867 -0.057678528
0.2825 -0.05113287 -0.0577669
0.283 -0.05131465 -0.057853453
0.2835 -0.05149407 -0.05793821
0.284 -0.05167114 -0.058021225
0.2845 -0.0518459 -0.058102474
0.285 -0.05201838 -0.05818206
0.2855 -0.0521886 -0.05825998
0.286 -0.0523566 -0.058336325
0.2865 -0.0525224 -0.0584111
0.287 -0.05268604 -0.058484316
0.2875 -0.05284753 -0.058556013
0.288 -0.0530069 -0.058626235
0.2885 -0.05316419 -0.05869501
0.289 -0.05331943 -0.058762416
0.2895 -0.05347262 -0.0588284
0.29 -0.05362381 -0.058893062
0.2905 -0.05377302 -0.058956444
0.291 -0.05392027 -0.059018515
0.2915 -0.05406559 -0.059079327
0.292 -0.05420901 -0.05913891
0.2925 -0.05435054 -0.05919732
0.293 -0.05449022 -0.05925458
0.2935 -0.05462806 -0.05931063
0.294 -0.0547641 -0.059365585
0.2945 -0.05489834 -0.059419446
0.295 -0.05503083 -0.05947221
0.2955 -0.05516157 -0.059523948
0.296 -0.0552906 -0.059574664
0.2965 -0.05541793 -0.059624374
0.297 -0.05554359 -0.05967308
0.2975 -0.0556676 -0.059720874
0.298 -0.05578998 -0.059767723
0.2985 -0.05591074 -0.05981364
0.299 -0.05602992 -0.059858657
0.2995 -0.05614754 -0.059902824
0.3 -0.0562636 -0.059946135
0.3005 -0.05637814 -0.05998858
0.301 -0.05649117 -0.0600302
0.3015 -0.05660272 -0.06007103
0.302 -0.05671279 -0.060111083
0.3025 -0.05682142 -0.060150318
0.303 -0.05692862 -0.060188867
0.3035 -0.05703441 -0.06022664
0.304 -0.0571388 -0.060263693
0.3045 -0.05724183 -0.060300052
0.305 -0.05734349 -0.060335718
0.3055 -0.05744382 -0.06037073
0.306 -0.05754282 -0.06040506
0.3065 -0.05764052 -0.060438775
0.307 -0.05773694 -0.060471803
0.3075 -0.05783208 -0.060504243
0.308 -0.05792597 -0.060536064
0.3085 -0.05801863 -0.06056734
0.309 -0.05811006 -0.060597964
0.3095 -0.05820029 -0.06062807
0.31 -0.05828933 -0.060657598
0.3105 -0.0583772 -0.060686596
0.311 -0.05846391 -0.060715035
0.3115 -0.05854948 -0.060742967
0.312 -0.05863392 -0.06077043
0.3125 -0.05871725 -0.06079729
0.313 -0.05879948 -0.06082373
0.3135 -0.05888062 -0.06084966
0.314 -0.0589607 -0.060875125
0.3145 -0.05903972 -0.06090013
0.315 -0.0591177 -0.060924694
0.3155 -0.05919466 -0.060948804
0.316 -0.0592706 -0.060972482
0.3165 -0.05934554 -0.060995735
0.317 -0.05941949 -0.06101857
0.3175 -0.05949247 -0.061040998
0.318 -0.05956449 -0.06106303
0.3185 -0.05963555 -0.06108468
0.319 -0.05970569 -0.061105914
0.3195 -0.05977489 -0.06112677
0.32 -0.05984319 -0.061147295
0.3205 -0.05991059 -0.06116741
0.321 -0.05997709 -0.0611872
0.3215 -0.06004273 -0.061206646
0.322 -0.06010749 -0.061225727
0.3225 -0.06017141 -0.061244465
0.323 -0.06023448 -0.061262913
0.3235 -0.06029673 -0.06128101
0.324 -0.06035815 -0.061298773
0.3245 -0.06041876 -0.06131626
0.325 -0.06047858 -0.061333433
0.3255 -0.06053761 -0.061350316
0.326 -0.06059586 -0.0613669
0.3265 -0.06065334 -0.061383203
0.327 -0.06071007 -0.061399207
0.3275 -0.06076605 -0.061414957
0.328 -0.0608213 -0.06143041
0.3285 -0.06087581 -0.061445624
0.329 -0.06092961 -0.061460577
0.3295 -0.0609827 -0.06147524
0.33 -0.0610351 -0.061489694
0.3305 -0.0610868 -0.061503872
0.331 -0.06113782 -0.061517835
0.3315 -0.06118818 -0.061531566
0.332 -0.06123787 -0.06154505
0.3325 -0.0612869 -0.061558276
0.333 -0.06133529 -0.061571322
0.3335 -0.06138305 -0.061584085
0.334 -0.06143017 -0.06159667
0.3345 -0.06147668 -0.061609045
0.335 -0.06152258 -0.061621197
0.3355 -0.06156787 -0.061633155
0.336 -0.06161257 -0.06164492
0.3365 -0.06165668 -0.061656468
0.337 -0.06170021 -0.061667845
0.3375 -0.06174316 -0.06167899
0.338 -0.06178556 -0.061689988
0.3385 -0.06182739 -0.061700813
0.339 -0.06186868 -0.06171143
0.3395 -0.06190942 -0.06172186
0.34 -0.06194963 -0.061732166
0.3405 -0.06198931 -0.061742276
0.341 -0.06202847 -0.0617522
0.3415 -0.06206712 -0.061761968
0.342 -0.06210526 -0.061771557
0.3425 -0.0621429 -0.061781004
0.343 -0.06218004 -0.06179028
0.3435 -0.0622167 -0.061799444
0.344 -0.06225287 -0.0618084
0.3445 -0.06228857 -0.06181726
0.345 -0.0623238 -0.06182593
0.3455 -0.06235857 -0.061834447
0.346 -0.06239289 -0.061842866
0.3465 -0.06242675 -0.061851136
0.347 -0.06246017 -0.06185925
0.3475 -0.06249315 -0.061867274
0.348 -0.0625257 -0.061875112
0.3485 -0.06255782 -0.06188283
0.349 -0.06258952 -0.06189043
0.3495 -0.06262081 -0.06189791
0.35 -0.06265169 -0.061905257
0.3505 -0.06268216 -0.06191252
0.351 -0.06271223 -0.061919644
0.3515 -0.06274191 -0.06192662
0.352 -0.0627712 -0.061933517
0.3525 -0.0628001 -0.061940297
0.353 -0.06282863 -0.061946936
0.3535 -0.06285678 -0.061953463
0.354 -0.06288457 -0.061959922
0.3545 -0.06291199 -0.061966263
0.355 -0.06293905 -0.06197252
0.3555 -0.06296576 -0.06197864
0.356 -0.06299212 -0.061984725
0.3565 -0.06301814 -0.061990663
0.357 -0.06304381 -0.061996497
0.3575 -0.06306915 -0.062002257
0.358 -0.06309416 -0.062007897
0.3585 -0.06311884 -0.062013462
0.359 -0.06314319 -0.06201897
0.3595 -0.06316723 -0.062024347
0.36 -0.06319096 -0.062029637
0.3605 -0.06321437 -0.062034845
0.361 -0.06323748 -0.062039994
0.3615 -0.06326029 -0.062045023
0.362 -0.06328279 -0.062049992
0.3625 -0.06330501 -0.062054865
0.363 -0.06332693 -0.062059686
0.3635 -0.06334857 -0.06206441
0.364 -0.06336993 -0.062069036
0.3645 -0.063391 -0.06207364
0.365 -0.06341181 -0.06207812
0.3655 -0.06343234 -0.062082566
0.366 -0.0634526 -0.062086917
0.3665 -0.0634726 -0.06209121
0.367 -0.06349233 -0.062095426
0.3675 -0.06351181 -0.06209957
0.368 -0.06353104 -0.06210365
0.3685 -0.06355001 -0.062107652
0.369 -0.06356874 -0.062111594
0.3695 -0.06358723 -0.062115476
0.37 -0.06360547 -0.062119283
0.3705 -0.06362347 -0.062123075
0.371 -0.06364124 -0.062126786
0.3715 -0.06365878 -0.062130436
0.372 -0.06367609 -0.062134013
0.3725 -0.06369318 -0.062137537
0.373 -0.06371004 -0.06214101
0.3735 -0.06372668 -0.06214445
0.374 -0.06374311 -0.06214781
0.3745 -0.06375932 -0.062151127
0.375 -0.06377532 -0.062154382
0.3755 -0.06379111 -0.062157586
0.376 -0.0638067 -0.062160738
0.3765 -0.06382208 -0.062163837
0.377 -0.06383727 -0.062166892
0.3775 -0.06385225 -0.062169872
0.378 -0.06386705 -0.06217286
0.3785 -0.06388165 -0.06217576
0.379 -0.06389605 -0.06217859
0.3795 -0.06391028 -0.06218142
0.38 -0.06392431 -0.06218417
0.3805 -0.06393817 -0.06218692
0.381 -0.06395184 -0.06218961
0.3815 -0.06396534 -0.06219224
0.382 -0.06397866 -0.062194802
0.3825 -0.06399181 -0.06219738
0.383 -0.06400479 -0.06219987
0.3835 -0.0640176 -0.062202357
0.384 -0.06403024 -0.062204808
0.3845 -0.06404272 -0.062207185
0.385 -0.06405504 -0.062209554
0.3855 -0.06406719 -0.06221188
0.386 -0.06407919 -0.06221415
0.3865 -0.06409104 -0.06221638
0.387 -0.06410273 -0.0622186
0.3875 -0.06411427 -0.062220767
0.388 -0.06412565 -0.062222913
0.3885 -0.06413689 -0.062225007
0.389 -0.06414799 -0.062227078
0.3895 -0.06415894 -0.062229127
0.39 -0.06416975 -0.062231116
0.3905 -0.06418042 -0.062233083
0.391 -0.06419095 -0.06223502
0.3915 -0.06420134 -0.06223692
0.392 -0.0642116 -0.06223876
0.3925 -0.06422173 -0.062240638
0.393 -0.06423173 -0.062242433
0.3935 -0.06424159 -0.062244236
0.394 -0.06425133 -0.062246032
0.3945 -0.06426094 -0.06224776
0.395 -0.06427043 -0.062249467
0.3955 -0.0642798 -0.06225115
0.396 -0.06428904 -0.062252812
0.3965 -0.06429816 -0.06225442
0.397 -0.06430717 -0.062256046
0.3975 -0.06431606 -0.062257603
0.398 -0.06432484 -0.062259153
0.3985 -0.0643335 -0.062260687
0.399 -0.06434205 -0.062262163
0.3995 -0.06435048 -0.06226366
0.4 -0.06435881 -0.06226512
0.4005 -0.06436704 -0.062266573
0.401 -0.06437515 -0.06226795
0.4015 -0.06438316 -0.06226936
0.402 -0.06439107 -0.062270693
0.4025 -0.06439887 -0.06227207
0.403 -0.06440658 -0.062273376
0.4035 -0.06441418 -0.062274642
0.404 -0.06442169 -0.062275924
0.4045 -0.0644291 -0.062277205
0.405 -0.06443641 -0.062278464
0.4055 -0.06444363 -0.06227967
0.406 -0.06445076 -0.06228087
0.4065 -0.06445779 -0.062282063
0.407 -0.06446473 -0.062283225
0.4075 -0.06447159 -0.062284358
0.408 -0.06447835 -0.062285498
0.4085 -0.06448503 -0.062286608
0.409 -0.06449162 -0.062287673
0.4095 -0.06449813 -0.062288754
0.41 -0.06450455 -0.062289782
0.4105 -0.06451089 -0.062290825
0.411 -0.06451715 -0.06229183
0.4115 -0.06452333 -0.062292844
0.412 -0.06452943 -0.062293813
0.4125 -0.06453545 -0.062294804
0.413 -0.06454139 -0.062295765
0.4135 -0.06454725 -0.06229669
0.414 -0.06455304 -0.062297635
0.4145 -0.06455876 -0.06229852
0.415 -0.0645644 -0.062299386
0.4155 -0.06456997 -0.06230031
0.416 -0.06457546 -0.06230118
0.4165 -0.06458089 -0.062301993
0.417 -0.06458625 -0.062302873
0.4175 -0.06459153 -0.062303692
0.418 -0.06459675 -0.062304504
0.4185 -0.06460191 -0.062305316
0.419 -0.06460699 -0.06230612
0.4195 -0.06461201 -0.06230686
0.42 -0.06461697 -0.062307633
0.4205 -0.06462186 -0.06230841
0.421 -0.06462669 -0.062309153
0.4215 -0.06463146 -0.06230987
0.422 -0.06463616 -0.06231057
0.4225 -0.06464081 -0.062311307
0.423 -0.06464539 -0.062312014
0.4235 -0.06464992 -0.062312678
0.424 -0.06465439 -0.062313363
0.4245 -0.0646588 -0.062314026
0.425 -0.06466315 -0.062314674
0.4255 -0.06466745 -0.06231533
0.426 -0.06467169 -0.062315963
0.4265 -0.06467588 -0.062316567
0.427 -0.06468002 -0.06231717
0.4275 -0.0646841 -0.06231779
0.428 -0.06468813 -0.062318355
0.4285 -0.06469211 -0.06231895
0.429 -0.06469603 -0.062319517
0.4295 -0.06469991 -0.062320136
0.43 -0.06470374 -0.06232068
0.4305 -0.06470751 -0.06232121
0.431 -0.06471124 -0.06232176
0.4315 -0.06471492 -0.06232225
0.432 -0.06471856 -0.06232278
0.4325 -0.06472214 -0.062323295
0.433 -0.06472568 -0.062323794
0.4335 -0.06472918 -0.0623243
0.434 -0.06473263 -0.062324777
0.4345 -0.06473604 -0.06232526
0.435 -0.0647394 -0.062325716
0.4355 -0.06474272 -0.062326185
0.436 -0.064746 -0.062326647
0.4365 -0.06474923 -0.062327094
0.437 -0.06475242 -0.062327556
0.4375 -0.06475558 -0.06232796
0.438 -0.06475869 -0.06232836
0.4385 -0.06476176 -0.062328786
0.439 -0.0647648 -0.062329195
0.4395 -0.06476779 -0.062329613
0.44 -0.06477075 -0.06233
0.4405 -0.06477366 -0.062330402
0.441 -0.06477654 -0.062330782
0.4415 -0.06477939 -0.062331155
0.442 -0.06478219 -0.062331535
0.4425 -0.06478497 -0.062331878
0.443 -0.0647877 -0.062332243
0.4435 -0.0647904 -0.062332585
0.444 -0.06479307 -0.062332973
0.4445 -0.0647957 -0.062333323
0.445 -0.0647983 -0.06233368
0.4455 -0.06480087 -0.06233403
0.446 -0.0648034 -0.06233435
0.4465 -0.0648059 -0.062334687
0.447 -0.06480837 -0.062335007
0.4475 -0.0648108 -0.062335342
0.448 -0.06481321 -0.062335648
0.4485 -0.06481558 -0.062335968
0.449 -0.06481793 -0.062336273
0.4495 -0.06482024 -0.06233654
0.45 -0.06482253 -0.062336862
0.4505 -0.06482478 -0.062337145
0.451 -0.06482701 -0.06233743
0.4515 -0.06482921 -0.06233769
0.452 -0.06483138 -0.062337972
0.4525 -0.06483352 -0.062338233
0.453 -0.06483563 -0.06233851
0.4535 -0.06483772 -0.062338762
0.454 -0.06483978 -0.06233903
0.4545 -0.06484182 -0.062339284
0.455 -0.06484383 -0.062339522
0.4555 -0.06484581 -0.062339768
0.456 -0.06484777 -0.062340006
0.4565 -0.0648497 -0.062340245
0.457 -0.06485161 -0.062340476
0.4575 -0.06485349 -0.062340677
0.458 -0.06485535 -0.062340893
0.4585 -0.06485719 -0.06234111
0.459 -0.064859 -0.06234134
0.4595 -0.06486079 -0.062341563
0.46 -0.06486256 -0.06234178
0.4605 -0.0648643 -0.062341973
0.461 -0.06486602 -0.062342174
0.4615 -0.06486772 -0.062342398
0.462 -0.0648694 -0.0623426
0.4625 -0.06487106 -0.062342808
0.463 -0.06487269 -0.062343
0.4635 -0.06487431 -0.062343203
0.464 -0.0648759 -0.06234339
0.4645 -0.06487748 -0.06234359
0.465 -0.06487903 -0.06234376
0.4655 -0.06488057 -0.062343948
0.466 -0.06488208 -0.06234411
0.4665 -0.06488357 -0.06234429
0.467 -0.06488505 -0.062344447
0.4675 -0.06488651 -0.062344626
0.468 -0.06488795 -0.062344767
0.4685 -0.06488937 -0.06234493
0.469 -0.06489077 -0.06234508
0.4695 -0.06489215 -0.06234523
0.47 -0.06489352 -0.062345356
0.4705 -0.06489487 -0.062345527
0.471 -0.0648962 -0.062345676
0.4715 -0.06489752 -0.062345825
0.472 -0.06489882 -0.062345967
0.4725 -0.0649001 -0.06234611
0.473 -0.06490136 -0.062346235
0.4735 -0.06490261 -0.062346384
0.474 -0.06490385 -0.062346503
0.4745 -0.06490507 -0.062346637
0.475 -0.06490627 -0.06234677
0.4755 -0.06490746 -0.062346905
0.476 -0.06490863 -0.062347032
0.4765 -0.06490978 -0.06234713
0.477 -0.06491093 -0.06234725
0.4775 -0.06491205 -0.062347382
0.478 -0.06491317 -0.06234754
0.4785 -0.06491427 -0.062347643
0.479 -0.06491535 -0.06234777
0.4795 -0.06491642 -0.062347867
0.48 -0.06491748 -0.06234797
0.4805 -0.06491853 -0.062348098
0.481 -0.06491956 -0.062348202
0.4815 -0.06492058 -0.062348306
0.482 -0.06492158 -0.062348388
0.4825 -0.06492257 -0.062348507
0.483 -0.06492355 -0.062348597
0.4835 -0.06492452 -0.06234871
0.484 -0.06492548 -0.06234879
0.4845 -0.06492642 -0.062348895
0.485 -0.06492735 -0.062349
0.4855 -0.06492827 -0.06234911
0.486 -0.06492918 -0.062349185
0.4865 -0.06493007 -0.062349245
0.487 -0.06493096 -0.06234935
0.4875 -0.06493183 -0.06234944
0.488 -0.06493269 -0.062349543
0.4885 -0.06493354 -0.062349617
0.489 -0.06493438 -0.0623497
0.4895 -0.06493521 -0.06234979
0.49 -0.06493603 -0.06234985
0.4905 -0.06493684 -0.0623499
0.491 -0.06493764 -0.062349975
0.4915 -0.06493843 -0.062350072
0.492 -0.06493921 -0.062350124
0.4925 -0.06493997 -0.062350184
0.493 -0.06494073 -0.062350243
0.4935 -0.06494148 -0.062350303
0.494 -0.06494222 -0.0623504
0.4945 -0.06494295 -0.062350467
0.495 -0.06494367 -0.06235054
0.4955 -0.06494438 -0.062350616
0.496 -0.06494509 -0.06235069
0.4965 -0.06494578 -0.062350743
0.497 -0.06494647 -0.062350802
0.4975 -0.06494714 -0.062350854
0.498 -0.06494781 -0.06235093
0.4985 -0.06494847 -0.062350996
0.499 -0.06494912 -0.062351063
0.4995 -0.06494976 -0.062351122
