0.0 -0.065 -0.03643623
0.0005 -0.065 -0.05115523
0.001 -0.065 -0.05794332
0.0015 -0.065 -0.06157632
0.002 -0.065 -0.06388488
0.0025 -0.065 -0.06557738
0.003 -0.065 -0.06693151
0.0035 -0.065 -0.06806008
0.004 -0.065 -0.06901386
0.0045 -0.065 -0.06982064
0.005 -0.065 -0.070499845
0.0055 -0.065 -0.071067505
0.006 -0.065 -0.07153777
0.0065 -0.065 -0.07192338
0.007 -0.065 -0.07223571
0.0075 -0.065 -0.07248478
0.008 -0.065 -0.07267938
0.0085 -0.065 -0.07282708
0.009 -0.065 -0.07293447
0.0095 -0.065 -0.0730071
0.01 -0.065 -0.073049866
0.0105 -0.065 -0.07306688
0.011 -0.065 -0.0730617
0.0115 -0.065 -0.0730374
0.012 -0.065 -0.07299658
0.0125 -0.065 -0.072941534
0.013 -0.065 -0.07287426
0.0135 -0.065 -0.07279641
0.014 -0.065 -0.07270954
0.0145 -0.065 -0.072614916
0.015 -0.065 -0.07251367
0.0155 -0.065 -0.07240682
0.016 -0.065 -0.07229521
0.0165 -0.065 -0.07217964
0.017 -0.065 -0.072060786
0.0175 -0.065 -0.07193919
0.018 -0.065 -0.07181545
0.0185 -0.065 -0.07168997
0.019 -0.065 -0.07156318
0.0195 -0.065 -0.07143545
0.02 -0.065 -0.071307115
0.0205 -0.065 -0.07117843
0.021 -0.065 -0.07104964
0.0215 -0.065 -0.07092101
0.022 -0.065 -0.0707927
0.0225 -0.065 -0.070664875
0.023 -0.065 -0.07053771
0.0235 -0.065 -0.0704113
0.024 -0.065 -0.07028583
0.0245 -0.065 -0.07016135
0.025 -0.065 -0.07003797
0.0255 -0.065 -0.06991576
0.026 -0.065 -0.069794774
0.0265 -0.065 -0.06967509
0.027 -0.065 -0.06955675
0.0275 -0.065 -0.06943982
0.028 -0.065 -0.06932431
0.0285 -0.065 -0.06921025
0.029 -0.065 -0.06909766
0.0295 -0.065 -0.06898657
0.03 -0.065 -0.068877034
0.0305 -0.065 -0.068769
0.031 -0.065 -0.06866249
0.0315 -0.065 -0.06855752
0.032 -0.065 -0.06845408
0.0325 -0.065 -0.068352155
0.033 -0.065 -0.068251766
0.0335 -0.065 -0.06815293
0.034 -0.065 -0.0680556
0.0345 -0.065 -0.067959785
0.035 -0.065 -0.06786548
0.0355 -0.065 -0.067772664
0.036 -0.065 -0.06768129
0.0365 -0.065 -0.06759142
0.037 -0.065 -0.067503
0.0375 -0.065 -0.06741599
0.038 -0.065 -0.06733043
0.0385 -0.065 -0.06724625
0.039 -0.065 -0.06716347
0.0395 -0.065 -0.06708206
0.04 -0.065 -0.06700199
0.0405 -0.065 -0.06692327
0.041 -0.065 -0.06684586
0.0415 -0.065 -0.06676976
0.042 -0.065 -0.06669494
0.0425 -0.065 -0.06662137
0.043 -0.065 -0.066549055
0.0435 -0.065 -0.06647796
0.044 -0.065 -0.06640807
0.0445 -0.065 -0.0663394
0.045 -0.065 -0.06627188
0.0455 -0.065 -0.06620548
0.046 -0.065 -0.06614025
0.0465 -0.065 -0.06607612
0.047 -0.065 -0.06601309
0.0475 -0.065 -0.065951176
0.048 -0.065 -0.06589029
0.0485 -0.065 -0.065830454
0.049 -0.065 -0.06577167
0.0495 -0.065 -0.06571389
0.05 -0.065 -0.0656571
0.0505 -0.065 -0.065601274
0.051 -0.065 -0.065546386
0.0515 -0.065 -0.06549248
0.052 -0.065 -0.06543949
0.0525 -0.065 -0.065387435
0.053 -0.065 -0.065336265
0.0535 -0.065 -0.065286
0.054 -0.065 -0.06523657
0.0545 -0.065 -0.06518801
0.055 -0.065 -0.0651403
0.0555 -0.065 -0.06509341
0.056 -0.065 -0.06504731
0.0565 -0.065 -0.06500201
0.057 -0.065 -0.06495749
0.0575 -0.065 -0.064913765
0.058 -0.065 -0.06487076
0.0585 -0.065 -0.06482851
0.059 -0.065 -0.064786986
0.0595 -0.065 -0.06474618
0.06 -0.065 -0.064706065
0.0605 -0.065 -0.06466664
0.061 -0.065 -0.064627886
0.0615 -0.065 -0.0645898
0.062 -0.065 -0.06455239
0.0625 -0.065 -0.06451559
0.063 -0.065 -0.06447948
0.0635 -0.065 -0.06444394
0.064 -0.065 -0.064409025
0.0645 -0.065 -0.0643747
0.065 -0.065 -0.06434097
0.0655 -0.065 -0.06430781
0.066 -0.065 -0.06427521
0.0665 -0.065 -0.06424317
0.067 -0.065 -0.06421172
0.0675 -0.065 -0.06418078
0.068 -0.065 -0.06415038
0.0685 -0.065 -0.06412049
0.069 -0.065 -0.064091116
0.0695 -0.065 -0.06406224
0.07 -0.065 -0.064033836
0.0705 -0.065 -0.06400593
0.071 -0.065 -0.0639785
0.0715 -0.065 -0.06395155
0.072 -0.065 -0.06392501
0.0725 -0.065 -0.063898966
0.073 -0.065 -0.06387338
0.0735 -0.065 -0.06384821
0.074 -0.065 -0.063823454
0.0745 -0.065 -0.06379917
0.075 -0.065 -0.06377524
0.0755 -0.065 -0.06375174
0.076 -0.065 -0.06372862
0.0765 -0.065 -0.06370592
0.077 -0.065 -0.06368359
0.0775 -0.065 -0.06366164
0.078 -0.065 -0.06364006
0.0785 -0.065 -0.063618846
0.079 -0.065 -0.063597985
0.0795 -0.065 -0.06357748
0.08 -0.065 -0.063557275
0.0805 -0.065 -0.06353748
0.081 -0.065 -0.06351797
0.0815 -0.065 -0.063498825
0.082 -0.065 -0.06347998
0.0825 -0.065 -0.06346148
0.083 -0.065 -0.063443266
0.0835 -0.065 -0.06342538
0.084 -0.065 -0.063407786
0.0845 -0.065 -0.06339051
0.085 -0.065 -0.06337346
0.0855 -0.065 -0.063356735
0.086 -0.065 -0.06334028
0.0865 -0.065 -0.06332412
0.087 -0.065 -0.0633082
0.0875 -0.065 -0.0632926
0.088 -0.065 -0.06327723
0.0885 -0.065 -0.0632621
0.089 -0.065 -0.06324725
0.0895 -0.065 -0.06323265
0.09 -0.065 -0.06321828
0.0905 -0.065 -0.06320413
0.091 -0.065 -0.06319023
0.0915 -0.065 -0.06317659
0.092 -0.065 -0.06316315
0.0925 -0.065 -0.06314993
0.093 -0.065 -0.06313691
0.0935 -0.065 -0.06312413
0.094 -0.065 -0.06311155
0.0945 -0.065 -0.06309919
0.095 -0.065 -0.06308706
0.0955 -0.065 -0.0630751
0.096 -0.065 -0.06306336
0.0965 -0.065 -0.06305183
0.097 -0.065 -0.063040435
0.0975 -0.065 -0.063029304
0.098 -0.065 -0.063018315
0.0985 -0.065 -0.063007474
0.099 -0.065 -0.06299683
0.0995 -0.065 -0.062986344
0.1 -0.065 -0.06102389
0.1005 -0.05205612 -0.05651801
0.101 -0.03678555 -0.051083848
0.1015 -0.02642051 -0.045279346
0.102 -0.01935535 -0.039345913
0.1025 -0.01394585 -0.033400632
0.103 -0.009311454 -0.027503923
0.1035 -0.005023821 -0.02168782
0.104 -0.0008967279 -0.015968874
0.1045 0.003115461 -0.010355302
0.105 0.007031527 -0.0048501645
0.1055 0.01091859 0.0005462462
0.106 0.01480548 0.0058352645
0.1065 0.01868723 0.011019341
0.107 0.02255614 0.01610127
0.1075 0.02642019 0.021084249
0.108 0.03027984 0.025971502
0.1085 0.03413009 0.030766226
0.109 0.03796465 0.035471477
0.1095 0.0417781 0.040090285
0.11 0.04556702 0.044625558
0.1105 0.04932908 0.049079858
0.111 0.05306279 0.053455792
0.1115 0.05676717 0.05775571
0.112 0.06044165 0.061981864
0.1125 0.06408584 0.0661364
0.113 0.06769939 0.07022127
0.1135 0.07128201 0.07423841
0.114 0.07483355 0.07818956
0.1145 0.07835392 0.08207632
0.115 0.08184136 0.0859003
0.1155 0.08527853 0.08966297
0.116 0.08867512 0.09336575
0.1165 0.09204577 0.09700993
0.117 0.09539416 0.10059678
0.1175 0.09870711 0.10412747
0.118 0.1019618 0.10760311
0.1185 0.1051808 0.11102492
0.119 0.1083802 0.11439381
0.1195 0.1115629 0.117710896
0.12 0.1147258 0.116617925
0.1205 0.1049299 0.11489616
0.121 0.09277654 0.1127663
0.1215 0.08547971 0.11037662
0.122 0.08143629 0.1078277
0.1225 0.07900257 0.1051892
0.123 0.07729642 0.10251009
0.1235 0.07590759 0.099825345
0.124 0.07465371 0.09716034
0.1245 0.07345467 0.09453359
0.125 0.07227535 0.09195842
0.1255 0.0711003 0.08944453
0.126 0.06992273 0.086998165
0.1265 0.06873979 0.084623605
0.127 0.0675505 0.08232301
0.1275 0.06635472 0.080097064
0.128 0.06515279 0.077945404
0.1285 0.06394525 0.07586654
0.129 0.06273214 0.07385848
0.1295 0.06150928 0.07191852
0.13 0.06028057 0.07004368
0.1305 0.05905091 0.06823071
0.131 0.05782196 0.066476434
0.1315 0.05659383 0.0647772
0.132 0.05536576 0.06312983
0.1325 0.05413791 0.06153083
0.133 0.05291107 0.059977047
0.1335 0.05168566 0.05846543
0.134 0.05046203 0.05699291
0.1345 0.04924055 0.055556804
0.135 0.04802162 0.054154538
0.1355 0.04680568 0.052783586
0.136 0.04559316 0.051441625
0.1365 0.04438451 0.050126642
0.137 0.04318013 0.048836634
0.1375 0.04198043 0.047569923
0.138 0.0407858 0.046324827
0.1385 0.03959659 0.045099825
0.139 0.03841315 0.04389356
0.1395 0.03723579 0.042704836
0.14 0.03606481 0.041532442
0.1405 0.03490051 0.04037545
0.141 0.03374313 0.039232768
0.1415 0.03259294 0.038103767
0.142 0.03145015 0.03698749
0.1425 0.030315 0.03588342
0.143 0.02918768 0.034790836
0.1435 0.02806837 0.03370922
0.144 0.02695725 0.03263814
0.1445 0.02585449 0.031577103
0.145 0.02476023 0.030525655
0.1455 0.02367461 0.029483534
0.146 0.02259777 0.028450347
0.1465 0.0215298 0.027425855
0.147 0.02047083 0.026409812
0.1475 0.01942094 0.02540192
0.148 0.01838023 0.024402134
0.1485 0.01734877 0.023410238
0.149 0.01632663 0.022425994
0.1495 0.01531388 0.021449246
0.15 0.01431056 0.020480014
0.1505 0.01331673 0.019518107
0.151 0.01233242 0.018563464
0.1515 0.01135767 0.017616034
0.152 0.0103925 0.01667568
0.1525 0.009436926 0.015742429
0.153 0.008490972 0.014816186
0.1535 0.007554641 0.013896837
0.154 0.006627938 0.012984498
0.1545 0.00571086 0.012079111
0.155 0.0048034 0.011180579
0.1555 0.003905547 0.010288886
0.156 0.003017285 0.009404085
0.1565 0.002138594 0.00852619
0.157 0.001269451 0.0076550613
0.1575 0.0004098274 0.0067908536
0.158 -0.0004403072 0.005933463
0.1585 -0.001280987 0.00508289
0.159 -0.002112251 0.004239216
0.1595 -0.002934138 0.0034023817
0.16 -0.003746693 0.002572372
0.1605 -0.004549961 0.0017492765
0.161 -0.00534399 0.0009330505
0.1615 -0.006128833 0.00012366415
0.162 -0.006904541 -0.0006787783
0.1625 -0.00767117 -0.0014743662
0.163 -0.008428778 -0.0022630696
0.1635 -0.009177423 -0.0030448516
0.164 -0.009917166 -0.0038196896
0.1645 -0.01064807 -0.0045876955
0.165 -0.0113702 -0.0053487127
0.1655 -0.01208361 -0.0061027934
0.166 -0.01278839 -0.0068500047
0.1665 -0.01348458 -0.007590242
0.167 -0.01417227 -0.008323521
0.1675 -0.01485152 -0.009049856
0.168 -0.0155224 -0.009769254
0.1685 -0.01618499 -0.010481776
0.169 -0.01683935 -0.011187323
0.1695 -0.01748556 -0.011885897
0.17 -0.01812369 -0.012577579
0.1705 -0.01875382 -0.0132623175
0.171 -0.01937602 -0.013940089
0.1715 -0.01999037 -0.0146110365
0.172 -0.02059694 -0.015275077
0.1725 -0.0211958 -0.015932128
0.173 -0.02178704 -0.016582385
0.1735 -0.02237072 -0.017225765
0.174 -0.02294693 -0.017862193
0.1745 -0.02351574 -0.018491834
0.175 -0.02407723 -0.019114636
0.1755 -0.02463147 -0.01973062
0.176 -0.02517854 -0.020339802
0.1765 -0.02571851 -0.020942211
0.177 -0.02625147 -0.021537825
0.1775 -0.02677748 -0.022126697
0.178 -0.02729663 -0.02270884
0.1785 -0.02780899 -0.023284338
0.179 -0.02831463 -0.023853108
0.1795 -0.02881363 -0.024415262
0.18 -0.02930606 -0.024970807
0.1805 -0.02979201 -0.025519736
0.181 -0.03027153 -0.026062168
0.1815 -0.03074471 -0.026598021
0.182 -0.03121163 -0.0271274
0.1825 -0.03167234 -0.02765029
0.183 -0.03212693 -0.028166741
0.1835 -0.03257547 -0.028676808
0.184 -0.03301803 -0.029180504
0.1845 -0.03345468 -0.02967789
0.185 -0.03388549 -0.03016898
0.1855 -0.03431053 -0.03065382
0.186 -0.03472987 -0.031132445
0.1865 -0.03514358 -0.031604916
0.187 -0.03555174 -0.032071225
0.1875 -0.0359544 -0.032531485
0.188 -0.03635163 -0.03298574
0.1885 -0.03674351 -0.03343389
0.189 -0.0371301 -0.033876143
0.1895 -0.03751146 -0.03431245
0.19 -0.03788766 -0.034742907
0.1905 -0.03825876 -0.03516753
0.191 -0.03862484 -0.035586357
0.1915 -0.03898595 -0.035999455
0.192 -0.03934215 -0.036406852
0.1925 -0.03969351 -0.036808632
0.193 -0.04004009 -0.037204795
0.1935 -0.04038196 -0.037595466
0.194 -0.04071916 -0.037980676
0.1945 -0.04105177 -0.038360372
0.195 -0.04137983 -0.038734727
0.1955 -0.04170342 -0.03910376
0.196 -0.04202259 -0.039467476
0.1965 -0.04233739 -0.039825976
0.197 -0.04264789 -0.040179275
0.1975 -0.04295413 -0.040527493
0.198 -0.04325618 -0.040870607
0.1985 -0.04355409 -0.041208662
0.199 -0.04384791 -0.041541822
0.1995 -0.0441377 -0.041870028
0.2 -0.04442352 -0.04219334
0.2005 -0.04470541 -0.042511873
0.201 -0.04498342 -0.042825677
0.2015 -0.04525761 -0.043134764
0.202 -0.04552804 -0.04343921
0.2025 -0.04579474 -0.043739006
0.203 -0.04605777 -0.044034317
0.2035 -0.04631718 -0.04432512
0.204 -0.04657302 -0.044611514
0.2045 -0.04682533 -0.04489351
0.205 -0.04707417 -0.045171216
0.2055 -0.04731958 -0.045444578
0.206 -0.0475616 -0.045713797
0.2065 -0.04780028 -0.045978792
0.207 -0.04803567 -0.04623971
0.2075 -0.04826781 -0.046496533
0.208 -0.04849675 -0.04674936
0.2085 -0.04872252 -0.046998255
0.209 -0.04894518 -0.047243223
0.2095 -0.04916476 -0.04748436
0.21 -0.04938131 -0.04772169
0.2105 -0.04959487 -0.047955297
0.211 -0.04980548 -0.048185192
0.2115 -0.05001317 -0.048411466
0.212 -0.050218 -0.04863412
0.2125 -0.05041999 -0.048853263
0.213 -0.05061919 -0.049068905
0.2135 -0.05081564 -0.049281113
0.214 -0.05100937 -0.049489923
0.2145 -0.05120042 -0.04969541
0.215 -0.05138882 -0.049897574
0.2155 -0.05157463 -0.05009651
0.216 -0.05175786 -0.05029224
0.2165 -0.05193856 -0.050484814
0.217 -0.05211675 -0.050674282
0.2175 -0.05229249 -0.050860703
0.218 -0.05246579 -0.05104406
0.2185 -0.0526367 -0.051224522
0.219 -0.05280524 -0.05140204
0.2195 -0.05297145 -0.05157671
0.22 -0.05313536 -0.051748537
0.2205 -0.053297 -0.05191756
0.221 -0.05345641 -0.052083828
0.2215 -0.05361361 -0.052247442
0.222 -0.05376864 -0.052408352
0.2225 -0.05392152 -0.0525667
0.223 -0.0540723 -0.052722447
0.2235 -0.05422098 -0.052875653
0.224 -0.05436761 -0.053026363
0.2245 -0.05451222 -0.053174607
0.225 -0.05465482 -0.053320475
0.2255 -0.05479545 -0.05346396
0.226 -0.05493414 -0.053605124
0.2265 -0.05507092 -0.05374395
0.227 -0.0552058 -0.053880535
0.2275 -0.05533882 -0.054014884
0.228 -0.05547 -0.054147072
0.2285 -0.05559937 -0.05427707
0.229 -0.05572695 -0.054404944
0.2295 -0.05585278 -0.05453077
0.23 -0.05597686 -0.054654546
0.2305 -0.05609923 -0.05477629
0.231 -0.05621991 -0.054896057
0.2315 -0.05633893 -0.055013858
0.232 -0.05645631 -0.05512978
0.2325 -0.05657206 -0.055243827
0.233 -0.05668622 -0.055355966
0.2335 -0.05679881 -0.055466324
0.234 -0.05690984 -0.05557488
0.2345 -0.05701934 -0.05568167
0.235 -0.05712733 -0.055786744
0.2355 -0.05723384 -0.05589012
0.236 -0.05733887 -0.055991814
0.2365 -0.05744246 -0.056091852
0.237 -0.05754463 -0.056190297
0.2375 -0.05764538 -0.05628714
0.238 -0.05774475 -0.056382395
0.2385 -0.05784276 -0.05647614
0.239 -0.05793941 -0.056568354
0.2395 -0.05803473 -0.056659065
0.24 -0.05812874 -0.056748368
0.2405 -0.05822146 -0.056836173
0.241 -0.05831291 -0.056922607
0.2415 -0.0584031 -0.057007626
0.242 -0.05849205 -0.05709131
0.2425 -0.05857977 -0.057173662
0.243 -0.05866629 -0.057254642
0.2435 -0.05875163 -0.057334363
0.244 -0.05883579 -0.05741281
0.2445 -0.05891879 -0.05749
0.245 -0.05900066 -0.057565957
0.2455 -0.05908141 -0.057640687
0.246 -0.05916104 -0.057714283
0.2465 -0.05923959 -0.057786666
0.247 -0.05931706 -0.057857893
0.2475 -0.05939346 -0.057927974
0.248 -0.05946882 -0.057996944
0.2485 -0.05954315 -0.05806484
0.249 -0.05961646 -0.058131665
0.2495 -0.05968876 -0.058197424
0.25 -0.05976008 -0.058262132
0.2505 -0.05983042 -0.058325835
0.251 -0.0598998 -0.058388494
0.2515 -0.05996823 -0.058450185
0.252 -0.06003572 -0.058510892
0.2525 -0.06010229 -0.05857064
0.253 -0.06016795 -0.05862943
0.2535 -0.06023271 -0.05868733
0.254 -0.06029659 -0.05874428
0.2545 -0.0603596 -0.058800347
0.255 -0.06042175 -0.058855534
0.2555 -0.06048305 -0.05890985
0.256 -0.06054351 -0.05896333
0.2565 -0.06060315 -0.059015967
0.257 -0.06066197 -0.059067756
0.2575 -0.06071999 -0.0591188
0.258 -0.06077722 -0.059168972
0.2585 -0.06083368 -0.059218384
0.259 -0.06088936 -0.05926703
0.2595 -0.06094428 -0.059314907
0.26 -0.06099846 -0.05936204
0.2605 -0.0610519 -0.059408434
0.261 -0.06110461 -0.05945412
0.2615 -0.06115661 -0.059499122
0.262 -0.0612079 -0.05954338
0.2625 -0.06125849 -0.05958695
0.263 -0.06130839 -0.059629843
0.2635 -0.06135762 -0.059672087
0.264 -0.06140617 -0.05971364
0.2645 -0.06145407 -0.059754595
0.265 -0.06150132 -0.059794888
0.2655 -0.06154793 -0.059834562
0.266 -0.0615939 -0.059873633
0.2665 -0.06163925 -0.05991207
0.267 -0.06168399 -0.059949927
0.2675 -0.06172811 -0.059987195
0.268 -0.06177165 -0.060023874
0.2685 -0.06181459 -0.060059972
0.269 -0.06185695 -0.060095556
0.2695 -0.06189873 -0.060130566
0.27 -0.06193995 -0.060165063
0.2705 -0.06198062 -0.060199
0.271 -0.06202073 -0.06023243
0.2715 -0.0620603 -0.060265303
0.272 -0.06209933 -0.060297713
0.2725 -0.06213784 -0.060329616
0.273 -0.06217583 -0.06036102
0.2735 -0.0622133 -0.06039194
0.274 -0.06225027 -0.06042236
0.2745 -0.06228674 -0.060452327
0.275 -0.06232271 -0.060481824
0.2755 -0.0623582 -0.06051088
0.276 -0.06239322 -0.060539506
0.2765 -0.06242776 -0.060567647
0.277 -0.06246183 -0.0605954
0.2775 -0.06249544 -0.060622692
0.278 -0.06252861 -0.060649566
0.2785 -0.06256132 -0.06067604
0.279 -0.0625936 -0.0607021
0.2795 -0.06262544 -0.060727738
0.28 -0.06265685 -0.060753018
0.2805 -0.06268784 -0.060777888
0.281 -0.06271841 -0.060802355
0.2815 -0.06274857 -0.060826488
0.282 -0.06277832 -0.060850255
0.2825 -0.06280768 -0.060873628
0.283 -0.06283664 -0.060896635
0.2835 -0.06286521 -0.060919292
0.284 -0.0628934 -0.060941637
0.2845 -0.06292121 -0.06096361
0.285 -0.06294864 -0.060985222
0.2855 -0.06297571 -0.06100654
0.286 -0.06300242 -0.06102749
0.2865 -0.06302876 -0.061048128
0.287 -0.06305476 -0.06106849
0.2875 -0.0630804 -0.061088532
0.288 -0.0631057 -0.061108246
0.2885 -0.06313066 -0.061127625
0.289 -0.06315529 -0.061146744
0.2895 -0.06317959 -0.06116558
0.29 -0.06320356 -0.061184093
0.2905 -0.06322722 -0.061202332
0.291 -0.06325055 -0.06122029
0.2915 -0.06327357 -0.06123796
0.292 -0.06329629 -0.06125536
0.2925 -0.0633187 -0.06127251
0.293 -0.06334081 -0.06128937
0.2935 -0.06336263 -0.061306007
0.294 -0.06338416 -0.06132236
0.2945 -0.0634054 -0.061338462
0.295 -0.06342635 -0.061354354
0.2955 -0.06344702 -0.06136997
0.296 -0.06346742 -0.061385334
0.2965 -0.06348755 -0.061400488
0.297 -0.06350741 -0.061415374
0.2975 -0.063527 -0.061430052
0.298 -0.06354633 -0.06144452
0.2985 -0.06356541 -0.061458714
0.299 -0.06358423 -0.061472684
0.2995 -0.0636028 -0.061486468
0.3 -0.06362112 -0.061500035
0.3005 -0.0636392 -0.06151344
0.301 -0.06365704 -0.061526567
0.3015 -0.06367464 -0.061539546
0.302 -0.06369201 -0.06155227
0.3025 -0.06370914 -0.06156484
0.303 -0.06372605 -0.06157718
0.3035 -0.06374273 -0.061589338
0.304 -0.06375919 -0.06160134
0.3045 -0.06377544 -0.061613135
0.305 -0.06379146 -0.06162475
0.3055 -0.06380728 -0.061636217
0.306 -0.06382288 -0.061647467
0.3065 -0.06383828 -0.061658554
0.307 -0.06385347 -0.061669484
0.3075 -0.06386846 -0.061680213
0.308 -0.06388326 -0.061690785
0.3085 -0.06389785 -0.061701216
0.309 -0.06391225 -0.061711468
0.3095 -0.06392647 -0.061721586
0.31 -0.06394049 -0.061731517
0.3105 -0.06395433 -0.061741292
0.311 -0.06396798 -0.061750956
0.3115 -0.06398145 -0.061760433
0.312 -0.06399475 -0.06176979
0.3125 -0.06400787 -0.061779
0.313 -0.06402081 -0.061788008
0.3135 -0.06403359 -0.061796896
0.314 -0.06404619 -0.061805673
0.3145 -0.06405863 -0.061814293
0.315 -0.06407091 -0.06182281
0.3155 -0.06408302 -0.061831154
0.316 -0.06409497 -0.061839424
0.3165 -0.06410677 -0.061847508
0.317 -0.0641184 -0.061855495
0.3175 -0.06412989 -0.061863348
0.318 -0.06414122 -0.061871067
0.3185 -0.06415241 -0.061878674
0.319 -0.06416344 -0.06188616
0.3195 -0.06417433 -0.061893545
0.32 -0.06418508 -0.061900795
0.3205 -0.06419568 -0.06190794
0.321 -0.06420615 -0.06191498
0.3215 -0.06421648 -0.061921917
0.322 -0.06422667 -0.06192874
0.3225 -0.06423673 -0.06193544
0.323 -0.06424665 -0.061942033
0.3235 -0.06425644 -0.061948508
0.324 -0.06426611 -0.061954908
0.3245 -0.06427565 -0.061961204
0.325 -0.06428506 -0.061967418
0.3255 -0.06429435 -0.06197355
0.326 -0.06430351 -0.061979562
0.3265 -0.06431256 -0.061985455
0.327 -0.06432148 -0.06199128
0.3275 -0.06433029 -0.06199699
0.328 -0.06433899 -0.06200262
0.3285 -0.06434757 -0.062008195
0.329 -0.06435603 -0.06201364
0.3295 -0.06436439 -0.062019065
0.33 -0.06437263 -0.062024362
0.3305 -0.06438077 -0.06202957
0.331 -0.0643888 -0.062034704
0.3315 -0.06439673 -0.06203977
0.332 -0.06440455 -0.062044762
0.3325 -0.06441227 -0.062049642
0.333 -0.06441988 -0.062054463
0.3335 -0.0644274 -0.06205923
0.334 -0.06443482 -0.062063873
0.3345 -0.06444214 -0.062068477
0.335 -0.06444937 -0.062072992
0.3355 -0.0644565 -0.062077463
0.336 -0.06446354 -0.062081836
0.3365 -0.06447048 -0.06208618
0.337 -0.06447733 -0.06209042
0.3375 -0.0644841 -0.0620946
0.338 -0.06449078 -0.062098704
0.3385 -0.06449736 -0.06210275
0.339 -0.06450387 -0.06210675
0.3395 -0.06451028 -0.062110692
0.34 -0.06451662 -0.062114537
0.3405 -0.06452287 -0.062118337
0.341 -0.06452904 -0.06212207
0.3415 -0.06453513 -0.06212575
0.342 -0.06454113 -0.062129363
0.3425 -0.06454706 -0.062132925
0.343 -0.06455292 -0.062136456
0.3435 -0.06455869 -0.06213989
0.344 -0.06456439 -0.06214331
0.3445 -0.06457002 -0.06214665
0.345 -0.06457557 -0.062149964
0.3455 -0.06458105 -0.062153213
0.346 -0.06458646 -0.0621564
0.3465 -0.0645918 -0.062159546
0.347 -0.06459707 -0.06216263
0.3475 -0.06460227 -0.062165678
0.348 -0.0646074 -0.06216868
0.3485 -0.06461247 -0.062171623
0.349 -0.06461747 -0.062174544
0.3495 -0.0646224 -0.06217739
0.35 -0.06462727 -0.062180214
0.3505 -0.06463208 -0.062182985
0.351 -0.06463682 -0.062185697
0.3515 -0.0646415 -0.062188357
0.352 -0.06464612 -0.062190987
0.3525 -0.06465068 -0.06219358
0.353 -0.06465518 -0.062196136
0.3535 -0.06465963 -0.062198676
0.354 -0.06466401 -0.062201172
0.3545 -0.06466834 -0.06220361
0.355 -0.06467261 -0.06220603
0.3555 -0.06467683 -0.062208377
0.356 -0.06468099 -0.06221071
0.3565 -0.0646851 -0.06221298
0.357 -0.06468915 -0.062215224
0.3575 -0.06469315 -0.062217444
0.358 -0.0646971 -0.06221962
0.3585 -0.064701 -0.06222175
0.359 -0.06470484 -0.06222385
0.3595 -0.06470864 -0.06222596
0.36 -0.06471239 -0.062228
0.3605 -0.06471609 -0.06222999
0.361 -0.06471974 -0.062231995
0.3615 -0.06472334 -0.06223394
0.362 -0.0647269 -0.062235847
0.3625 -0.06473041 -0.06223774
0.363 -0.06473388 -0.062239617
0.3635 -0.0647373 -0.062241428
0.364 -0.06474067 -0.062243223
0.3645 -0.064744 -0.06224499
0.365 -0.06474729 -0.062246762
0.3655 -0.06475054 -0.06224847
0.366 -0.06475374 -0.062250152
0.3665 -0.06475691 -0.06225182
0.367 -0.06476003 -0.06225346
0.3675 -0.06476311 -0.062255085
0.368 -0.06476615 -0.06225664
0.3685 -0.06476915 -0.0622582
0.369 -0.06477212 -0.06225972
0.3695 -0.06477504 -0.06226123
0.37 -0.06477793 -0.06226272
0.3705 -0.06478078 -0.06226419
0.371 -0.06478359 -0.062265642
0.3715 -0.06478637 -0.062267087
0.372 -0.06478911 -0.06226845
0.3725 -0.06479181 -0.062269837
0.373 -0.06479448 -0.062271155
0.3735 -0.06479712 -0.06227251
0.374 -0.06479972 -0.0622738
0.3745 -0.06480228 -0.062275074
0.375 -0.06480482 -0.06227638
0.3755 -0.06480732 -0.062277608
0.376 -0.06480979 -0.062278822
0.3765 -0.06481223 -0.06228003
0.377 -0.06481463 -0.06228122
0.3775 -0.06481701 -0.0622824
0.378 -0.06481935 -0.06228353
0.3785 -0.06482167 -0.062284663
0.379 -0.06482395 -0.062285766
0.3795 -0.0648262 -0.062286854
0.38 -0.06482843 -0.06228795
0.3805 -0.06483063 -0.062288985
0.381 -0.06483279 -0.06229005
0.3815 -0.06483493 -0.06229108
0.382 -0.06483705 -0.06229209
0.3825 -0.06483913 -0.062293097
0.383 -0.06484119 -0.06229409
0.3835 -0.06484322 -0.06229505
0.384 -0.06484523 -0.062296025
0.3845 -0.06484721 -0.062296987
0.385 -0.06484916 -0.062297903
0.3855 -0.06485109 -0.06229879
0.386 -0.064853 -0.0622997
0.3865 -0.06485488 -0.062300563
0.387 -0.06485673 -0.062301457
0.3875 -0.06485856 -0.062302276
0.388 -0.06486037 -0.062303133
0.3885 -0.06486216 -0.06230393
0.389 -0.06486392 -0.062304728
0.3895 -0.06486566 -0.062305532
0.39 -0.06486737 -0.062306292
0.3905 -0.06486907 -0.062307075
0.391 -0.06487074 -0.062307872
0.3915 -0.06487239 -0.062308595
0.392 -0.06487402 -0.062309325
0.3925 -0.06487563 -0.062310062
0.393 -0.06487722 -0.062310755
0.3935 -0.06487879 -0.06231144
0.394 -0.06488034 -0.06231214
0.3945 -0.06488186 -0.06231285
0.395 -0.06488337 -0.062313497
0.3955 -0.06488486 -0.062314138
0.396 -0.06488633 -0.062314793
0.3965 -0.06488778 -0.062315434
0.397 -0.06488921 -0.06231603
0.3975 -0.06489063 -0.06231665
0.398 -0.06489202 -0.06231726
0.3985 -0.0648934 -0.062317856
0.399 -0.06489476 -0.062318437
0.3995 -0.0648961 -0.062319025
0.4 -0.06489743 -0.062319584
0.4005 -0.06489874 -0.062320173
0.401 -0.06490003 -0.06232071
0.4015 -0.0649013 -0.062321253
0.402 -0.06490256 -0.06232176
0.4025 -0.0649038 -0.06232226
0.403 -0.06490503 -0.06232281
0.4035 -0.06490624 -0.06232328
0.404 -0.06490743 -0.06232381
0.4045 -0.06490861 -0.0623243
0.405 -0.06490978 -0.0623248
0.4055 -0.06491093 -0.06232529
0.406 -0.06491206 -0.062325746
0.4065 -0.06491318 -0.062326215
0.407 -0.06491429 -0.062326677
0.4075 -0.06491538 -0.0623271
0.408 -0.06491646 -0.062327534
0.4085 -0.06491752 -0.06232799
0.409 -0.06491857 -0.062328413
0.4095 -0.06491961 -0.062328838
0.41 -0.06492063 -0.062329262
0.4105 -0.06492164 -0.062329672
0.411 -0.06492264 -0.062330082
0.4115 -0.06492363 -0.062330484
0.412 -0.0649246 -0.062330887
0.4125 -0.06492556 -0.062331267
0.413 -0.06492651 -0.062331676
0.4135 -0.06492744 -0.06233205
0.414 -0.06492836 -0.06233242
0.4145 -0.06492928 -0.062332764
0.415 -0.06493018 -0.062333092
0.4155 -0.06493106 -0.062333457
0.416 -0.06493194 -0.062333785
0.4165 -0.06493281 -0.062334105
0.417 -0.06493366 -0.062334433
0.4175 -0.0649345 -0.06233477
0.418 -0.06493534 -0.06233509
0.4185 -0.06493616 -0.06233541
0.419 -0.06493697 -0.06233573
0.4195 -0.06493777 -0.062336043
0.42 -0.06493856 -0.06233634
0.4205 -0.06493935 -0.062336616
0.421 -0.06494012 -0.062336937
0.4215 -0.06494088 -0.06233719
0.422 -0.06494163 -0.062337473
0.4225 -0.06494237 -0.06233775
0.423 -0.0649431 -0.062338024
0.4235 -0.06494383 -0.0623383
0.424 -0.06494454 -0.062338546
0.4245 -0.06494524 -0.062338807
0.425 -0.06494594 -0.062339053
0.4255 -0.06494663 -0.062339313
0.426 -0.0649473 -0.06233953
0.4265 -0.06494797 -0.062339783
0.427 -0.06494863 -0.062340014
0.4275 -0.06494929 -0.062340237
0.428 -0.06494993 -0.062340483
0.4285 -0.06495057 -0.062340744
0.429 -0.06495119 -0.062340982
0.4295 -0.06495181 -0.062341183
0.43 -0.06495242 -0.062341407
0.4305 -0.06495303 -0.0623416
0.431 -0.06495362 -0.062341824
0.4315 -0.06495421 -0.06234204
0.432 -0.06495479 -0.062342264
0.4325 -0.06495537 -0.062342428
0.433 -0.06495593 -0.062342666
0.4335 -0.06495649 -0.062342852
0.434 -0.06495705 -0.062343076
0.4345 -0.06495759 -0.062343255
0.435 -0.06495813 -0.06234344
0.4355 -0.06495866 -0.062343612
0.436 -0.06495918 -0.06234379
0.4365 -0.0649597 -0.062343962
0.437 -0.06496021 -0.06234415
0.4375 -0.06496072 -0.062344328
0.438 -0.06496122 -0.0623445
0.4385 -0.06496171 -0.062344648
0.439 -0.06496219 -0.06234479
0.4395 -0.06496267 -0.06234493
0.44 -0.06496315 -0.06234511
0.4405 -0.06496361 -0.062345266
0.441 -0.06496407 -0.062345408
0.4415 -0.06496453 -0.062345535
0.442 -0.06496498 -0.0623457
0.4425 -0.06496542 -0.06234584
0.443 -0.06496586 -0.06234598
0.4435 -0.06496629 -0.0623461
0.444 -0.06496672 -0.062346235
0.4445 -0.06496714 -0.06234636
0.445 -0.06496756 -0.062346533
0.4455 -0.06496797 -0.062346652
0.446 -0.06496837 -0.0623468
0.4465 -0.06496878 -0.062346913
0.447 -0.06496917 -0.062347054
0.4475 -0.06496956 -0.062347174
0.448 -0.06496995 -0.062347293
0.4485 -0.06497033 -0.06234742
0.449 -0.0649707 -0.062347546
0.4495 -0.06497107 -0.062347665
0.45 -0.06497144 -0.062347777
0.4505 -0.0649718 -0.062347867
0.451 -0.06497216 -0.062348
0.4515 -0.06497251 -0.06234809
0.452 -0.06497286 -0.06234821
0.4525 -0.0649732 -0.0623483
0.453 -0.06497354 -0.062348403
0.4535 -0.06497388 -0.062348507
0.454 -0.06497421 -0.06234862
0.4545 -0.06497453 -0.06234874
0.455 -0.06497486 -0.062348828
0.4555 -0.06497517 -0.06234891
0.456 -0.06497549 -0.06234902
0.4565 -0.0649758 -0.062349096
0.457 -0.0649761 -0.062349208
0.4575 -0.06497641 -0.062349267
0.458 -0.06497671 -0.06234937
0.4585 -0.064977 -0.06234944
0.459 -0.06497729 -0.062349536
0.4595 -0.06497758 -0.06234964
0.46 -0.06497786 -0.062349737
0.4605 -0.06497814 -0.062349796
0.461 -0.06497842 -0.06234987
0.4615 -0.06497869 -0.062349916
0.462 -0.06497896 -0.062350005
0.4625 -0.06497923 -0.062350087
0.463 -0.06497949 -0.062350154
0.4635 -0.06497975 -0.06235022
0.464 -0.06498 -0.062350266
0.4645 -0.06498026 -0.062350355
0.465 -0.06498051 -0.062350422
0.4655 -0.06498075 -0.06235048
0.466 -0.064981 -0.062350564
0.4665 -0.06498124 -0.06235064
0.467 -0.06498147 -0.062350705
0.4675 -0.06498171 -0.062350765
0.468 -0.06498194 -0.062350824
0.4685 -0.06498217 -0.062350884
0.469 -0.06498239 -0.062350944
0.4695 -0.06498261 -0.062350996
0.47 -0.06498283 -0.062351063
0.4705 -0.06498305 -0.062351145
0.471 -0.06498327 -0.062351197
0.4715 -0.06498348 -0.06235122
0.472 -0.06498369 -0.062351294
0.4725 -0.06498389 -0.062351353
0.473 -0.06498409 -0.062351428
0.4735 -0.0649843 -0.062351465
0.474 -0.06498449 -0.062351517
0.4745 -0.06498469 -0.062351555
0.475 -0.06498488 -0.0623516
0.4755 -0.06498507 -0.06235168
0.476 -0.06498526 -0.062351726
0.4765 -0.06498545 -0.062351763
0.477 -0.06498563 -0.062351815
0.4775 -0.06498581 -0.062351838
0.478 -0.06498599 -0.062351897
0.4785 -0.06498617 -0.062351964
0.479 -0.06498634 -0.062352017
0.4795 -0.06498652 -0.06235207
0.48 -0.06498669 -0.0623521
0.4805 -0.06498685 -0.062352113
0.481 -0.06498702 -0.062352166
0.4815 -0.06498718 -0.06235221
0.482 -0.06498735 -0.06235224
0.4825 -0.06498751 -0.06235227
0.483 -0.06498766 -0.062352322
0.4835 -0.06498782 -0.06235233
0.484 -0.06498797 -0.062352397
0.4845 -0.06498812 -0.062352456
0.485 -0.06498827 -0.06235248
0.4855 -0.06498842 -0.062352523
0.486 -0.06498857 -0.062352553
0.4865 -0.06498871 -0.062352583
0.487 -0.06498885 -0.062352613
0.4875 -0.064989 -0.06235268
0.488 -0.06498913 -0.062352695
0.4885 -0.06498927 -0.062352747
0.489 -0.06498941 -0.06235276
0.4895 -0.06498954 -0.06235279
0.49 -0.06498967 -0.06235283
0.4905 -0.0649898 -0.062352866
0.491 -0.06498993 -0.06235289
0.4915 -0.06499006 -0.062352918
0.492 -0.06499018 -0.062352955
0.4925 -0.06499031 -0.062352985
0.493 -0.06499043 -0.06235303
0.4935 -0.06499055 -0.062353037
0.494 -0.06499067 -0.062353052
0.4945 -0.06499079 -0.062353082
0.495 -0.0649909 -0.06235311
0.4955 -0.06499102 -0.06235312
0.496 -0.06499113 -0.06235315
0.4965 -0.06499124 -0.062353194
0.497 -0.06499135 -0.062353216
0.4975 -0.06499146 -0.062353246
0.498 -0.06499157 -0.06235327
0.4985 -0.06499168 -0.062353298
0.499 -0.06499178 -0.062353298
0.4995 -0.06499188 -0.06235335
