0.0 -0.065 -0.038749147
0.0005 -0.065 -0.05526321
0.001 -0.065 -0.06580325
0.0015 -0.065 -0.07255045
0.002 -0.065 -0.07684243
0.0025 -0.065 -0.07951951
0.003 -0.065 -0.081119806
0.0035 -0.065 -0.08199346
0.004 -0.065 -0.08237175
0.0045 -0.065 -0.08240962
0.005 -0.065 -0.08221233
0.0055 -0.065 -0.081852406
0.006 -0.065 -0.08138049
0.0065 -0.065 -0.08083242
0.007 -0.065 -0.0802339
0.0075 -0.065 -0.07960353
0.008 -0.065 -0.07895489
0.0085 -0.065 -0.07829806
0.009 -0.065 -0.07764041
0.0095 -0.065 -0.076987445
0.01 -0.065 -0.076343186
0.0105 -0.065 -0.07571062
0.011 -0.065 -0.07509184
0.0115 -0.065 -0.07448834
0.012 -0.065 -0.07390115
0.0125 -0.065 -0.07333088
0.013 -0.065 -0.07277786
0.0135 -0.065 -0.07224221
0.014 -0.065 -0.07172383
0.0145 -0.065 -0.07122259
0.015 -0.065 -0.07073812
0.0155 -0.065 -0.0702701
0.016 -0.065 -0.06981811
0.0165 -0.065 -0.06938168
0.017 -0.065 -0.06896033
0.0175 -0.065 -0.06855359
0.018 -0.065 -0.06816094
0.0185 -0.065 -0.06778191
0.019 -0.065 -0.067416005
0.0195 -0.065 -0.06706271
0.02 -0.065 -0.06672158
0.0205 -0.065 -0.06639217
0.021 -0.065 -0.06607402
0.0215 -0.065 -0.06576671
0.022 -0.065 -0.06546982
0.0225 -0.065 -0.065182954
0.023 -0.065 -0.06490575
0.0235 -0.065 -0.06463783
0.024 -0.065 -0.06437884
0.0245 -0.065 -0.06412846
0.025 -0.065 -0.06388636
0.0255 -0.065 -0.06365221
0.026 -0.065 -0.06342574
0.0265 -0.065 -0.06320668
0.027 -0.065 -0.06299473
0.0275 -0.065 -0.06278966
0.028 -0.065 -0.062591225
0.0285 -0.065 -0.06239916
0.029 -0.065 -0.06221326
0.0295 -0.065 -0.062033314
0.03 -0.065 -0.061859097
0.0305 -0.065 -0.0616904
0.031 -0.065 -0.06152704
0.0315 -0.065 -0.061368864
0.032 -0.065 -0.061215688
0.0325 -0.065 -0.061067294
0.033 -0.065 -0.060923573
0.0335 -0.065 -0.060784336
0.034 -0.065 -0.060649443
0.0345 -0.065 -0.060518745
0.035 -0.065 -0.060392108
0.0355 -0.065 -0.060269404
0.036 -0.065 -0.06015047
0.0365 -0.065 -0.060035247
0.037 -0.065 -0.059923556
0.0375 -0.065 -0.0598153
0.038 -0.065 -0.059710402
0.0385 -0.065 -0.05960871
0.039 -0.065 -0.05951013
0.0395 -0.065 -0.059414554
0.04 -0.065 -0.0593219
0.0405 -0.065 -0.05923209
0.041 -0.065 -0.059145
0.0415 -0.065 -0.059060555
0.042 -0.065 -0.05897868
0.0425 -0.065 -0.058899295
0.043 -0.065 -0.058822338
0.0435 -0.065 -0.058747705
0.044 -0.065 -0.058675308
0.0445 -0.065 -0.058605094
0.045 -0.065 -0.05853701
0.0455 -0.065 -0.05847099
0.046 -0.065 -0.058406945
0.0465 -0.065 -0.05834483
0.047 -0.065 -0.0582846
0.0475 -0.065 -0.058226164
0.048 -0.065 -0.058169488
0.0485 -0.065 -0.05811451
0.049 -0.065 -0.058061194
0.0495 -0.065 -0.05800947
0.05 -0.065 -0.057959292
0.0505 -0.065 -0.05791061
0.051 -0.065 -0.05786339
0.0515 -0.065 -0.057817597
0.052 -0.065 -0.057773154
0.0525 -0.065 -0.057730053
0.053 -0.065 -0.05768821
0.0535 -0.065 -0.057647634
0.054 -0.065 -0.057608265
0.0545 -0.065 -0.05757006
0.055 -0.065 -0.057533007
0.0555 -0.065 -0.05749705
0.056 -0.065 -0.05746216
0.0565 -0.065 -0.05742831
0.057 -0.065 -0.057395477
0.0575 -0.065 -0.05736361
0.058 -0.065 -0.057332683
0.0585 -0.065 -0.057302672
0.059 -0.065 -0.057273585
0.0595 -0.065 -0.057245303
0.06 -0.065 -0.057217907
0.0605 -0.065 -0.0571913
0.061 -0.065 -0.057165492
0.0615 -0.065 -0.05714045
0.062 -0.065 -0.05711614
0.0625 -0.065 -0.05709255
0.063 -0.065 -0.057069656
0.0635 -0.065 -0.057047438
0.064 -0.065 -0.05702589
0.0645 -0.065 -0.057004977
0.065 -0.065 -0.056984674
0.0655 -0.065 -0.056964967
0.066 -0.065 -0.05694585
0.0665 -0.065 -0.056927305
0.067 -0.065 -0.05690929
0.0675 -0.065 -0.056891833
0.068 -0.065 -0.056874868
0.0685 -0.065 -0.0568584
0.069 -0.065 -0.056842435
0.0695 -0.065 -0.056826938
0.07 -0.065 -0.056811888
0.0705 -0.065 -0.05679727
0.071 -0.065 -0.056783106
0.0715 -0.065 -0.05676936
0.072 -0.065 -0.056756016
0.0725 -0.065 -0.05674305
0.073 -0.065 -0.056730475
0.0735 -0.065 -0.056718286
0.074 -0.065 -0.05670644
0.0745 -0.065 -0.056694943
0.075 -0.065 -0.056683775
0.0755 -0.065 -0.056672964
0.076 -0.065 -0.05666245
0.0765 -0.065 -0.056652244
0.077 -0.065 -0.056642327
0.0775 -0.065 -0.056632716
0.078 -0.065 -0.056623396
0.0785 -0.065 -0.056614343
0.079 -0.065 -0.056605574
0.0795 -0.065 -0.056597028
0.08 -0.065 -0.056588773
0.0805 -0.065 -0.056580726
0.081 -0.065 -0.056572925
0.0815 -0.065 -0.05656537
0.082 -0.065 -0.05655801
0.0825 -0.065 -0.056550894
0.083 -0.065 -0.056543957
0.0835 -0.065 -0.05653726
0.084 -0.065 -0.05653074
0.0845 -0.065 -0.056524407
0.085 -0.065 -0.056518268
0.0855 -0.065 -0.0565123
0.086 -0.065 -0.056506503
0.0865 -0.065 -0.05650088
0.087 -0.065 -0.05649544
0.0875 -0.065 -0.05649015
0.088 -0.065 -0.056485016
0.0885 -0.065 -0.056480024
0.089 -0.065 -0.05647518
0.0895 -0.065 -0.05647048
0.09 -0.065 -0.056465913
0.0905 -0.065 -0.056461502
0.091 -0.065 -0.056457195
0.0915 -0.065 -0.056453023
0.092 -0.065 -0.05644897
0.0925 -0.065 -0.056445036
0.093 -0.065 -0.056441244
0.0935 -0.065 -0.056437556
0.094 -0.065 -0.05643395
0.0945 -0.065 -0.05643047
0.095 -0.065 -0.056427065
0.0955 -0.065 -0.056423772
0.096 -0.065 -0.05642059
0.0965 -0.065 -0.056417506
0.097 -0.065 -0.056414504
0.0975 -0.065 -0.056411583
0.098 -0.065 -0.05640875
0.0985 -0.065 -0.056406002
0.099 -0.065 -0.05640332
0.0995 -0.065 -0.056400727
0.1 -0.065 -0.05640166
0.1005 -0.06494761 -0.05656792
0.101 -0.06473782 -0.056769464
0.1015 -0.06439992 -0.056934323
0.102 -0.06397623 -0.057023045
0.1025 -0.06349078 -0.05701461
0.103 -0.06295507 -0.05689845
0.1035 -0.06237442 -0.056669895
0.104 -0.06175127 -0.056327734
0.1045 -0.06108685 -0.0558726
0.105 -0.06038183 -0.05530635
0.1055 -0.05963665 -0.054631393
0.106 -0.05884941 -0.05385055
0.1065 -0.05801833 -0.05296686
0.107 -0.05714869 -0.0519835
0.1075 -0.05624245 -0.050903637
0.108 -0.05529956 -0.0497305
0.1085 -0.05431948 -0.04846734
0.109 -0.05330176 -0.0471174
0.1095 -0.05224614 -0.045683894
0.11 -0.05115262 -0.04416998
0.1105 -0.05002133 -0.04257879
0.111 -0.04885252 -0.040913474
0.1115 -0.04764648 -0.039177034
0.112 -0.04640353 -0.037372503
0.1125 -0.04512382 -0.03550284
0.113 -0.04380529 -0.03357095
0.1135 -0.04244963 -0.031579707
0.114 -0.04105945 -0.02953184
0.1145 -0.03963534 -0.027430166
0.115 -0.03817725 -0.02527729
0.1155 -0.03668506 -0.023075867
0.116 -0.03515878 -0.020828445
0.1165 -0.03359878 -0.01853748
0.117 -0.03200773 -0.016205478
0.1175 -0.0303851 -0.013834792
0.118 -0.02872922 -0.011427703
0.1185 -0.02704341 -0.008986446
0.119 -0.02532789 -0.0065133153
0.1195 -0.0235804 -0.0040103374
0.12 -0.02180001 -0.0014796285
0.1205 -0.0199867 0.0010768147
0.121 -0.01813975 0.0036569955
0.1215 -0.01625946 0.0062590064
0.122 -0.01434701 0.008881045
0.1225 -0.01240944 0.011521262
0.123 -0.0104471 0.01417796
0.1235 -0.008463332 0.01684947
0.124 -0.006456354 0.019534182
0.1245 -0.004417142 0.022230502
0.125 -0.002343218 0.024936836
0.1255 -0.0002425777 0.027651813
0.126 0.001875091 0.030373942
0.1265 0.004021204 0.033101913
0.127 0.006203786 0.03583431
0.1275 0.008423155 0.03856997
0.128 0.01067145 0.04130758
0.1285 0.0129432 0.04404604
0.129 0.01524392 0.046784203
0.1295 0.01757546 0.04952089
0.13 0.01993689 0.05225512
0.1305 0.02232646 0.05498592
0.131 0.02474259 0.05771221
0.1315 0.02718407 0.06043313
0.132 0.02965003 0.06314787
0.1325 0.03213992 0.06585549
0.133 0.03465353 0.06855516
0.1335 0.03718376 0.07124618
0.134 0.0397233 0.07392779
0.1345 0.0422838 0.07659924
0.135 0.04487206 0.07925998
0.1355 0.04748887 0.08190924
0.136 0.05013269 0.08454645
0.1365 0.05280156 0.08717108
0.137 0.05549383 0.08978258
0.1375 0.05820829 0.09238042
0.138 0.06094405 0.09496416
0.1385 0.0637004 0.097533315
0.139 0.06647679 0.10008739
0.1395 0.06927262 0.10262604
0.14 0.07207516 0.10514885
0.1405 0.07488636 0.1076556
0.141 0.0777195 0.11014576
0.1415 0.0805789 0.11261909
0.142 0.08345116 0.115075305
0.1425 0.0863235 0.11751421
0.143 0.08921314 0.11993539
0.1435 0.09213138 0.12233879
0.144 0.09507975 0.12472403
0.1445 0.09805558 0.12709105
0.145 0.1010554 0.12943964
0.1455 0.1040761 0.13176963
0.146 0.1071154 0.1340808
0.1465 0.110172 0.13637304
0.147 0.1132381 0.13864635
0.1475 0.1162957 0.14090052
0.148 0.1193632 0.1431355
0.1485 0.1224547 0.14535125
0.149 0.1255719 0.14754762
0.1495 0.1286954 0.14972466
0.15 0.131829 0.15188196
0.1505 0.1349336 0.15400772
0.151 0.1379066 0.1561024
0.1515 0.1407738 0.15816633
0.152 0.1435742 0.16020015
0.1525 0.1463295 0.16220406
0.153 0.1490501 0.16417873
0.1535 0.1517405 0.16612451
0.154 0.1544027 0.16804184
0.1545 0.1570366 0.16993111
0.155 0.159641 0.1717929
0.1555 0.1622075 0.17362759
0.156 0.1647222 0.17543559
0.1565 0.1672015 0.17721729
0.157 0.1696364 0.1789732
0.1575 0.1720347 0.18070373
0.158 0.1743898 0.18240926
0.1585 0.1767321 0.18409024
0.159 0.179069 0.1857471
0.1595 0.1813753 0.18738018
0.16 0.1836571 0.18898983
0.1605 0.1859314 0.19057655
0.161 0.1882009 0.19214067
0.1615 0.1904608 0.19368266
0.162 0.1927054 0.19520274
0.1625 0.1949251 0.19670135
0.163 0.1970865 0.19817886
0.1635 0.1992162 0.19963568
0.164 0.2013333 0.201072
0.1645 0.20344 0.20248827
0.165 0.2055326 0.20388469
0.1655 0.2076061 0.20526183
0.166 0.2096555 0.20661983
0.1665 0.2116737 0.20795903
0.167 0.2136634 0.2092798
0.1675 0.2156297 0.21058238
0.168 0.2175728 0.2118671
0.1685 0.2194684 0.21313432
0.169 0.2213255 0.21438417
0.1695 0.2231656 0.21561703
0.17 0.2249962 0.21683311
0.1705 0.2267633 0.21803278
0.171 0.2282763 0.21921635
0.1715 0.2298111 0.22038385
0.172 0.2314463 0.22153574
0.1725 0.2331606 0.2226722
0.173 0.2349172 0.22379348
0.1735 0.2366855 0.22489986
0.174 0.2384456 0.22599164
0.1745 0.2401857 0.22706878
0.175 0.2418849 0.2281318
0.1755 0.2435263 0.22918075
0.176 0.245136 0.2302159
0.1765 0.2467294 0.23123753
0.177 0.2483094 0.2322458
0.1775 0.2498739 0.23324099
0.178 0.2514197 0.23422322
0.1785 0.2529447 0.23519269
0.179 0.2544482 0.23614955
0.1795 0.255908 0.2370941
0.18 0.2573145 0.23802656
0.1805 0.2586608 0.238947
0.181 0.259986 0.23985568
0.1815 0.2612846 0.24075276
0.182 0.2625915 0.24163845
0.1825 0.2639149 0.24251282
0.183 0.2652462 0.24337608
0.1835 0.2665761 0.24422848
0.184 0.2678971 0.24507013
0.1845 0.2691844 0.24590117
0.185 0.2704373 0.24672183
0.1855 0.2716764 0.24753216
0.186 0.2729086 0.24833238
0.1865 0.2741325 0.24912253
0.187 0.2753457 0.249903
0.1875 0.2765463 0.2506737
0.188 0.2777321 0.25143492
0.1885 0.2789008 0.25218672
0.189 0.2800524 0.2529292
0.1895 0.2811875 0.25366265
0.19 0.2823067 0.25438705
0.1905 0.2834104 0.25510263
0.191 0.2844988 0.25580943
0.1915 0.2855724 0.25650766
0.192 0.2866287 0.25719735
0.1925 0.287625 0.25787875
0.193 0.2885915 0.25855196
0.1935 0.2895612 0.25921693
0.194 0.2905381 0.25987393
0.1945 0.2915141 0.26052305
0.195 0.2924184 0.26116443
0.1955 0.2932793 0.26179808
0.196 0.2941507 0.26242417
0.1965 0.2950441 0.26304287
0.197 0.2959533 0.26365423
0.1975 0.2968584 0.26425827
0.198 0.2977476 0.26485518
0.1985 0.2986269 0.26544502
0.199 0.2995001 0.26602796
0.1995 0.3003667 0.26660404
0.2 0.3012201 0.26067576
0.2005 0.2891173 0.254176
0.201 0.2746705 0.24733466
0.2015 0.2651063 0.24035946
0.202 0.2588217 0.23343015
0.2025 0.2541713 0.22669464
0.203 0.2502712 0.22026755
0.2035 0.2467104 0.21423076
0.204 0.2433063 0.20863537
0.2045 0.2399785 0.203506
0.205 0.2366919 0.19884473
0.2055 0.2334306 0.19463608
0.206 0.2301879 0.19085169
0.2065 0.2269609 0.18745449
0.207 0.2237486 0.1844024
0.2075 0.2205509 0.18165138
0.208 0.2173682 0.17915757
0.2085 0.2142009 0.17687929
0.209 0.2110497 0.17477772
0.2095 0.2079153 0.17281798
0.21 0.2047983 0.17096928
0.2105 0.2016995 0.16920495
0.211 0.1986193 0.1675024
0.2115 0.1955585 0.16584268
0.212 0.1925176 0.16421044
0.2125 0.1894972 0.16259319
0.213 0.1864977 0.16098116
0.2135 0.1835195 0.15936694
0.214 0.1805633 0.15774482
0.2145 0.1776293 0.156111
0.215 0.1747179 0.15446264
0.2155 0.1718295 0.15279827
0.216 0.1689645 0.1511171
0.2165 0.166123 0.149419
0.217 0.1633054 0.14770444
0.2175 0.1605119 0.14597408
0.218 0.1577428 0.144229
0.2185 0.1549983 0.14247039
0.219 0.1522784 0.14069946
0.2195 0.1495834 0.13891765
0.22 0.1469135 0.13712627
0.2205 0.1442687 0.13532661
0.221 0.1416491 0.13352
0.2215 0.1390549 0.13170762
0.222 0.1364861 0.12989062
0.2225 0.1339427 0.12807009
0.223 0.1314248 0.12624696
0.2235 0.1289323 0.12442213
0.224 0.1264654 0.12259644
0.2245 0.124024 0.1207706
0.225 0.1216081 0.1189453
0.2255 0.1192177 0.11712107
0.226 0.1168526 0.11529857
0.2265 0.1145129 0.11347805
0.227 0.1121985 0.11166014
0.2275 0.1099094 0.10984513
0.228 0.1076454 0.10803333
0.2285 0.1054064 0.10622504
0.229 0.1031924 0.10442054
0.2295 0.1010033 0.102620125
0.23 0.09883887 0.10082388
0.2305 0.09669908 0.099032104
0.231 0.09458378 0.09724489
0.2315 0.09249284 0.09546241
0.232 0.09042611 0.09368487
0.2325 0.08838346 0.09191236
0.233 0.08636473 0.09014504
0.2335 0.08436976 0.088382944
0.234 0.0823984 0.08662635
0.2345 0.08045049 0.084875286
0.235 0.07852586 0.08312984
0.2355 0.07662432 0.08139023
0.236 0.07474572 0.0796565
0.2365 0.07288988 0.077928826
0.237 0.0710566 0.07620728
0.2375 0.06924571 0.07449201
0.238 0.06745703 0.07278317
0.2385 0.06569036 0.07108089
0.239 0.06394551 0.06938532
0.2395 0.0622223 0.06769657
0.24 0.06052053 0.06601483
0.2405 0.05884 0.064340204
0.241 0.05718052 0.0626729
0.2415 0.0555419 0.06101304
0.242 0.05392392 0.059360858
0.2425 0.0523264 0.057716455
0.243 0.05074913 0.05608007
0.2435 0.04919191 0.05445182
0.244 0.04765455 0.05283196
0.2445 0.04613684 0.051220622
0.245 0.04463857 0.049618002
0.2455 0.04315956 0.048024323
0.246 0.0416996 0.046439733
0.2465 0.04025848 0.04486453
0.247 0.03883601 0.04329885
0.2475 0.03743198 0.041742902
0.248 0.0360462 0.040196892
0.2485 0.03467846 0.038661014
0.249 0.03332857 0.037135508
0.2495 0.03199633 0.035620596
0.25 0.03068154 0.03411643
0.2505 0.02938401 0.032623287
0.251 0.02810353 0.031141307
0.2515 0.02683992 0.029670756
0.252 0.02559297 0.028211828
0.2525 0.0243625 0.026764687
0.253 0.02314832 0.025329586
0.2535 0.02195023 0.023906734
0.254 0.02076805 0.02249628
0.2545 0.01960158 0.021098461
0.255 0.01845064 0.019713428
0.2555 0.01731504 0.018341389
0.256 0.01619461 0.016982552
0.2565 0.01508914 0.015637066
0.257 0.01399847 0.014305112
0.2575 0.01292242 0.012986851
0.258 0.01186079 0.011682508
0.2585 0.01081343 0.0103921415
0.259 0.00978014 0.009115961
0.2595 0.00876076 0.007854071
0.26 0.007755113 0.0066066803
0.2605 0.006763027 0.0053738477
0.261 0.005784332 0.0041557224
0.2615 0.00481886 0.0029524239
0.262 0.003866443 0.0017640861
0.2625 0.002926917 0.00059075374
0.263 0.002000118 -0.0005674688
0.2635 0.001085883 -0.0017104475
0.264 0.0001840522 -0.0028381525
0.2645 -0.0007055341 -0.003950487
0.265 -0.001583033 -0.005047421
0.2655 -0.0024486 -0.0061288876
0.266 -0.00330239 -0.0071948348
0.2665 -0.004144555 -0.008245262
0.267 -0.004975246 -0.009280118
0.2675 -0.005794613 -0.010299365
0.268 -0.006602803 -0.011303033
0.2685 -0.007399963 -0.012291114
0.269 -0.008186237 -0.013263601
0.2695 -0.008961768 -0.014220531
0.27 -0.009726698 -0.015161912
0.2705 -0.01048117 -0.016087797
0.271 -0.01122531 -0.01699819
0.2715 -0.01195927 -0.017893191
0.272 -0.01268318 -0.018772837
0.2725 -0.01339717 -0.019637171
0.273 -0.01410137 -0.020486284
0.2735 -0.01479592 -0.021320242
0.274 -0.01548095 -0.022139143
0.2745 -0.01615657 -0.02294309
0.275 -0.01682292 -0.02373216
0.2755 -0.01748012 -0.02450646
0.276 -0.0181283 -0.02526613
0.2765 -0.01876758 -0.026011255
0.277 -0.01939807 -0.02674197
0.2775 -0.02001989 -0.027458433
0.278 -0.02063317 -0.02816074
0.2785 -0.02123801 -0.028849032
0.279 -0.02183453 -0.029523458
0.2795 -0.02242285 -0.030184176
0.28 -0.02300308 -0.03083134
0.2805 -0.02357532 -0.03146508
0.281 -0.02413968 -0.032085586
0.2815 -0.02469628 -0.032692987
0.282 -0.02524521 -0.033287477
0.2825 -0.02578659 -0.033869226
0.283 -0.02632051 -0.034438375
0.2835 -0.02684708 -0.034995142
0.284 -0.02736639 -0.03553966
0.2845 -0.02787855 -0.036072116
0.285 -0.02838366 -0.03659272
0.2855 -0.02888181 -0.037101615
0.286 -0.0293731 -0.03759901
0.2865 -0.02985762 -0.038085077
0.287 -0.03033546 -0.038559992
0.2875 -0.03080672 -0.039023947
0.288 -0.03127148 -0.039477136
0.2885 -0.03172984 -0.039919723
0.289 -0.03218189 -0.040351886
0.2895 -0.03262771 -0.04077385
0.29 -0.03306738 -0.041185748
0.2905 -0.033501 -0.041587804
0.291 -0.03392864 -0.041980166
0.2915 -0.0343504 -0.042363066
0.292 -0.03476634 -0.04273664
0.2925 -0.03517655 -0.043101076
0.293 -0.03558111 -0.04345655
0.2935 -0.0359801 -0.04380328
0.294 -0.03637359 -0.0441414
0.2945 -0.03676167 -0.044471096
0.295 -0.0371444 -0.044792537
0.2955 -0.03752186 -0.045105908
0.296 -0.03789412 -0.045411367
0.2965 -0.03826126 -0.04570907
0.297 -0.03862334 -0.045999218
0.2975 -0.03898045 -0.046281967
0.298 -0.03933263 -0.04655746
0.2985 -0.03967997 -0.046825845
0.299 -0.04002254 -0.047087308
0.2995 -0.04036038 -0.047341976
0.3 -0.04069359 -0.04759002
0.3005 -0.04102221 -0.047831614
0.301 -0.04134631 -0.048066888
0.3015 -0.04166595 -0.048295956
0.302 -0.0419812 -0.04851902
0.3025 -0.04229212 -0.04873618
0.303 -0.04259877 -0.048947584
0.3035 -0.0429012 -0.04915336
0.304 -0.04319947 -0.049353655
0.3045 -0.04349365 -0.049548615
0.305 -0.04378379 -0.049738336
0.3055 -0.04406995 -0.04992296
0.306 -0.04435218 -0.050102625
0.3065 -0.04463053 -0.05027743
0.307 -0.04490507 -0.050447512
0.3075 -0.04517584 -0.05061299
0.308 -0.04544289 -0.050773982
0.3085 -0.04570628 -0.050930563
0.309 -0.04596606 -0.051082883
0.3095 -0.04622228 -0.051231053
0.31 -0.04647499 -0.05137514
0.3105 -0.04672424 -0.051515285
0.311 -0.04697007 -0.051651586
0.3115 -0.04721253 -0.051784117
0.312 -0.04745167 -0.051912997
0.3125 -0.04768754 -0.052038316
0.313 -0.04792018 -0.052160162
0.3135 -0.04814964 -0.05227864
0.314 -0.04837596 -0.052393813
0.3145 -0.04859918 -0.052505802
0.315 -0.04881935 -0.05261467
0.3155 -0.04903651 -0.05272049
0.316 -0.0492507 -0.052823354
0.3165 -0.04946196 -0.052923325
0.317 -0.04967034 -0.05302051
0.3175 -0.04987587 -0.053114977
0.318 -0.0500786 -0.053206783
0.3185 -0.05027855 -0.053296003
0.319 -0.05047578 -0.05338272
0.3195 -0.05067032 -0.053466987
0.32 -0.0508622 -0.053548884
0.3205 -0.05105147 -0.05362847
0.321 -0.05123815 -0.053705808
0.3215 -0.05142229 -0.053780954
0.322 -0.05160393 -0.05385394
0.3225 -0.05178308 -0.053924892
0.323 -0.0519598 -0.05399384
0.3235 -0.05213411 -0.054060806
0.324 -0.05230605 -0.054125857
0.3245 -0.05247564 -0.054189067
0.325 -0.05264293 -0.05425049
0.3255 -0.05280795 -0.054310154
0.326 -0.05297072 -0.054368127
0.3265 -0.05313127 -0.054424424
0.327 -0.05328965 -0.05447911
0.3275 -0.05344587 -0.054532263
0.328 -0.05359997 -0.05458388
0.3285 -0.05375198 -0.054634
0.329 -0.05390192 -0.054682698
0.3295 -0.05404983 -0.05473
0.33 -0.05419573 -0.054775957
0.3305 -0.05433965 -0.054820593
0.331 -0.05448162 -0.05486394
0.3315 -0.05462167 -0.054906037
0.332 -0.05475981 -0.054946925
0.3325 -0.05489609 -0.054986622
0.333 -0.05503052 -0.055025194
0.3335 -0.05516312 -0.055062663
0.334 -0.05529393 -0.05509903
0.3345 -0.05542298 -0.055134375
0.335 -0.05555027 -0.055168692
0.3355 -0.05567584 -0.055202026
0.336 -0.05579972 -0.05523439
0.3365 -0.05592191 -0.055265818
0.337 -0.05604246 -0.055296343
0.3375 -0.05616138 -0.055325966
0.338 -0.05627869 -0.055354748
0.3385 -0.05639441 -0.055382702
0.339 -0.05650858 -0.055409838
0.3395 -0.0566212 -0.05543619
0.34 -0.0567323 -0.055461783
0.3405 -0.05684191 -0.05548663
0.341 -0.05695003 -0.05551075
0.3415 -0.0570567 -0.055534203
0.342 -0.05716193 -0.055556934
0.3425 -0.05726574 -0.055579033
0.343 -0.05736815 -0.055600476
0.3435 -0.05746918 -0.0556213
0.344 -0.05756885 -0.05564153
0.3445 -0.05766718 -0.055661168
0.345 -0.05776419 -0.055680227
0.3455 -0.05785989 -0.055698734
0.346 -0.0579543 -0.055716705
0.3465 -0.05804745 -0.055734176
0.347 -0.05813934 -0.05575112
0.3475 -0.05822999 -0.055767592
0.348 -0.05831943 -0.05578356
0.3485 -0.05840767 -0.055799063
0.349 -0.05849472 -0.05581412
0.3495 -0.0585806 -0.055828746
0.35 -0.05866533 -0.05584294
0.3505 -0.05874893 -0.055856716
0.351 -0.0588314 -0.055870112
0.3515 -0.05891276 -0.05588309
0.352 -0.05899304 -0.055895705
0.3525 -0.05907224 -0.055907954
0.353 -0.05915037 -0.05591983
0.3535 -0.05922746 -0.05593137
0.354 -0.05930352 -0.055942576
0.3545 -0.05937856 -0.055953454
0.355 -0.0594526 -0.055964034
0.3555 -0.05952564 -0.055974286
0.356 -0.05959771 -0.055984262
0.3565 -0.05966881 -0.05599391
0.357 -0.05973896 -0.0560033
0.3575 -0.05980818 -0.056012396
0.358 -0.05987646 -0.05602124
0.3585 -0.05994384 -0.056029815
0.359 -0.06001032 -0.056038152
0.3595 -0.06007591 -0.05604626
0.36 -0.06014062 -0.056054104
0.3605 -0.06020447 -0.05606172
0.361 -0.06026746 -0.056069124
0.3615 -0.06032962 -0.056076307
0.362 -0.06039095 -0.056083295
0.3625 -0.06045146 -0.056090053
0.363 -0.06051116 -0.056096625
0.3635 -0.06057007 -0.05610301
0.364 -0.06062819 -0.056109216
0.3645 -0.06068554 -0.05611523
0.365 -0.06074212 -0.056121077
0.3655 -0.06079795 -0.056126755
0.366 -0.06085304 -0.05613226
0.3665 -0.0609074 -0.056137595
0.367 -0.06096103 -0.056142796
0.3675 -0.06101395 -0.056147832
0.368 -0.06106616 -0.056152713
0.3685 -0.06111768 -0.056157466
0.369 -0.06116852 -0.056162078
0.3695 -0.06121868 -0.05616654
0.37 -0.06126817 -0.056170885
0.3705 -0.06131701 -0.056175094
0.371 -0.0613652 -0.056179192
0.3715 -0.06141275 -0.05618315
0.372 -0.06145966 -0.056187022
0.3725 -0.06150596 -0.056190763
0.373 -0.06155164 -0.056194384
0.3735 -0.06159671 -0.056197923
0.374 -0.06164119 -0.056201342
0.3745 -0.06168508 -0.056204665
0.375 -0.06172838 -0.05620789
0.3755 -0.06177112 -0.05621103
0.376 -0.06181328 -0.056214068
0.3765 -0.06185489 -0.056217033
0.377 -0.06189595 -0.056219894
0.3775 -0.06193646 -0.056222674
0.378 -0.06197644 -0.056225378
0.3785 -0.06201589 -0.056227986
0.379 -0.06205482 -0.056230534
0.3795 -0.06209323 -0.056233007
0.38 -0.06213113 -0.05623542
0.3805 -0.06216854 -0.05623773
0.381 -0.06220544 -0.056239996
0.3815 -0.06224187 -0.056242187
0.382 -0.06227781 -0.056244303
0.3825 -0.06231327 -0.056246374
0.383 -0.06234827 -0.056248385
0.3835 -0.06238281 -0.056250323
0.384 -0.06241688 -0.056252237
0.3845 -0.06245051 -0.056254063
0.385 -0.0624837 -0.056255836
0.3855 -0.06251645 -0.056257572
0.386 -0.06254877 -0.056259256
0.3865 -0.06258066 -0.056260888
0.387 -0.06261213 -0.056262467
0.3875 -0.06264318 -0.056264017
0.388 -0.06267383 -0.0562655
0.3885 -0.06270408 -0.056266937
0.389 -0.06273392 -0.056268353
0.3895 -0.06276337 -0.056269724
0.39 -0.06279244 -0.05627105
0.3905 -0.06282112 -0.056272317
0.391 -0.06284942 -0.05627357
0.3915 -0.06287736 -0.05627479
0.392 -0.06290492 -0.056275968
0.3925 -0.06293212 -0.056277107
0.393 -0.06295897 -0.05627821
0.3935 -0.06298546 -0.056279276
0.394 -0.06301161 -0.056280326
0.3945 -0.06303741 -0.056281347
0.395 -0.06306287 -0.056282323
0.3955 -0.063088 -0.05628327
0.396 -0.06311279 -0.056284208
0.3965 -0.06313727 -0.056285102
0.397 -0.06316142 -0.056285974
0.3975 -0.06318525 -0.05628683
0.398 -0.06320877 -0.056287657
0.3985 -0.06323198 -0.05628844
0.399 -0.06325489 -0.0562892
0.3995 -0.0632775 -0.056289975
0.4 -0.06329981 -0.056290705
0.4005 -0.06332183 -0.05629142
0.401 -0.06334356 -0.056292098
0.4015 -0.06336501 -0.05629277
0.402 -0.06338618 -0.056293417
0.4025 -0.06340706 -0.056294035
0.403 -0.06342768 -0.056294654
0.4035 -0.06344802 -0.056295257
0.404 -0.0634681 -0.05629583
0.4045 -0.06348792 -0.056296382
0.405 -0.06350748 -0.056296933
0.4055 -0.06352678 -0.05629747
0.406 -0.06354583 -0.05629797
0.4065 -0.06356463 -0.05629846
0.407 -0.06358318 -0.056298953
0.4075 -0.06360149 -0.056299414
0.408 -0.06361956 -0.05629987
0.4085 -0.0636374 -0.0563003
0.409 -0.063655 -0.056300733
0.4095 -0.06367238 -0.05630115
0.41 -0.06368952 -0.05630156
0.4105 -0.06370644 -0.056301948
0.411 -0.06372315 -0.05630232
0.4115 -0.06373963 -0.0563027
0.412 -0.0637559 -0.056303058
0.4125 -0.06377195 -0.056303415
0.413 -0.0637878 -0.05630375
0.4135 -0.06380344 -0.056304086
0.414 -0.06381888 -0.0563044
0.4145 -0.06383411 -0.056304727
0.415 -0.06384915 -0.056305017
0.4155 -0.06386399 -0.056305293
0.416 -0.06387864 -0.056305584
0.4165 -0.06389309 -0.05630585
0.417 -0.06390736 -0.056306113
0.4175 -0.06392145 -0.056306366
0.418 -0.06393534 -0.056306627
0.4185 -0.06394906 -0.056306865
0.419 -0.0639626 -0.05630709
0.4195 -0.06397597 -0.056307327
0.42 -0.06398916 -0.05630755
0.4205 -0.06400217 -0.056307774
0.421 -0.06401502 -0.056307983
0.4215 -0.0640277 -0.05630819
0.422 -0.06404022 -0.056308378
0.4225 -0.06405257 -0.05630857
0.423 -0.06406477 -0.056308758
0.4235 -0.0640768 -0.056308936
0.424 -0.06408868 -0.056309115
0.4245 -0.06410041 -0.056309287
0.425 -0.06411198 -0.056309458
0.4255 -0.0641234 -0.056309614
0.426 -0.06413467 -0.05630977
0.4265 -0.0641458 -0.056309912
0.427 -0.06415678 -0.05631006
0.4275 -0.06416762 -0.056310203
0.428 -0.06417832 -0.056310344
0.4285 -0.06418888 -0.056310464
0.429 -0.06419931 -0.056310598
0.4295 -0.0642096 -0.056310747
0.43 -0.06421975 -0.05631088
0.4305 -0.06422977 -0.056310985
0.431 -0.06423967 -0.05631109
0.4315 -0.06424943 -0.056311194
0.432 -0.06425907 -0.056311313
0.4325 -0.06426859 -0.056311425
0.433 -0.06427798 -0.056311514
0.4335 -0.06428724 -0.056311626
0.434 -0.06429639 -0.056311715
0.4345 -0.06430542 -0.056311812
0.435 -0.06431434 -0.056311894
0.4355 -0.06432314 -0.056312
0.436 -0.06433182 -0.056312095
0.4365 -0.06434039 -0.056312177
0.437 -0.06434885 -0.05631225
0.4375 -0.0643572 -0.056312326
0.438 -0.06436545 -0.0563124
0.4385 -0.06437358 -0.056312475
0.439 -0.06438161 -0.056312535
0.4395 -0.06438954 -0.056312617
0.44 -0.06439737 -0.05631266
0.4405 -0.06440509 -0.05631276
0.441 -0.06441272 -0.05631281
0.4415 -0.06442024 -0.056312863
0.442 -0.06442767 -0.056312915
0.4425 -0.064435 -0.05631296
0.443 -0.06444224 -0.056313034
0.4435 -0.06444938 -0.0563131
0.444 -0.06445644 -0.056313146
0.4445 -0.0644634 -0.056313206
0.445 -0.06447027 -0.056313258
0.4455 -0.06447705 -0.056313302
0.446 -0.06448374 -0.056313362
0.4465 -0.06449035 -0.056313407
0.447 -0.06449688 -0.05631345
0.4475 -0.06450332 -0.056313496
0.448 -0.06450967 -0.05631354
0.4485 -0.06451594 -0.056313578
0.449 -0.06452214 -0.056313608
0.4495 -0.06452825 -0.056313645
0.45 -0.06453429 -0.056313675
0.4505 -0.06454024 -0.056313712
0.451 -0.06454612 -0.056313757
0.4515 -0.06455193 -0.05631378
0.452 -0.06455765 -0.056313816
0.4525 -0.06456331 -0.056313846
0.453 -0.06456889 -0.056313876
0.4535 -0.0645744 -0.056313913
0.454 -0.06457984 -0.056313943
0.4545 -0.06458521 -0.056313973
0.455 -0.06459051 -0.05631401
0.4555 -0.06459575 -0.056314025
0.456 -0.06460091 -0.056314055
0.4565 -0.06460601 -0.056314085
0.457 -0.06461104 -0.056314114
0.4575 -0.06461601 -0.056314137
0.458 -0.06462091 -0.056314144
0.4585 -0.06462575 -0.056314174
0.459 -0.06463053 -0.056314196
0.4595 -0.06463525 -0.056314204
0.46 -0.06463991 -0.056314234
0.4605 -0.0646445 -0.05631427
0.461 -0.06464904 -0.05631428
0.4615 -0.06465352 -0.05631431
0.462 -0.06465794 -0.056314323
0.4625 -0.06466231 -0.05631433
0.463 -0.06466662 -0.056314353
0.4635 -0.06467087 -0.056314368
0.464 -0.06467507 -0.056314383
0.4645 -0.06467921 -0.056314398
0.465 -0.0646833 -0.056314405
0.4655 -0.06468734 -0.05631442
0.466 -0.06469133 -0.056314435
0.4665 -0.06469527 -0.056314457
0.467 -0.06469915 -0.05631445
0.4675 -0.06470299 -0.05631448
0.468 -0.06470677 -0.056314494
0.4685 -0.06471051 -0.05631451
0.469 -0.0647142 -0.05631453
0.4695 -0.06471784 -0.05631454
0.47 -0.06472144 -0.056314547
0.4705 -0.06472499 -0.056314554
0.471 -0.06472849 -0.056314554
0.4715 -0.06473195 -0.05631457
0.472 -0.06473537 -0.056314584
0.4725 -0.06473874 -0.05631459
0.473 -0.06474207 -0.056314606
0.4735 -0.06474535 -0.056314614
0.474 -0.06474859 -0.05631463
0.4745 -0.0647518 -0.056314636
0.475 -0.06475496 -0.056314643
0.4755 -0.06475808 -0.05631466
0.476 -0.06476116 -0.056314673
0.4765 -0.0647642 -0.05631468
0.477 -0.0647672 -0.056314696
0.4775 -0.06477016 -0.056314703
0.478 -0.06477309 -0.05631469
0.4785 -0.06477597 -0.056314703
0.479 -0.06477882 -0.056314703
0.4795 -0.06478164 -0.05631471
0.48 -0.06478442 -0.056314718
0.4805 -0.06478716 -0.056314725
0.481 -0.06478987 -0.056314733
0.4815 -0.06479254 -0.056314733
0.482 -0.06479518 -0.056314733
0.4825 -0.06479778 -0.05631474
0.483 -0.06480035 -0.056314748
0.4835 -0.06480289 -0.056314755
0.484 -0.0648054 -0.056314755
0.4845 -0.06480787 -0.056314763
0.485 -0.06481032 -0.056314763
0.4855 -0.06481273 -0.05631477
0.486 -0.06481511 -0.05631477
0.4865 -0.06481746 -0.056314785
0.487 -0.06481978 -0.056314785
0.4875 -0.06482207 -0.056314785
0.488 -0.06482433 -0.056314792
0.4885 -0.06482656 -0.056314792
0.489 -0.06482876 -0.056314792
0.4895 -0.06483094 -0.056314792
0.49 -0.06483309 -0.0563148
0.4905 -0.06483521 -0.0563148
0.491 -0.0648373 -0.0563148
0.4915 -0.06483937 -0.056314807
0.492 -0.06484141 -0.056314822
0.4925 -0.06484342 -0.056314822
0.493 -0.06484541 -0.056314822
0.4935 -0.06484737 -0.056314822
0.494 -0.06484931 -0.056314822
0.4945 -0.06485122 -0.056314822
0.495 -0.06485311 -0.056314822
0.4955 -0.06485498 -0.05631483
0.496 -0.06485682 -0.05631483
0.4965 -0.06485863 -0.056314837
0.497 -0.06486043 -0.056314837
0.4975 -0.0648622 -0.056314837
0.498 -0.06486395 -0.056314845
0.4985 -0.06486567 -0.056314845
0.499 -0.06486738 -0.056314852
0.4995 -0.06486906 -0.05631486
