0.0 -0.065 -0.06724821
0.0005 -0.06363993 -0.064171195
0.001 -0.06132004 -0.06098416
0.0015 -0.05928274 -0.057716236
0.002 -0.05748319 -0.054394547
0.0025 -0.05576859 -0.05104333
0.003 -0.0540626 -0.047683723
0.0035 -0.05233589 -0.04433363
0.004 -0.05057855 -0.04100792
0.0045 -0.04882131 -0.037718736
0.005 -0.0470508 -0.03447579
0.0055 -0.04523962 -0.031286646
0.006 -0.04338773 -0.028157037
0.0065 -0.04150345 -0.025091227
0.007 -0.03958982 -0.022092186
0.0075 -0.03764958 -0.019161813
0.008 -0.03569032 -0.016301155
0.0085 -0.03371758 -0.0135106
0.009 -0.03173649 -0.010789901
0.0095 -0.02974992 -0.008138459
0.01 -0.02775932 -0.0055552498
0.0105 -0.02576666 -0.0030390248
0.011 -0.02377396 -0.00058832765
0.0115 -0.02178303 0.0017985031
0.012 -0.01979532 0.0041231364
0.0125 -0.017812 0.0063873976
0.013 -0.01583409 0.008593097
0.0135 -0.01386239 0.010742098
0.014 -0.01189758 0.012836248
0.0145 -0.00994031 0.014877401
0.015 -0.007991197 0.016867384
0.0155 -0.006050814 0.018807895
0.016 -0.004119696 0.020700753
0.0165 -0.002198341 0.022547595
0.017 -0.0003044718 0.024350077
0.0175 0.001526081 0.026109785
0.018 0.003305623 0.027828246
0.0185 0.005069704 0.029506959
0.019 0.006837683 0.031147309
0.0195 0.008616038 0.03275069
0.02 0.01040469 0.034318417
0.0205 0.01220069 0.035851754
0.021 0.01400015 0.03735189
0.0215 0.01579911 0.038820036
0.022 0.01759407 0.040257253
0.0225 0.01938205 0.04166463
0.023 0.02116062 0.043043196
0.0235 0.02292782 0.04439394
0.024 0.02468217 0.045717776
0.0245 0.02642253 0.047015592
0.025 0.02814803 0.0482883
0.0255 0.02985482 0.049536653
0.026 0.03148727 0.050761476
0.0265 0.03309603 0.051963508
0.027 0.03471161 0.0531435
0.0275 0.03633455 0.05430217
0.028 0.0379581 0.055440143
0.0285 0.03957558 0.056557998
0.029 0.04118208 0.057656422
0.0295 0.04277442 0.05873598
0.03 0.04435073 0.059797212
0.0305 0.04591 0.060840636
0.031 0.04745178 0.061866835
0.0315 0.04897594 0.06287624
0.032 0.05048256 0.06386931
0.0325 0.051971 0.06484656
0.033 0.05343751 0.065808356
0.0335 0.05484692 0.066755176
0.034 0.05615825 0.06768738
0.0345 0.05748217 0.06860538
0.035 0.05883741 0.06950955
0.0355 0.06021286 0.07040022
0.036 0.06159319 0.07127772
0.0365 0.06296405 0.07214241
0.037 0.06432307 0.072994575
0.0375 0.06566935 0.07383455
0.038 0.0670013 0.074662626
0.0385 0.06831754 0.07547906
0.039 0.06961722 0.076284125
0.0395 0.07089997 0.07707809
0.04 0.0721658 0.07786125
0.0405 0.07341447 0.07863377
0.041 0.07464175 0.07939595
0.0415 0.07585033 0.08014795
0.042 0.07704411 0.08089003
0.0425 0.07822435 0.08162241
0.043 0.0793911 0.08234529
0.0435 0.08054397 0.08305882
0.044 0.08166375 0.08376326
0.0445 0.08275834 0.08445874
0.045 0.08384756 0.085145414
0.0455 0.08493333 0.085823536
0.046 0.08601284 0.08649321
0.0465 0.0870832 0.08715461
0.047 0.08814241 0.08780788
0.0475 0.08918927 0.08845319
0.048 0.09022318 0.089090675
0.0485 0.09124392 0.0897205
0.049 0.09225147 0.09034276
0.0495 0.09324591 0.09095763
0.05 0.09422741 0.09156519
0.0505 0.09519613 0.09216559
0.051 0.09615226 0.09275895
0.0515 0.09709599 0.0933454
0.052 0.09802748 0.093925044
0.0525 0.0989469 0.09449802
0.053 0.09985439 0.09506436
0.0535 0.10075 0.09562421
0.054 0.101634 0.0961777
0.0545 0.1025065 0.09672491
0.055 0.1033674 0.097265914
0.0555 0.1042165 0.09780085
0.056 0.1050545 0.09832978
0.0565 0.1058818 0.09885278
0.057 0.1066984 0.09936996
0.0575 0.1075046 0.099881425
0.058 0.1083003 0.1003872
0.0585 0.1090856 0.10088742
0.059 0.1098606 0.10138209
0.0595 0.1106254 0.10187137
0.06 0.1113799 0.1023553
0.0605 0.1121244 0.10283397
0.061 0.112859 0.10330741
0.0615 0.1135839 0.103775695
0.062 0.1142991 0.10423897
0.0625 0.1149122 0.10469718
0.063 0.1153653 0.10515049
0.0635 0.115878 0.10559893
0.064 0.1164758 0.106042534
0.0645 0.1171321 0.1064814
0.065 0.1178185 0.10691559
0.0655 0.1185144 0.10734515
0.066 0.1192077 0.10777013
0.0665 0.1198916 0.10819061
0.067 0.1205626 0.10860664
0.0675 0.1212196 0.10901824
0.068 0.1218625 0.109425485
0.0685 0.1224917 0.10982843
0.069 0.1231078 0.11022709
0.0695 0.1237066 0.11062159
0.07 0.1242898 0.11101192
0.0705 0.1248634 0.111398146
0.071 0.1254295 0.1117803
0.0715 0.125988 0.11215849
0.072 0.126538 0.11253269
0.0725 0.1270767 0.112902984
0.073 0.1276065 0.11326939
0.0735 0.12813 0.11363198
0.074 0.1286478 0.11399077
0.0745 0.1291596 0.114345804
0.075 0.1296649 0.11469713
0.0755 0.1301635 0.1150448
0.076 0.1306551 0.11538884
0.0765 0.1311398 0.1157293
0.077 0.1316176 0.11606622
0.0775 0.1320885 0.11639963
0.078 0.1325527 0.11672956
0.0785 0.1330102 0.11705607
0.079 0.1334613 0.1173792
0.0795 0.1339059 0.11769892
0.08 0.1343442 0.11801535
0.0805 0.1347763 0.1183285
0.081 0.1352023 0.11863838
0.0815 0.1356223 0.11894505
0.082 0.1360364 0.119248524
0.0825 0.1364446 0.11954884
0.083 0.1368466 0.11984606
0.0835 0.1372393 0.120140165
0.084 0.137624 0.1204312
0.0845 0.138004 0.12071924
0.085 0.1383805 0.12100425
0.0855 0.1387533 0.12128632
0.086 0.139122 0.12156546
0.0865 0.1394863 0.121841714
0.087 0.1398458 0.122115076
0.0875 0.1402004 0.12238562
0.088 0.1405501 0.12265332
0.0885 0.1408948 0.12291823
0.089 0.1412347 0.12318042
0.0895 0.1415698 0.12343985
0.09 0.1419 0.123696566
0.0905 0.1422256 0.1239506
0.091 0.1425465 0.12420201
0.0915 0.1428629 0.12445082
0.092 0.1431748 0.124697015
0.0925 0.1434822 0.124940634
0.093 0.1437853 0.12518173
0.0935 0.1440602 0.1254203
0.094 0.1443136 0.12565635
0.0945 0.1445734 0.12588996
0.095 0.1448437 0.1261211
0.0955 0.1451209 0.12634985
0.096 0.1454006 0.12657617
0.0965 0.1456798 0.12680012
0.097 0.1459565 0.12702173
0.0975 0.1462296 0.12724103
0.098 0.1464985 0.12745804
0.0985 0.1467631 0.12767276
0.099 0.1470233 0.12788522
0.0995 0.1472792 0.12809546
0.1 0.1475309 0.14031425
0.1005 0.1629959 0.15238917
0.101 0.1789518 0.16432464
0.1015 0.1921481 0.17612447
0.102 0.2035756 0.18779172
0.1025 0.2141499 0.19932888
0.103 0.224365 0.21073805
0.1035 0.2344454 0.22202088
0.104 0.2444818 0.23317881
0.1045 0.254505 0.24421294
0.105 0.2645214 0.25512427
0.1055 0.2745273 0.26591355
0.106 0.2845158 0.2765816
0.1065 0.294479 0.28712887
0.107 0.3044091 0.29755592
0.1075 0.3142986 0.30786347
0.108 0.3241409 0.31805193
0.1085 0.3339296 0.32812166
0.109 0.343659 0.3380733
0.1095 0.3533214 0.3479073
0.11 0.3629108 0.35848135
0.1105 0.3714351 0.36883903
0.111 0.3789272 0.37899607
0.1115 0.3864943 0.38896507
0.112 0.3945632 0.39875686
0.1125 0.4029876 0.40838033
0.113 0.411591 0.41784298
0.1135 0.4202486 0.42715102
0.114 0.4288807 0.43630987
0.1145 0.4374402 0.445324
0.115 0.4459007 0.45419723
0.1155 0.4542485 0.46293277
0.116 0.462477 0.47153354
0.1165 0.4705842 0.48000187
0.117 0.4785701 0.48834002
0.1175 0.486436 0.4965498
0.118 0.4941831 0.50463283
0.1185 0.5018085 0.5125907
0.119 0.5093157 0.5204248
0.1195 0.5167111 0.5281362
0.12 0.5239976 0.5357302
0.1205 0.5321671 0.54315674
0.121 0.5406537 0.55042726
0.1215 0.5485739 0.5575517
0.122 0.5560874 0.5645388
0.1225 0.5633599 0.5713962
0.123 0.5704737 0.57813066
0.1235 0.5774641 0.58474797
0.124 0.5843458 0.5912534
0.1245 0.5911253 0.59765124
0.125 0.5978055 0.60394543
0.1255 0.6043858 0.6101394
0.126 0.6108582 0.61623615
0.1265 0.6172317 0.62223834
0.127 0.6235138 0.62814826
0.1275 0.6297066 0.63396806
0.128 0.63581 0.6396995
0.1285 0.6418235 0.6453443
0.129 0.647703 0.6509042
0.1295 0.6534607 0.65638036
0.13 0.6591465 0.6624292
0.1305 0.6637813 0.66833025
0.131 0.6679271 0.6740908
0.1315 0.6724561 0.67971706
0.132 0.6772046 0.6852147
0.1325 0.6820056 0.6905885
0.133 0.6867774 0.69584274
0.1335 0.6914855 0.7009815
0.134 0.6961168 0.70600814
0.1345 0.7006664 0.7109259
0.135 0.7051324 0.7157376
0.1355 0.7095159 0.7204458
0.136 0.7138184 0.7250531
0.1365 0.7180408 0.7295616
0.137 0.7221383 0.7339737
0.1375 0.7261358 0.7382911
0.138 0.7300783 0.7425158
0.1385 0.7339054 0.7466495
0.139 0.7375427 0.75069404
0.1395 0.7410392 0.754651
0.14 0.7444539 0.7585834
0.1405 0.7488152 0.7624061
0.141 0.7535758 0.76612777
0.1415 0.7578587 0.7697558
0.142 0.7618208 0.77329683
0.1425 0.7656224 0.776757
0.143 0.7693388 0.7801414
0.1435 0.7729985 0.7834546
0.144 0.776604 0.7867008
0.1445 0.780158 0.78988355
0.145 0.7836655 0.793006
0.1455 0.7871272 0.796071
0.146 0.7905415 0.799081
0.1465 0.7939066 0.8020383
0.147 0.7972185 0.80494475
0.1475 0.8004749 0.80780214
0.148 0.8036791 0.81061214
0.1485 0.8068325 0.813376
0.149 0.8098775 0.8160952
0.1495 0.8113765 0.81877065
0.15 0.8127664 0.80885005
0.1505 0.7996194 0.7990597
0.151 0.7865727 0.7893986
0.1515 0.7766093 0.7798658
0.152 0.7685434 0.7704602
0.1525 0.7613436 0.7611807
0.153 0.7544134 0.75202626
0.1535 0.7475024 0.7429959
0.154 0.7405629 0.73408824
0.1545 0.7335708 0.7253023
0.155 0.7265167 0.71663684
0.1555 0.7194021 0.7080907
0.156 0.7122346 0.69966286
0.1565 0.7050243 0.69135183
0.157 0.6977825 0.6831568
0.1575 0.6905204 0.6750763
0.158 0.6832485 0.6671091
0.1585 0.6759766 0.65925413
0.159 0.6687134 0.65151006
0.1595 0.6614667 0.64387584
0.16 0.6542433 0.63635
0.1605 0.6470497 0.6289315
0.161 0.6398913 0.6216192
0.1615 0.632773 0.6144118
0.162 0.6256994 0.607308
0.1625 0.6186743 0.6003066
0.163 0.6117014 0.5934065
0.1635 0.6047838 0.5866064
0.164 0.5979244 0.5799052
0.1645 0.5911258 0.5733015
0.165 0.5843902 0.56679434
0.1655 0.5777197 0.5603825
0.166 0.5711162 0.55406463
0.1665 0.5645812 0.54783964
0.167 0.5581162 0.5417064
0.1675 0.5517224 0.5356637
0.168 0.5454011 0.5297104
0.1685 0.539153 0.52384526
0.169 0.5329792 0.51806736
0.1695 0.5268801 0.5123753
0.17 0.5208565 0.5067681
0.1705 0.5149088 0.5012446
0.171 0.5090373 0.49580365
0.1715 0.5032424 0.49044424
0.172 0.4975243 0.48516524
0.1725 0.4918829 0.47996545
0.173 0.4863185 0.47484392
0.1735 0.4808308 0.46979952
0.174 0.4754199 0.46483123
0.1745 0.4700855 0.45993793
0.175 0.4648275 0.4551186
0.1755 0.4596455 0.45037222
0.176 0.4545392 0.44569784
0.1765 0.4495082 0.44109428
0.177 0.4445522 0.4365607
0.1775 0.4396707 0.432096
0.178 0.4348632 0.4276992
0.1785 0.4301291 0.42336947
0.179 0.4254679 0.41910565
0.1795 0.4208791 0.41490686
0.18 0.416362 0.4107722
0.1805 0.411916 0.40670073
0.181 0.4075404 0.40269154
0.1815 0.4032345 0.39874363
0.182 0.3989978 0.39485615
0.1825 0.3948294 0.39102823
0.183 0.3907286 0.387259
0.1835 0.3866948 0.3835476
0.184 0.3827271 0.37989306
0.1845 0.3788248 0.37629467
0.185 0.3749872 0.3727516
0.1855 0.3712134 0.36926287
0.186 0.3675027 0.3658278
0.1865 0.3638544 0.36244553
0.187 0.3602675 0.3591153
0.1875 0.3567414 0.35583627
0.188 0.3532751 0.35260773
0.1885 0.3498681 0.3494289
0.189 0.3465193 0.34629893
0.1895 0.3432281 0.34321725
0.19 0.3399936 0.34018296
0.1905 0.3368151 0.33719546
0.191 0.3336917 0.33425397
0.1915 0.3306226 0.33135784
0.192 0.3276072 0.3285063
0.1925 0.3246445 0.32569873
0.193 0.3217338 0.32293445
0.1935 0.3188743 0.32021278
0.194 0.3160653 0.31753308
0.1945 0.313306 0.31489468
0.195 0.3105956 0.312297
0.1955 0.3079333 0.30973935
0.196 0.3053185 0.3072211
0.1965 0.3027503 0.30474174
0.197 0.300228 0.30230057
0.1975 0.297751 0.29989707
0.198 0.2953184 0.29753065
0.1985 0.2929296 0.29520065
0.199 0.2905838 0.29290664
0.1995 0.2882804 0.29064792
0.2 0.2860186 0.29686344
0.2005 0.2966641 0.3030119
0.201 0.3064609 0.30909407
0.2015 0.3142848 0.31511056
0.202 0.320922 0.32106215
0.2025 0.3269701 0.32694924
0.203 0.3327597 0.33277243
0.2035 0.3384488 0.3385321
0.204 0.3441047 0.34422874
0.2045 0.3497523 0.3498627
0.205 0.3553982 0.35543424
0.2055 0.3610413 0.36094368
0.206 0.3666777 0.36639148
0.2065 0.3723025 0.37177777
0.207 0.3779107 0.3771028
0.2075 0.3834974 0.38236684
0.208 0.3890582 0.3875702
0.2085 0.3945886 0.392713
0.209 0.4000847 0.3977955
0.2095 0.405543 0.40281796
0.21 0.4109599 0.4077806
0.2105 0.4163325 0.4126836
0.211 0.4216578 0.4175272
0.2115 0.4269334 0.4223116
0.212 0.4321567 0.42703712
0.2125 0.4373258 0.43170387
0.213 0.4424387 0.4363122
0.2135 0.4474936 0.4408623
0.214 0.452489 0.4453544
0.2145 0.4574235 0.4497888
0.215 0.462296 0.45416576
0.2155 0.4671054 0.4584856
0.216 0.4718507 0.46274853
0.2165 0.4765311 0.46695483
0.217 0.4811461 0.47110486
0.2175 0.485695 0.47519892
0.218 0.4901774 0.47923732
0.2185 0.4945931 0.4832204
0.219 0.4989417 0.48714846
0.2195 0.503223 0.49102187
0.22 0.5074372 0.49484104
0.2205 0.511584 0.4986062
0.221 0.5156637 0.5023179
0.2215 0.5196763 0.5059763
0.222 0.5236221 0.509582
0.2225 0.5275013 0.51313525
0.223 0.5313142 0.5166365
0.2235 0.5350613 0.52008617
0.224 0.5387428 0.52348465
0.2245 0.5423593 0.5268324
0.225 0.5459112 0.53012985
0.2255 0.549399 0.5333774
0.226 0.5528234 0.5365755
0.2265 0.5561848 0.53972465
0.227 0.5594839 0.5428252
0.2275 0.5627214 0.54587775
0.228 0.5658978 0.54888266
0.2285 0.5690138 0.5518405
0.229 0.5720702 0.5547516
0.2295 0.5750676 0.5576165
0.23 0.5780067 0.56043565
0.2305 0.5808884 0.56320965
0.231 0.5837133 0.5659389
0.2315 0.5864821 0.56862384
0.232 0.5891957 0.5712651
0.2325 0.5918548 0.573863
0.233 0.5944602 0.5764182
0.2335 0.5970126 0.57893115
0.234 0.5995129 0.58140236
0.2345 0.6019617 0.5838322
0.235 0.60436 0.58622134
0.2355 0.6067085 0.5885702
0.236 0.6090079 0.59087926
0.2365 0.611259 0.5931491
0.237 0.6134627 0.5953801
0.2375 0.6156196 0.597573
0.238 0.6177307 0.599728
0.2385 0.6197965 0.6018458
0.239 0.621818 0.6039267
0.2395 0.6237959 0.60597146
0.24 0.6257309 0.60798043
0.2405 0.6276237 0.60995406
0.241 0.6294752 0.6118929
0.2415 0.631286 0.61379737
0.242 0.6330569 0.6156681
0.2425 0.6347887 0.6175055
0.243 0.6364819 0.6193101
0.2435 0.6381374 0.62108225
0.244 0.6397559 0.62282246
0.2445 0.641338 0.6245313
0.245 0.6428844 0.6262092
0.2455 0.6443958 0.6278566
0.246 0.6458729 0.629474
0.2465 0.6473163 0.6310618
0.247 0.6487268 0.6326205
0.2475 0.6501048 0.6341505
0.248 0.6514511 0.63565236
0.2485 0.6527663 0.6371264
0.249 0.654051 0.63857305
0.2495 0.6553059 0.6399929
0.25 0.6565314 0.6303367
0.2505 0.643502 0.62076384
0.251 0.6303739 0.6112751
0.2515 0.6195135 0.6018711
0.252 0.6100896 0.59255236
0.2525 0.6013529 0.5833196
0.253 0.5928915 0.5741733
0.2535 0.5845162 0.56511396
0.254 0.5761506 0.5561421
0.2545 0.5677698 0.54725814
0.255 0.5593701 0.53846246
0.2555 0.5509564 0.5297553
0.256 0.5425364 0.5211371
0.2565 0.5341186 0.5126081
0.257 0.5257109 0.50416857
0.2575 0.5173213 0.49581867
0.258 0.5089566 0.48755848
0.2585 0.5006236 0.47938824
0.259 0.4923281 0.47130805
0.2595 0.4840757 0.4633178
0.26 0.4758713 0.45541775
0.2605 0.4677196 0.4476077
0.261 0.4596247 0.43988758
0.2615 0.4515904 0.43225747
0.262 0.4436202 0.42471707
0.2625 0.4357171 0.4172663
0.263 0.4278841 0.40990502
0.2635 0.4201236 0.40263295
0.264 0.412438 0.39544994
0.2645 0.4048294 0.38835555
0.265 0.3972995 0.38134968
0.2655 0.3898501 0.37443185
0.266 0.3824826 0.3676017
0.2665 0.3751982 0.36085898
0.267 0.367998 0.3542031
0.2675 0.360883 0.34763378
0.268 0.353854 0.34115052
0.2685 0.3469117 0.3347528
0.269 0.3400566 0.3284402
0.2695 0.3332891 0.32221204
0.27 0.3266096 0.31606793
0.2705 0.3200182 0.31000727
0.271 0.3135152 0.30402946
0.2715 0.3071005 0.2981339
0.272 0.3007741 0.29232
0.2725 0.2945358 0.28658712
0.273 0.2883856 0.2809345
0.2735 0.282323 0.27536172
0.274 0.2763479 0.2698679
0.2745 0.2704598 0.26445246
0.275 0.2646583 0.25911462
0.2755 0.2589429 0.25385374
0.276 0.2533132 0.24866904
0.2765 0.2477685 0.24355985
0.277 0.2423082 0.23852544
0.2775 0.2369317 0.23356499
0.278 0.2316384 0.2286778
0.2785 0.2264275 0.22386308
0.279 0.2212983 0.2191201
0.2795 0.2162501 0.21444808
0.28 0.211282 0.20984621
0.2805 0.2063934 0.20531376
0.281 0.2015834 0.2008499
0.2815 0.1968511 0.19645388
0.282 0.1921957 0.19212492
0.2825 0.1876164 0.1878622
0.283 0.1831122 0.18366493
0.2835 0.1786824 0.17953236
0.284 0.174326 0.17546365
0.2845 0.1700421 0.17145802
0.285 0.1658299 0.16751468
0.2855 0.1616884 0.16363287
0.286 0.1576167 0.15981178
0.2865 0.1536139 0.15605064
0.287 0.1496791 0.15234864
0.2875 0.1458114 0.14870499
0.288 0.1420098 0.14511898
0.2885 0.1382735 0.1415898
0.289 0.1346015 0.13811669
0.2895 0.1309929 0.13469888
0.29 0.1274469 0.1313356
0.2905 0.1239625 0.12802611
0.291 0.1205387 0.12476967
0.2915 0.1171748 0.121565506
0.292 0.1138698 0.1184129
0.2925 0.1106229 0.1153111
0.293 0.1074331 0.1122594
0.2935 0.1042996 0.10925709
0.294 0.1012215 0.10630344
0.2945 0.09819792 0.10339773
0.295 0.09522806 0.10053925
0.2955 0.09231106 0.09772734
0.296 0.08944607 0.0949613
0.2965 0.08663227 0.09224044
0.297 0.08386883 0.089564085
0.2975 0.08115493 0.08693156
0.298 0.07848977 0.08434223
0.2985 0.07587256 0.08179541
0.299 0.07330251 0.07929048
0.2995 0.07077883 0.076826796
0.3 0.06830076 0.08664909
0.3005 0.08006196 0.0962985
0.301 0.09178529 0.105781436
0.3015 0.1012614 0.11510365
0.302 0.1093817 0.124270424
0.3025 0.116893 0.13328649
0.303 0.1241887 0.1421563
0.3035 0.1314405 0.1508839
0.304 0.1387119 0.15947297
0.3045 0.1460196 0.16792703
0.305 0.1533619 0.17624928
0.3055 0.1607308 0.18444271
0.306 0.1681172 0.19251023
0.3065 0.1755118 0.20045449
0.307 0.1829065 0.2082779
0.3075 0.1902934 0.21598302
0.308 0.1976656 0.22357197
0.3085 0.2050169 0.23104696
0.309 0.2123414 0.23841004
0.3095 0.2196338 0.24566318
0.31 0.2268894 0.25280827
0.3105 0.2341036 0.25984716
0.311 0.2412725 0.2667815
0.3115 0.2483689 0.27361315
0.312 0.255353 0.2803436
0.3125 0.2621829 0.2869745
0.313 0.2683381 0.29350728
0.3135 0.2744703 0.29994357
0.314 0.2808298 0.3062848
0.3145 0.2873784 0.31253225
0.315 0.2940299 0.3186875
0.3155 0.3007121 0.32475173
0.316 0.3073755 0.33072633
0.3165 0.3139889 0.33661258
0.317 0.3205338 0.34241176
0.3175 0.3269997 0.34812504
0.318 0.3333812 0.3537537
0.3185 0.3396757 0.35929888
0.319 0.3458822 0.36476183
0.3195 0.3520008 0.37014353
0.32 0.358032 0.3754453
0.3205 0.3639765 0.38066816
0.321 0.369835 0.38581324
0.3215 0.3756085 0.39088154
0.322 0.3812978 0.3958742
0.3225 0.3869035 0.40079224
0.323 0.3924265 0.40563667
0.3235 0.3978673 0.41040844
0.324 0.4032268 0.41510874
0.3245 0.4085056 0.41973835
0.325 0.4137043 0.42429835
0.3255 0.4188235 0.42878968
0.326 0.423864 0.43321335
0.3265 0.4288264 0.43757015
0.327 0.4337113 0.4418612
0.3275 0.4385195 0.44608724
0.328 0.4432516 0.45024925
0.3285 0.4479084 0.4543481
0.329 0.4524904 0.45838463
0.3295 0.4569986 0.4623598
0.33 0.4614335 0.46627438
0.3305 0.465796 0.4701292
0.331 0.4700869 0.47392517
0.3315 0.4743068 0.47766322
0.332 0.4784567 0.48134392
0.3325 0.4825372 0.48496825
0.333 0.4865493 0.4885369
0.3335 0.4904936 0.49205077
0.334 0.4943684 0.49551052
0.3345 0.4981734 0.49891704
0.335 0.5019146 0.502271
0.3355 0.5055935 0.5055732
0.336 0.5092104 0.50882435
0.3365 0.5127657 0.5120252
0.337 0.5162596 0.5151764
0.3375 0.5196928 0.5182788
0.338 0.5230659 0.521333
0.3385 0.5263796 0.52433974
0.339 0.5296348 0.5272997
0.3395 0.5328322 0.53021353
0.34 0.5359727 0.53308195
0.3405 0.5390571 0.5359056
0.341 0.5419007 0.53868514
0.3415 0.5437551 0.54142123
0.342 0.5457301 0.5441144
0.3425 0.5481117 0.5467655
0.343 0.5508022 0.549375
0.3435 0.5536596 0.5519435
0.344 0.5565761 0.5544717
0.3445 0.559484 0.55696017
0.345 0.5623454 0.5594093
0.3455 0.5651414 0.56182003
0.346 0.5678645 0.5641927
0.3465 0.5705136 0.566528
0.347 0.5730907 0.5688264
0.3475 0.5755994 0.5710885
0.348 0.5780437 0.5733147
0.3485 0.5804267 0.57550585
0.349 0.5827525 0.5776622
0.3495 0.5850248 0.57978445
0.35 0.5872466 0.57066035
0.3505 0.5751922 0.5616172
0.351 0.5630012 0.5526559
0.3515 0.5530495 0.5437773
0.352 0.5445182 0.53498226
0.3525 0.5366646 0.5262714
0.353 0.5290795 0.51764554
0.3535 0.5215744 0.5091052
0.354 0.5140725 0.50065106
0.3545 0.506548 0.49228364
0.355 0.4989966 0.48400337
0.3555 0.4914223 0.4758107
0.356 0.4838322 0.46770602
0.3565 0.4762341 0.45968968
0.357 0.4686359 0.4517619
0.3575 0.4610452 0.44392294
0.358 0.4534688 0.43617302
0.3585 0.4459133 0.42851222
0.359 0.4383847 0.42094064
0.3595 0.4308885 0.41345835
0.36 0.4234299 0.4060653
0.3605 0.4160135 0.39876157
0.361 0.4086436 0.3915469
0.3615 0.4013243 0.3844213
0.362 0.394059 0.3773846
0.3625 0.3868511 0.3704365
0.363 0.3797036 0.36357683
0.3635 0.3726191 0.35680532
0.364 0.3656001 0.35012162
0.3645 0.3586487 0.3435254
0.365 0.3517671 0.33701628
0.3655 0.3449569 0.33059394
0.366 0.3382197 0.32425785
0.3665 0.3315569 0.31800753
0.367 0.3249698 0.3118425
0.3675 0.3184594 0.30576223
0.368 0.3120266 0.29976624
0.3685 0.3056722 0.29385388
0.369 0.2993969 0.2880246
0.3695 0.2932012 0.28227776
0.37 0.2870856 0.27661276
0.3705 0.2810503 0.27102894
0.371 0.2750956 0.26552564
0.3715 0.2692217 0.2601021
0.372 0.2634285 0.25475764
0.3725 0.2577162 0.24949165
0.373 0.2520845 0.24430324
0.3735 0.2465333 0.23919176
0.374 0.2410624 0.23415644
0.3745 0.2356715 0.2291965
0.375 0.2303603 0.22431119
0.3755 0.2251284 0.21949966
0.376 0.2199754 0.21476121
0.3765 0.2149008 0.21009497
0.377 0.209904 0.20550014
0.3775 0.2049846 0.20097594
0.378 0.2001419 0.19652154
0.3785 0.1953753 0.19213612
0.379 0.1906843 0.18781887
0.3795 0.186068 0.18356897
0.38 0.181526 0.17938554
0.3805 0.1770573 0.17526783
0.381 0.1726613 0.17121497
0.3815 0.1683372 0.16722614
0.382 0.1640844 0.1633005
0.3825 0.1599019 0.15943725
0.383 0.1557891 0.15563557
0.3835 0.151745 0.15189461
0.384 0.1477689 0.1482136
0.3845 0.14386 0.14459167
0.385 0.1400175 0.14102806
0.3855 0.1362405 0.13752192
0.386 0.1325281 0.13407251
0.3865 0.1288796 0.13067898
0.387 0.125294 0.12734054
0.3875 0.1217706 0.12405644
0.388 0.1183085 0.12082587
0.3885 0.1149068 0.11764808
0.389 0.1115648 0.11452226
0.3895 0.1082815 0.11144772
0.39 0.1050561 0.108423635
0.3905 0.1018878 0.10544929
0.391 0.09877567 0.10252392
0.3915 0.09571898 0.09964682
0.392 0.09271685 0.09681724
0.3925 0.08976846 0.09403446
0.393 0.08687299 0.09129779
0.3935 0.08402963 0.08860654
0.394 0.08123756 0.085959956
0.3945 0.07849598 0.08335741
0.395 0.0758041 0.080798164
0.3955 0.07316112 0.0782816
0.396 0.07056626 0.075807005
0.3965 0.06801875 0.073373765
0.397 0.06551782 0.07098119
0.3975 0.0630627 0.06862867
0.398 0.06065264 0.06631556
0.3985 0.0582869 0.06404124
0.399 0.05596474 0.0618051
0.3995 0.05368543 0.059606522
0.4 0.05144825 0.057444915
0.4005 0.04925249 0.055319667
0.401 0.04709744 0.053230204
0.4015 0.04498242 0.05117596
0.402 0.04290673 0.049156368
0.4025 0.0408697 0.047170855
0.403 0.03887065 0.045218885
0.4035 0.03690894 0.0432999
0.404 0.03498391 0.04141336
0.4045 0.03309491 0.039558753
0.405 0.03124132 0.037735544
0.4055 0.02942251 0.035943218
0.406 0.02763787 0.034181297
0.4065 0.02588678 0.032449245
0.407 0.02416866 0.030746587
0.4075 0.02248291 0.029072836
0.408 0.02082895 0.027427532
0.4085 0.01920621 0.025810197
0.409 0.01761413 0.024220355
0.4095 0.01605216 0.022657573
0.41 0.01451975 0.021121398
0.4105 0.01301636 0.019611374
0.411 0.01154146 0.018127084
0.4115 0.01009454 0.016668081
0.412 0.008675076 0.015233979
0.4125 0.007282574 0.013824329
0.413 0.005916534 0.012438744
0.4135 0.00457647 0.011076823
0.414 0.003261902 0.009738162
0.4145 0.001972359 0.00842236
0.415 0.0007073759 0.007129088
0.4155 -0.000533502 0.0058579072
0.416 -0.001750723 0.004608482
0.4165 -0.002944729 0.0033804327
0.417 -0.004115952 0.0021734238
0.4175 -0.005264818 0.0009870902
0.418 -0.006391746 -0.00017893314
0.4185 -0.007497148 -0.0013249665
0.419 -0.008581427 -0.0024513453
0.4195 -0.009644981 -0.0035584047
0.42 -0.0106882 -0.004646465
0.4205 -0.01171147 -0.005715847
0.421 -0.01271516 -0.0067668706
0.4215 -0.01369965 -0.0077998415
0.422 -0.01466529 -0.008815058
0.4225 -0.01561246 -0.009812828
0.423 -0.01654149 -0.010793436
0.4235 -0.01745273 -0.01175718
0.424 -0.01834652 -0.012704328
0.4245 -0.01922319 -0.013635192
0.425 -0.02008307 -0.01455003
0.4255 -0.02092647 -0.0154490955
0.426 -0.02175372 -0.016332649
0.4265 -0.02256512 -0.017200999
0.427 -0.02336098 -0.018054366
0.4275 -0.02414158 -0.01889301
0.428 -0.02490723 -0.01971718
0.4285 -0.02565821 -0.020527124
0.429 -0.0263948 -0.021323089
0.4295 -0.02711727 -0.02210528
0.43 -0.02782591 -0.022873983
0.4305 -0.02852097 -0.023629379
0.431 -0.02920272 -0.024371713
0.4315 -0.0298714 -0.025101192
0.432 -0.03052728 -0.025818061
0.4325 -0.03117061 -0.026522502
0.433 -0.03180161 -0.027214736
0.4335 -0.03242053 -0.027894981
0.434 -0.0330276 -0.02856344
0.4345 -0.03362306 -0.029220298
0.435 -0.03420712 -0.02986575
0.4355 -0.03478001 -0.03050001
0.436 -0.03534193 -0.03112325
0.4365 -0.03589311 -0.031735666
0.437 -0.03643376 -0.032337435
0.4375 -0.03696406 -0.03292875
0.438 -0.03748423 -0.03350976
0.4385 -0.03799446 -0.034080654
0.439 -0.03849495 -0.034641623
0.4395 -0.03898588 -0.035192825
0.44 -0.03946743 -0.035734415
0.4405 -0.03993979 -0.036266558
0.441 -0.04040314 -0.036789425
0.4415 -0.04085765 -0.037303157
0.442 -0.0413035 -0.037807934
0.4425 -0.04174084 -0.038303882
0.443 -0.04216985 -0.03879115
0.4435 -0.04259068 -0.0392699
0.444 -0.04300351 -0.039740294
0.4445 -0.04340847 -0.040202446
0.445 -0.04380572 -0.0406565
0.4455 -0.04419542 -0.04110259
0.446 -0.04457771 -0.041540854
0.4465 -0.04495273 -0.041971445
0.447 -0.04532062 -0.042394474
0.4475 -0.04568153 -0.042810075
0.448 -0.04603558 -0.04321838
0.4485 -0.04638292 -0.04361949
0.449 -0.04672366 -0.044013545
0.4495 -0.04705795 -0.04440067
0.45 -0.04738589 -0.044780977
0.4505 -0.04770763 -0.04515458
0.451 -0.04802327 -0.045521595
0.4515 -0.04833294 -0.045882136
0.452 -0.04863674 -0.046236306
0.4525 -0.0489348 -0.04658422
0.453 -0.04922723 -0.04692599
0.4535 -0.04951414 -0.0472617
0.454 -0.04979562 -0.047591485
0.4545 -0.05007179 -0.047915414
0.455 -0.05034275 -0.04823359
0.4555 -0.05060861 -0.048546143
0.456 -0.05086945 -0.048853144
0.4565 -0.05112538 -0.049154706
0.457 -0.05137649 -0.04945091
0.4575 -0.05162287 -0.049741834
0.458 -0.05186462 -0.050027564
0.4585 -0.05210183 -0.050308205
0.459 -0.05233458 -0.050583854
0.4595 -0.05256296 -0.050854594
0.46 -0.05278706 -0.051120482
0.4605 -0.05300695 -0.05138164
0.461 -0.05322272 -0.05163812
0.4615 -0.05343445 -0.051890016
0.462 -0.05364221 -0.052137397
0.4625 -0.05384609 -0.052380346
0.463 -0.05404615 -0.052618943
0.4635 -0.05424247 -0.05285325
0.464 -0.05443513 -0.053083353
0.4645 -0.05462419 -0.053309314
0.465 -0.05480972 -0.053531207
0.4655 -0.0549918 -0.05374912
0.466 -0.05517048 -0.053963095
0.4665 -0.05534583 -0.05417321
0.467 -0.05551792 -0.05437953
0.4675 -0.05568681 -0.05458211
0.468 -0.05585255 -0.05478105
0.4685 -0.05601522 -0.054976366
0.469 -0.05617487 -0.05516816
0.4695 -0.05633156 -0.055356465
0.47 -0.05648534 -0.055541344
0.4705 -0.05663628 -0.055722885
0.471 -0.05678442 -0.055901118
0.4715 -0.05692981 -0.05607611
0.472 -0.05707252 -0.05624789
0.4725 -0.05721259 -0.056416556
0.473 -0.05735008 -0.056582138
0.4735 -0.05748502 -0.056744702
0.474 -0.05761748 -0.056904294
0.4745 -0.0577475 -0.057060942
0.475 -0.05787512 -0.057214737
0.4755 -0.0580004 -0.0573657
0.476 -0.05812336 -0.057513893
0.4765 -0.05824407 -0.057659365
0.477 -0.05836257 -0.05780215
0.4775 -0.05847888 -0.0579423
0.478 -0.05859307 -0.058079876
0.4785 -0.05870516 -0.058214903
0.479 -0.0588152 -0.058347434
0.4795 -0.05892322 -0.058477513
0.48 -0.05902927 -0.058605187
0.4805 -0.05913338 -0.058730483
0.481 -0.05923559 -0.058853447
0.4815 -0.05933593 -0.058974132
0.482 -0.05943444 -0.05909256
0.4825 -0.05953116 -0.059208795
0.483 -0.05962612 -0.05932285
0.4835 -0.05971935 -0.059434786
0.484 -0.05981088 -0.059544623
0.4845 -0.05990075 -0.059652396
0.485 -0.05998899 -0.059758164
0.4855 -0.06007563 -0.059861936
0.486 -0.06016069 -0.059963755
0.4865 -0.06024422 -0.060063645
0.487 -0.06032623 -0.060161665
0.4875 -0.06040677 -0.060257837
0.488 -0.06048584 -0.060352184
0.4885 -0.06056349 -0.060444757
0.489 -0.06063973 -0.060535572
0.4895 -0.0607146 -0.06062466
0.49 -0.06078812 -0.060712047
0.4905 -0.06086032 -0.06079778
0.491 -0.06093122 -0.060881875
0.4915 -0.06100085 -0.06096437
0.492 -0.06106922 -0.06104529
0.4925 -0.06113637 -0.061124653
0.493 -0.06120231 -0.061202504
0.4935 -0.06126707 -0.061278842
0.494 -0.06133067 -0.06135372
0.4945 -0.06139313 -0.06142717
0.495 -0.06145448 -0.0614992
0.4955 -0.06151472 -0.061569832
0.496 -0.0615739 -0.061639085
0.4965 -0.06163202 -0.061707012
0.497 -0.0616891 -0.061773606
0.4975 -0.06174517 -0.061838917
0.498 -0.06180024 -0.061902963
0.4985 -0.06185432 -0.061965764
0.499 -0.06190745 -0.062027335
0.4995 -0.06195964 -0.062087685
