0.0 -0.065 0.08276146
0.0005 -0.065 0.048230365
0.001 -0.065 0.029132888
0.0015 -0.065 0.01672177
0.002 -0.065 0.0077012777
0.0025 -0.065 0.00059598684
0.003 -0.065 -0.005323738
0.0035 -0.065 -0.0104445815
0.004 -0.065 -0.01498346
0.0045 -0.065 -0.019068614
0.005 -0.065 -0.02278021
0.0055 -0.065 -0.026171207
0.006 -0.065 -0.029278949
0.0065 -0.065 -0.03213127
0.007 -0.065 -0.034750253
0.0075 -0.065 -0.037154213
0.008 -0.065 -0.03935902
0.0085 -0.065 -0.04137869
0.009 -0.065 -0.043226033
0.0095 -0.065 -0.04491283
0.01 -0.065 -0.046450004
0.0105 -0.065 -0.047847822
0.011 -0.065 -0.04911591
0.0115 -0.065 -0.05026327
0.012 -0.065 -0.05129841
0.0125 -0.065 -0.05222936
0.013 -0.065 -0.053063676
0.0135 -0.065 -0.053808466
0.014 -0.065 -0.05447036
0.0145 -0.065 -0.055055693
0.015 -0.065 -0.05557035
0.0155 -0.065 -0.056019798
0.016 -0.065 -0.0564093
0.0165 -0.065 -0.05674365
0.017 -0.065 -0.057027355
0.0175 -0.065 -0.05726464
0.018 -0.065 -0.05745946
0.0185 -0.065 -0.057615533
0.019 -0.065 -0.057736203
0.0195 -0.065 -0.057824686
0.02 -0.065 -0.05788392
0.0205 -0.065 -0.057916656
0.021 -0.065 -0.057925448
0.0215 -0.065 -0.057912633
0.022 -0.065 -0.0578804
0.0225 -0.065 -0.057830766
0.023 -0.065 -0.05776559
0.0235 -0.065 -0.057686538
0.024 -0.065 -0.057595253
0.0245 -0.065 -0.057493165
0.025 -0.065 -0.057381615
0.0255 -0.065 -0.057261795
0.026 -0.065 -0.05713488
0.0265 -0.065 -0.057001874
0.027 -0.065 -0.056863725
0.0275 -0.065 -0.056721315
0.028 -0.065 -0.056575388
0.0285 -0.065 -0.05642666
0.029 -0.065 -0.0562758
0.0295 -0.065 -0.05612339
0.03 -0.065 -0.05596994
0.0305 -0.065 -0.05581598
0.031 -0.065 -0.055661872
0.0315 -0.065 -0.055508062
0.032 -0.065 -0.055354893
0.0325 -0.065 -0.055202648
0.033 -0.065 -0.05505161
0.0335 -0.065 -0.05490206
0.034 -0.065 -0.054754153
0.0345 -0.065 -0.054608136
0.035 -0.065 -0.054464117
0.0355 -0.065 -0.054322317
0.036 -0.065 -0.054182783
0.0365 -0.065 -0.054045632
0.037 -0.065 -0.053910986
0.0375 -0.065 -0.0537789
0.038 -0.065 -0.05364944
0.0385 -0.065 -0.05352263
0.039 -0.065 -0.053398505
0.0395 -0.065 -0.053277075
0.04 -0.065 -0.053158417
0.0405 -0.065 -0.053042457
0.041 -0.065 -0.052929237
0.0415 -0.065 -0.052818775
0.042 -0.065 -0.052710965
0.0425 -0.065 -0.052605882
0.043 -0.065 -0.052503437
0.0435 -0.065 -0.052403644
0.044 -0.065 -0.05230643
0.0445 -0.065 -0.05221179
0.045 -0.065 -0.052119657
0.0455 -0.065 -0.052029982
0.046 -0.065 -0.05194278
0.0465 -0.065 -0.05185795
0.047 -0.065 -0.051775485
0.0475 -0.065 -0.051695302
0.048 -0.065 -0.05161737
0.0485 -0.065 -0.05154164
0.049 -0.065 -0.051468045
0.0495 -0.065 -0.051396593
0.05 -0.065 -0.051327154
0.0505 -0.065 -0.051259726
0.051 -0.065 -0.051194265
0.0515 -0.065 -0.051130697
0.052 -0.065 -0.051069006
0.0525 -0.065 -0.05100909
0.053 -0.065 -0.05095093
0.0535 -0.065 -0.050894484
0.054 -0.065 -0.050839707
0.0545 -0.065 -0.05078654
0.055 -0.065 -0.050734982
0.0555 -0.065 -0.0506849
0.056 -0.065 -0.050636306
0.0565 -0.065 -0.050589174
0.057 -0.065 -0.050543442
0.0575 -0.065 -0.050499067
0.058 -0.065 -0.050455987
0.0585 -0.065 -0.05041422
0.059 -0.065 -0.050373703
0.0595 -0.065 -0.050334364
0.06 -0.065 -0.050296202
0.0605 -0.065 -0.050259158
0.061 -0.065 -0.05022323
0.0615 -0.065 -0.050188348
0.062 -0.065 -0.050154552
0.0625 -0.065 -0.05012171
0.063 -0.065 -0.05008982
0.0635 -0.065 -0.050058916
0.064 -0.065 -0.050028905
0.0645 -0.065 -0.04999979
0.065 -0.065 -0.049971506
0.0655 -0.065 -0.049944058
0.066 -0.065 -0.049917415
0.0665 -0.065 -0.04989159
0.067 -0.065 -0.049866483
0.0675 -0.065 -0.049842134
0.068 -0.065 -0.049818486
0.0685 -0.065 -0.04979551
0.069 -0.065 -0.04977323
0.0695 -0.065 -0.049751565
0.07 -0.065 -0.049730524
0.0705 -0.065 -0.04971011
0.071 -0.065 -0.049690276
0.0715 -0.065 -0.04967098
0.072 -0.065 -0.049652293
0.0725 -0.065 -0.049634084
0.073 -0.065 -0.04961641
0.0735 -0.065 -0.049599245
0.074 -0.065 -0.0495826
0.0745 -0.065 -0.049566388
0.075 -0.065 -0.049550638
0.0755 -0.065 -0.04953535
0.076 -0.065 -0.049520448
0.0765 -0.065 -0.049505994
0.077 -0.065 -0.049491927
0.0775 -0.065 -0.049478278
0.078 -0.065 -0.04946497
0.0785 -0.065 -0.049452066
0.079 -0.065 -0.049439505
0.0795 -0.065 -0.049427286
0.08 -0.065 -0.049415395
0.0805 -0.065 -0.04940383
0.081 -0.065 -0.049392596
0.0815 -0.065 -0.04938166
0.082 -0.065 -0.04937105
0.0825 -0.065 -0.049360678
0.083 -0.065 -0.049350604
0.0835 -0.065 -0.0493408
0.084 -0.065 -0.049331293
0.0845 -0.065 -0.049321994
0.085 -0.065 -0.04931295
0.0855 -0.065 -0.049304172
0.086 -0.065 -0.049295604
0.0865 -0.065 -0.049287245
0.087 -0.065 -0.04927914
0.0875 -0.065 -0.049271256
0.088 -0.065 -0.04926355
0.0885 -0.065 -0.049256086
0.089 -0.065 -0.049248785
0.0895 -0.065 -0.049241677
0.09 -0.065 -0.049234763
0.0905 -0.065 -0.049228027
0.091 -0.065 -0.04922144
0.0915 -0.065 -0.049215063
0.092 -0.065 -0.04920885
0.0925 -0.065 -0.04920277
0.093 -0.065 -0.049196854
0.0935 -0.065 -0.049191087
0.094 -0.065 -0.04918547
0.0945 -0.065 -0.049180016
0.095 -0.065 -0.04917465
0.0955 -0.065 -0.049169496
0.096 -0.065 -0.04916443
0.0965 -0.065 -0.049159497
0.097 -0.065 -0.04915467
0.0975 -0.065 -0.04914996
0.098 -0.065 -0.049145386
0.0985 -0.065 -0.04914093
0.099 -0.065 -0.049136564
0.0995 -0.065 -0.049132332
0.1 -0.065 -0.050470755
0.1005 -0.06490283 -0.051204488
0.101 -0.0645434 -0.05147727
0.1015 -0.063925 -0.051384985
0.102 -0.06306143 -0.050991923
0.1025 -0.06195835 -0.050341442
0.103 -0.06061755 -0.049462333
0.1035 -0.05903965 -0.048373565
0.104 -0.05722519 -0.047086746
0.1045 -0.05517419 -0.04560864
0.105 -0.05288624 -0.043942466
0.1055 -0.05036459 -0.042088896
0.106 -0.04761267 -0.040046796
0.1065 -0.04463445 -0.037813887
0.107 -0.04143758 -0.035387024
0.1075 -0.03802588 -0.032762647
0.108 -0.03440104 -0.029936597
0.1085 -0.03056448 -0.02690503
0.109 -0.0265204 -0.023663685
0.1095 -0.02227287 -0.020208597
0.11 -0.0178258 -0.016535968
0.1105 -0.01318304 -0.012642026
0.111 -0.008348472 -0.008523449
0.1115 -0.003326013 -0.0041769743
0.112 0.001882267 0.0004002303
0.1125 0.007264746 0.0052107275
0.113 0.01277531 0.010256782
0.1135 0.01838568 0.015540212
0.114 0.02411863 0.021062687
0.1145 0.03000003 0.026825339
0.115 0.03604989 0.03282906
0.1155 0.04228006 0.039074346
0.116 0.04869519 0.04556127
0.1165 0.05529472 0.052289695
0.117 0.06207446 0.059258923
0.1175 0.06902794 0.066467896
0.118 0.0761475 0.07391523
0.1185 0.0834238 0.0815991
0.119 0.09084697 0.08951737
0.1195 0.09840875 0.09766732
0.12 0.1061032 0.106046095
0.1205 0.1139251 0.114650115
0.121 0.1218695 0.123475626
0.1215 0.1299325 0.1325184
0.122 0.1381106 0.14177386
0.1225 0.1464006 0.15123709
0.123 0.1547996 0.1609027
0.1235 0.1633046 0.17076518
0.124 0.1719129 0.1808184
0.1245 0.1806219 0.19105612
0.125 0.1894292 0.20147194
0.1255 0.1983319 0.21205895
0.126 0.2073272 0.22281025
0.1265 0.2164125 0.23371856
0.127 0.2255859 0.24477671
0.1275 0.2348456 0.25597715
0.128 0.2441898 0.26731247
0.1285 0.253617 0.27877498
0.129 0.2631256 0.2903573
0.1295 0.2727143 0.30205172
0.13 0.2823817 0.31385064
0.1305 0.2921264 0.32574672
0.131 0.301947 0.33773243
0.1315 0.3118419 0.34980065
0.132 0.321809 0.36194384
0.1325 0.3318468 0.3741551
0.133 0.3419533 0.38642728
0.1335 0.3521275 0.3987537
0.134 0.3623685 0.4111275
0.1345 0.372675 0.4235422
0.135 0.3830455 0.4359913
0.1355 0.3934783 0.44846833
0.136 0.4039722 0.4609673
0.1365 0.4145262 0.4734819
0.137 0.4251392 0.48600644
0.1375 0.4358099 0.4985351
0.138 0.4465365 0.5110621
0.1385 0.4573171 0.5235818
0.139 0.4681507 0.5360889
0.1395 0.4790366 0.548578
0.14 0.4899739 0.561044
0.1405 0.5009617 0.57348174
0.141 0.5119989 0.5858863
0.1415 0.5230844 0.598253
0.142 0.5342171 0.6105769
0.1425 0.5453959 0.6228536
0.143 0.5566198 0.6350785
0.1435 0.5678875 0.6472473
0.144 0.5791977 0.659356
0.1445 0.5905469 0.6714001
0.145 0.6019346 0.6833759
0.1455 0.6133612 0.6952794
0.146 0.6248254 0.707107
0.1465 0.6363275 0.71885496
0.147 0.6478673 0.7305199
0.1475 0.6594446 0.74209845
0.148 0.6710587 0.7535873
0.1485 0.682709 0.76498324
0.149 0.6943946 0.7762834
0.1495 0.7061146 0.78748494
0.15 0.717868 0.7985826
0.1505 0.7295483 0.80934155
0.151 0.7409745 0.81972426
0.1515 0.7520799 0.8297259
0.152 0.7628304 0.83935094
0.1525 0.7732073 0.848606
0.153 0.7831991 0.85749763
0.1535 0.7927976 0.86603236
0.154 0.8020007 0.8742167
0.1545 0.8108017 0.88205683
0.155 0.8191624 0.8895582
0.1555 0.8270924 0.89672655
0.156 0.8346078 0.90356725
0.1565 0.8416954 0.9100854
0.157 0.8483872 0.9162858
0.1575 0.8547188 0.92217326
0.158 0.8607122 0.927752
0.1585 0.8663784 0.93302673
0.159 0.8717244 0.9380018
0.1595 0.8767538 0.94268054
0.16 0.8814683 0.9470675
0.1605 0.8858696 0.9511664
0.161 0.8899597 0.9549807
0.1615 0.8937411 0.9585139
0.162 0.8972156 0.9617697
0.1625 0.9003873 0.9647516
0.163 0.9032626 0.9674625
0.1635 0.9058476 0.9699058
0.164 0.9081484 0.9720846
0.1645 0.9101708 0.97400206
0.165 0.9119166 0.97566104
0.1655 0.9133914 0.9770645
0.166 0.9146044 0.97821534
0.1665 0.9155633 0.97911644
0.167 0.9162753 0.9797707
0.1675 0.9167464 0.98018074
0.168 0.9169825 0.98034936
0.1685 0.916989 0.9802794
0.169 0.9167716 0.9799734
0.1695 0.916334 0.97943425
0.17 0.9156798 0.9786645
0.1705 0.9148149 0.97766733
0.171 0.9137457 0.9764448
0.1715 0.9124781 0.9750002
0.172 0.9110173 0.97333634
0.1725 0.9093683 0.9714557
0.173 0.9075354 0.9693613
0.1735 0.9055231 0.9670562
0.174 0.9033354 0.964543
0.1745 0.9009765 0.9618251
0.175 0.8984503 0.95890534
0.1755 0.8957606 0.9557868
0.176 0.8929114 0.95247275
0.1765 0.8899063 0.9489668
0.177 0.8867491 0.94527155
0.1775 0.8834433 0.94139117
0.178 0.8799923 0.9373287
0.1785 0.8763997 0.93308777
0.179 0.8726684 0.92867225
0.1795 0.8687985 0.9240857
0.18 0.8647906 0.9193318
0.1805 0.860646 0.9144147
0.181 0.8563713 0.9093382
0.1815 0.8519733 0.9041065
0.182 0.8474571 0.8987235
0.1825 0.8428266 0.89319354
0.183 0.8380847 0.88752073
0.1835 0.8332339 0.8817095
0.184 0.8282766 0.8757639
0.1845 0.8232147 0.86968863
0.185 0.8180503 0.8634881
0.1855 0.8127854 0.8571666
0.186 0.8074193 0.8507286
0.1865 0.8019527 0.84417886
0.187 0.7963844 0.83752173
0.1875 0.7907199 0.83076173
0.188 0.784965 0.8239035
0.1885 0.7791229 0.8169514
0.189 0.7731938 0.8099102
0.1895 0.7671804 0.80278426
0.19 0.761086 0.79557794
0.1905 0.7549134 0.7882959
0.191 0.7486645 0.78094226
0.1915 0.742341 0.7735218
0.192 0.7359436 0.76603836
0.1925 0.7294695 0.75849646
0.193 0.7228817 0.7509002
0.1935 0.7161467 0.7432538
0.194 0.7093042 0.7355612
0.1945 0.7023944 0.7278264
0.195 0.6954417 0.7200534
0.1955 0.6884567 0.712246
0.196 0.6814407 0.70440763
0.1965 0.6743839 0.6965423
0.197 0.6672793 0.6886534
0.1975 0.6601231 0.6807445
0.198 0.6529142 0.672819
0.1985 0.645653 0.66488016
0.199 0.6383409 0.6569311
0.1995 0.6309794 0.648975
0.2 0.6235697 0.6507088
0.2005 0.6157 0.65032995
0.201 0.6071657 0.6481041
0.2015 0.5983214 0.6443042
0.202 0.5894186 0.639196
0.2025 0.5805968 0.63302684
0.203 0.5719316 0.62602055
0.2035 0.5634664 0.61837405
0.204 0.5552286 0.61025745
0.2045 0.5472369 0.6018156
0.205 0.5395045 0.59317064
0.2055 0.5320415 0.5844247
0.206 0.5248549 0.5756623
0.2065 0.51795 0.56695336
0.207 0.51133 0.5583552
0.2075 0.504997 0.54991513
0.208 0.4989519 0.5416712
0.2085 0.4931944 0.5336549
0.209 0.4877236 0.52589124
0.2095 0.4825378 0.5184004
0.21 0.4776349 0.51119864
0.2105 0.4730122 0.5042984
0.211 0.4686665 0.4977092
0.2115 0.4645946 0.4914387
0.212 0.4607928 0.48549187
0.2125 0.4572573 0.47987205
0.213 0.4539841 0.47458142
0.2135 0.4509692 0.4696207
0.214 0.4482084 0.4649896
0.2145 0.4456973 0.4606868
0.215 0.4434319 0.45671046
0.2155 0.4414076 0.45305794
0.216 0.4396203 0.449726
0.2165 0.4380655 0.44671112
0.217 0.4367391 0.4440093
0.2175 0.4356368 0.44161618
0.218 0.4347544 0.43952727
0.2185 0.4340876 0.43773776
0.219 0.4336324 0.4362427
0.2195 0.4333846 0.4350372
0.22 0.4333403 0.434116
0.2205 0.4334954 0.4334743
0.221 0.4338462 0.4331066
0.2215 0.4343886 0.43300807
0.222 0.435119 0.43317348
0.2225 0.4360336 0.43359786
0.223 0.4371287 0.43427646
0.2235 0.4384009 0.4352041
0.224 0.4398465 0.4363762
0.2245 0.4414621 0.43778825
0.225 0.4432443 0.43943548
0.2255 0.4451898 0.4413135
0.226 0.4472952 0.44341803
0.2265 0.4495575 0.4457447
0.227 0.4519734 0.44828922
0.2275 0.45454 0.45104766
0.228 0.457254 0.4540158
0.2285 0.4601127 0.45718932
0.229 0.463113 0.46056443
0.2295 0.4662522 0.4641369
0.23 0.4695275 0.46790266
0.2305 0.472936 0.47185737
0.231 0.4764753 0.4759968
0.2315 0.4801425 0.48031658
0.232 0.4839353 0.48481214
0.2325 0.4878509 0.489479
0.233 0.4918871 0.4943123
0.2335 0.4960413 0.49930727
0.234 0.5003112 0.5044587
0.2345 0.5046944 0.50976175
0.235 0.5091888 0.5152109
0.2355 0.5137921 0.5208008
0.236 0.518502 0.5265259
0.2365 0.5233166 0.5323806
0.237 0.5282336 0.538359
0.2375 0.533251 0.5444554
0.238 0.5383669 0.550664
0.2385 0.5435792 0.5569787
0.239 0.548886 0.5633935
0.2395 0.5542855 0.56990254
0.24 0.5597758 0.5764998
0.2405 0.5653551 0.5831793
0.241 0.5710216 0.5899352
0.2415 0.5767735 0.5967612
0.242 0.5826093 0.60365206
0.2425 0.5885272 0.6106016
0.243 0.5945256 0.6176044
0.2435 0.6006029 0.6246547
0.244 0.6067575 0.63174725
0.2445 0.6129879 0.63887656
0.245 0.6192926 0.64603746
0.2455 0.6256701 0.653225
0.246 0.632119 0.66043407
0.2465 0.6386379 0.66765994
0.247 0.6452254 0.674898
0.2475 0.6518801 0.68214387
0.248 0.6586008 0.6893931
0.2485 0.6653861 0.69664156
0.249 0.6722347 0.7038853
0.2495 0.6791454 0.7111205
0.25 0.686117 0.71834224
0.2505 0.6930458 0.7254498
0.251 0.6997567 0.732274
0.2515 0.7061878 0.7387629
0.252 0.7123083 0.744904
0.2525 0.7181014 0.7506971
0.253 0.7235576 0.75614566
0.2535 0.7286716 0.7612547
0.254 0.7334412 0.7660294
0.2545 0.7378659 0.77047503
0.255 0.7419472 0.77459687
0.2555 0.7456877 0.7784001
0.256 0.7490912 0.78189
0.2565 0.7521621 0.78507155
0.257 0.7549056 0.78795004
0.2575 0.7573274 0.7905306
0.258 0.7594335 0.792818
0.2585 0.7612305 0.79481775
0.259 0.7627247 0.79653436
0.2595 0.7639231 0.79797304
0.26 0.7648323 0.79913837
0.2605 0.7654592 0.80003554
0.261 0.7658107 0.80066913
0.2615 0.7658935 0.8010439
0.262 0.7657145 0.8011643
0.2625 0.7652804 0.8010352
0.263 0.7645976 0.8006608
0.2635 0.7636727 0.8000455
0.264 0.7625121 0.7991937
0.2645 0.761122 0.79810953
0.265 0.7595084 0.79679704
0.2655 0.7576774 0.79526037
0.266 0.7556347 0.7935034
0.2665 0.7533861 0.7915299
0.267 0.7509371 0.7893438
0.2675 0.7482931 0.7869485
0.268 0.7454593 0.7843476
0.2685 0.742441 0.7815445
0.269 0.7392431 0.7785425
0.2695 0.7358704 0.7753448
0.27 0.7323277 0.7719546
0.2705 0.7286195 0.76837486
0.271 0.7247504 0.76460844
0.2715 0.7207247 0.7606584
0.272 0.7165467 0.7565272
0.2725 0.7122203 0.7522177
0.273 0.7077497 0.74773234
0.2735 0.7031387 0.74307364
0.274 0.698391 0.738244
0.2745 0.6935098 0.733246
0.275 0.6884987 0.7280818
0.2755 0.6833616 0.7227538
0.276 0.6781019 0.7172643
0.2765 0.6727232 0.7116155
0.277 0.6672287 0.7058098
0.2775 0.6616214 0.6998494
0.278 0.6559044 0.69373673
0.2785 0.6500805 0.68747413
0.279 0.6441525 0.6810642
0.2795 0.6381232 0.67450947
0.28 0.6319952 0.66781276
0.2805 0.6257712 0.6609769
0.281 0.6194536 0.6540049
0.2815 0.6130449 0.64689994
0.282 0.6065476 0.6396656
0.2825 0.5999639 0.6323053
0.283 0.5932961 0.624823
0.2835 0.5865464 0.61722285
0.284 0.5797169 0.60950905
0.2845 0.5728099 0.60168624
0.285 0.5658272 0.59375924
0.2855 0.5587709 0.5857332
0.286 0.5516429 0.57761335
0.2865 0.544445 0.56940526
0.287 0.5371791 0.5611145
0.2875 0.529847 0.55274713
0.288 0.5224504 0.544309
0.2885 0.5149909 0.53580624
0.289 0.5074702 0.52724516
0.2895 0.4990303 0.5186318
0.29 0.4895339 0.50997245
0.2905 0.4799613 0.5012733
0.291 0.4706986 0.49254
0.2915 0.4618558 0.48377872
0.292 0.453413 0.47499514
0.2925 0.4452974 0.46619475
0.293 0.4374228 0.45738274
0.2935 0.4297083 0.448564
0.294 0.422085 0.43974346
0.2945 0.4144985 0.43092525
0.295 0.4069076 0.42211336
0.2955 0.3992826 0.41331172
0.296 0.3916031 0.40452367
0.2965 0.383856 0.3957522
0.297 0.3760336 0.3870002
0.2975 0.3681323 0.37826985
0.298 0.3601514 0.36956364
0.2985 0.352092 0.36088336
0.299 0.3439567 0.35223073
0.2995 0.3357488 0.3436072
0.3 0.3274721 0.33501673
0.3005 0.3192331 0.3267274
0.301 0.31121 0.31875467
0.3015 0.3034678 0.31111068
0.302 0.2960403 0.3038054
0.3025 0.2889468 0.2968464
0.303 0.2821989 0.2902395
0.3035 0.275804 0.28398907
0.304 0.269766 0.2780981
0.3045 0.2640866 0.2725681
0.305 0.2587656 0.2673995
0.3055 0.2538013 0.2625919
0.306 0.2491911 0.25814372
0.3065 0.2449313 0.25405246
0.307 0.2410174 0.25031495
0.3075 0.2374443 0.24692722
0.308 0.234206 0.24388449
0.3085 0.2312964 0.24118163
0.309 0.2287093 0.23881285
0.3095 0.2264379 0.23677184
0.31 0.2244757 0.23505189
0.3105 0.2228159 0.23364596
0.311 0.2214515 0.23254682
0.3115 0.2203759 0.23174687
0.312 0.2195821 0.23123829
0.3125 0.2190634 0.23101334
0.313 0.2188131 0.23106386
0.3135 0.2188246 0.23138203
0.314 0.2190914 0.23195978
0.3145 0.219607 0.23278911
0.315 0.2203654 0.2338622
0.3155 0.2213602 0.23517145
0.316 0.2225854 0.23670922
0.3165 0.2240353 0.2384681
0.317 0.2257039 0.24044092
0.3175 0.2275859 0.2426209
0.318 0.2296755 0.24500136
0.3185 0.2319676 0.24757619
0.319 0.2344569 0.25033927
0.3195 0.2371383 0.25328505
0.32 0.240007 0.2564084
0.3205 0.243058 0.25970423
0.321 0.2462868 0.26316828
0.3215 0.2496888 0.26679623
0.322 0.2532595 0.27058446
0.3225 0.2569945 0.2745297
0.323 0.2608899 0.2786289
0.3235 0.2649413 0.2828794
0.324 0.269145 0.28727907
0.3245 0.2734969 0.29182595
0.325 0.2779934 0.2965184
0.3255 0.2826308 0.30135518
0.326 0.2874054 0.30633515
0.3265 0.2923138 0.31145746
0.327 0.2973526 0.31672144
0.3275 0.3025186 0.3221267
0.328 0.3078085 0.32767266
0.3285 0.3132193 0.333359
0.329 0.3187478 0.33918554
0.3295 0.3243912 0.34515178
0.33 0.3301465 0.35125738
0.3305 0.3360111 0.35750192
0.331 0.3419821 0.3638845
0.3315 0.3480567 0.37040442
0.332 0.354232 0.3770604
0.3325 0.3605054 0.3838513
0.333 0.366875 0.39077526
0.3335 0.3733383 0.39783037
0.334 0.3798934 0.40501416
0.3345 0.386538 0.41232407
0.335 0.3932699 0.41975683
0.3355 0.4000868 0.42730916
0.336 0.4069864 0.43497705
0.3365 0.4139669 0.4427566
0.337 0.4210265 0.45064318
0.3375 0.4281633 0.45863193
0.338 0.4353755 0.4667176
0.3385 0.4426613 0.474895
0.339 0.4500187 0.48315817
0.3395 0.4574462 0.49150145
0.34 0.4649418 0.49991858
0.3405 0.4725041 0.5084035
0.341 0.4801313 0.51694965
0.3415 0.4878218 0.5255507
0.342 0.4955732 0.5342001
0.3425 0.5033835 0.5428913
0.343 0.51125 0.5516177
0.3435 0.5191701 0.56037277
0.344 0.5271423 0.56915015
0.3445 0.5351658 0.5779435
0.345 0.5432401 0.58674634
0.3455 0.5513643 0.5955528
0.346 0.5595365 0.6043566
0.3465 0.5677571 0.61315215
0.347 0.5760263 0.6219338
0.3475 0.5843442 0.6306959
0.348 0.5927103 0.63943344
0.3485 0.6011238 0.6481414
0.349 0.6095838 0.656815
0.3495 0.6180892 0.66544956
0.35 0.6266391 0.6782108
0.3505 0.6350897 0.68743294
0.351 0.6431947 0.69535
0.3515 0.6509261 0.7026289
0.352 0.6582873 0.709459
0.3525 0.6652792 0.7158936
0.353 0.6719006 0.72194886
0.3535 0.67815 0.7276314
0.354 0.6840271 0.7329455
0.3545 0.6895327 0.7378952
0.355 0.6946693 0.74248475
0.3555 0.69944 0.74671847
0.356 0.7038492 0.7506012
0.3565 0.7079021 0.75413805
0.357 0.7116043 0.7573342
0.3575 0.714962 0.7601949
0.358 0.7179817 0.76272625
0.3585 0.7206703 0.7649341
0.359 0.7230347 0.76682436
0.3595 0.7250821 0.76840305
0.36 0.7268198 0.76967657
0.3605 0.7282549 0.7706512
0.361 0.7293947 0.77133334
0.3615 0.7302463 0.77172905
0.362 0.7308169 0.77184474
0.3625 0.7311135 0.77168643
0.363 0.731143 0.77126056
0.3635 0.7309123 0.77057284
0.364 0.730428 0.7696294
0.3645 0.7296966 0.768436
0.365 0.7287247 0.76699847
0.3655 0.7275185 0.76532215
0.366 0.726084 0.7634124
0.3665 0.7244274 0.76127476
0.367 0.7225544 0.75891405
0.3675 0.7204707 0.75633544
0.368 0.7181819 0.7535437
0.3685 0.7156934 0.7505433
0.369 0.7130105 0.7473389
0.3695 0.7101382 0.7439348
0.37 0.7070816 0.7403354
0.3705 0.7038456 0.73654467
0.371 0.7004348 0.73256665
0.3715 0.6968539 0.72840494
0.372 0.6931073 0.72406334
0.3725 0.6891994 0.7195455
0.373 0.6851344 0.7148548
0.3735 0.6809165 0.7099946
0.374 0.6765496 0.70496815
0.3745 0.6720377 0.69977874
0.375 0.6673846 0.6944294
0.3755 0.6625938 0.68892306
0.376 0.6576691 0.683263
0.3765 0.6526139 0.67745185
0.377 0.6474315 0.67149276
0.3775 0.6421254 0.6653883
0.378 0.6366987 0.65914166
0.3785 0.6311545 0.65275556
0.379 0.6254958 0.6462329
0.3795 0.6197257 0.63957685
0.38 0.613847 0.6327901
0.3805 0.6078625 0.6258759
0.381 0.6017749 0.6188373
0.3815 0.5955868 0.61167765
0.382 0.5893009 0.6044003
0.3825 0.5829196 0.5970089
0.383 0.5764454 0.589507
0.3835 0.5698807 0.58189815
0.384 0.5632277 0.5741865
0.3845 0.5564888 0.5663762
0.385 0.549666 0.5584714
0.3855 0.5427616 0.55047655
0.386 0.5357776 0.54239625
0.3865 0.528716 0.53423524
0.387 0.5215787 0.52599823
0.3875 0.5143678 0.5176905
0.388 0.5070851 0.50931686
0.3885 0.4997323 0.5008826
0.389 0.4923112 0.49239308
0.3895 0.4848236 0.4838534
0.39 0.4772711 0.47526896
0.3905 0.4696554 0.46664494
0.391 0.4619779 0.4579867
0.3915 0.4542404 0.44929934
0.392 0.4464443 0.44058794
0.3925 0.438591 0.4318574
0.393 0.4306819 0.42311263
0.3935 0.4227185 0.41435814
0.394 0.4147022 0.40559858
0.3945 0.4066341 0.3968379
0.395 0.3985157 0.38808012
0.3955 0.3903481 0.3793292
0.396 0.3821326 0.37058854
0.3965 0.3738703 0.36186123
0.397 0.3655625 0.35315067
0.3975 0.3572102 0.3444593
0.398 0.3488145 0.33578992
0.3985 0.3403766 0.32714468
0.399 0.3318974 0.31852567
0.3995 0.3233779 0.3099348
0.4 0.3148192 0.30137295
0.4005 0.3062735 0.29290122
0.401 0.2978294 0.2845428
0.4015 0.2895188 0.2763145
0.402 0.281358 0.2682283
0.4025 0.2733559 0.2602929
0.403 0.2655177 0.25251436
0.4035 0.2578463 0.24489708
0.404 0.2503434 0.23744406
0.4045 0.2430094 0.23015715
0.405 0.2358439 0.2230374
0.4055 0.2288459 0.21608515
0.406 0.2220146 0.20930038
0.4065 0.2153479 0.2026826
0.407 0.208843 0.19623078
0.4075 0.2024971 0.1899438
0.408 0.1963072 0.18382032
0.4085 0.1902703 0.17785855
0.409 0.1843834 0.17205675
0.4095 0.1786434 0.1664129
0.41 0.1730472 0.16092493
0.4105 0.1675915 0.15559052
0.411 0.1622731 0.15040736
0.4115 0.1570889 0.145373
0.412 0.1520357 0.14048488
0.4125 0.1471103 0.13574041
0.413 0.1423096 0.13113697
0.4135 0.1376305 0.12667178
0.414 0.13307 0.122342125
0.4145 0.1286252 0.11814509
0.415 0.1242931 0.114078
0.4155 0.1200708 0.110137865
0.416 0.1159556 0.10632181
0.4165 0.1119448 0.102627024
0.417 0.1080357 0.09905051
0.4175 0.1042256 0.095589444
0.418 0.1005121 0.092240855
0.4185 0.09689273 0.089001924
0.419 0.09336503 0.0858697
0.4195 0.08992668 0.08284134
0.42 0.0865754 0.07991403
0.4205 0.08330896 0.07708487
0.421 0.08012522 0.07435109
0.4215 0.07702205 0.07170999
0.422 0.07399743 0.06915876
0.4225 0.07104935 0.06669469
0.423 0.06817588 0.064315155
0.4235 0.06537514 0.06201747
0.424 0.06264528 0.05979915
0.4245 0.05998453 0.05765748
0.425 0.05739115 0.055590108
0.4255 0.05486345 0.05359441
0.426 0.05239979 0.051668227
0.4265 0.04999857 0.049809024
0.427 0.04765824 0.04801449
0.4275 0.04537728 0.046282455
0.428 0.04315422 0.04461062
0.4285 0.04098762 0.0429969
0.429 0.03887609 0.04143919
0.4295 0.03681827 0.0399355
0.43 0.03481283 0.038483664
0.4305 0.0328585 0.037081853
0.431 0.03095403 0.03572826
0.4315 0.02909825 0.034420893
0.432 0.02729 0.033158123
0.4325 0.02552812 0.031938136
0.433 0.02381111 0.03075929
0.4335 0.02213293 0.029620007
0.434 0.02049279 0.028518707
0.4345 0.018893 0.027453825
0.435 0.01733504 0.026423976
0.4355 0.01581921 0.025427833
0.436 0.01434491 0.024463937
0.4365 0.01291109 0.023531005
0.437 0.01151647 0.022627816
0.4375 0.01015975 0.021753162
0.438 0.008839639 0.020905912
0.4385 0.007554952 0.020084947
0.439 0.006304584 0.019289225
0.4395 0.005087541 0.018517673
0.44 0.003902876 0.017769441
0.4405 0.002749696 0.017043516
0.441 0.001627164 0.016339108
0.4415 0.0005344934 0.01565528
0.442 -0.0005290777 0.014991298
0.4425 -0.00156425 0.014346361
0.443 -0.002571576 0.013719797
0.4435 -0.003550432 0.013110861
0.444 -0.004502022 0.012518987
0.4445 -0.005427693 0.01194343
0.445 -0.006327343 0.011383697
0.4455 -0.00720204 0.010839224
0.446 -0.008053124 0.010309473
0.4465 -0.008881376 0.009794012
0.447 -0.009687316 0.009292275
0.4475 -0.01047135 0.00880383
0.448 -0.01123386 0.008328348
0.4485 -0.0119752 0.007865384
0.449 -0.01269574 0.0074145496
0.4495 -0.01339586 0.0069755465
0.45 -0.01407595 0.0065480024
0.4505 -0.01473641 0.006131634
0.451 -0.01537764 0.0057261437
0.4515 -0.01600003 0.0053313076
0.452 -0.01660398 0.004946798
0.4525 -0.01718989 0.0045724064
0.453 -0.01775815 0.0042078793
0.4535 -0.01830915 0.0038530678
0.454 -0.01884327 0.0035077631
0.4545 -0.01936088 0.0031717122
0.455 -0.01986233 0.0028447509
0.4555 -0.020348 0.0025268197
0.456 -0.02081822 0.0022176355
0.4565 -0.02127334 0.0019171089
0.457 -0.02171369 0.0016251355
0.4575 -0.02213959 0.0013415217
0.458 -0.02250079 0.001066193
0.4585 -0.02281009 0.00079898536
0.459 -0.02310548 0.00053976476
0.4595 -0.02340325 0.00028853118
0.46 -0.02370882 4.5090914e-05
0.4605 -0.02402216 -0.00019060075
0.461 -0.02434079 -0.00041866302
0.4615 -0.02466145 -0.0006392002
0.462 -0.02498086 -0.000852257
0.4625 -0.02529593 -0.0010579824
0.463 -0.02560305 -0.0012564063
0.4635 -0.02590127 -0.0014475882
0.464 -0.02619004 -0.0016316175
0.4645 -0.02646869 -0.0018085837
0.465 -0.02673668 -0.0019785762
0.4655 -0.02699365 -0.0021416396
0.466 -0.02723877 -0.0022977889
0.4665 -0.02747162 -0.002447173
0.467 -0.02769305 -0.0025898963
0.4675 -0.02790364 -0.002725929
0.468 -0.02810374 -0.0028553754
0.4685 -0.02829364 -0.0029782802
0.469 -0.02847354 -0.0030947179
0.4695 -0.02864365 -0.0032047778
0.47 -0.02880418 -0.00330849
0.4705 -0.02895538 -0.0034059435
0.471 -0.0290975 -0.0034971684
0.4715 -0.02923081 -0.0035822988
0.472 -0.02935555 -0.0036613345
0.4725 -0.02947198 -0.0037343353
0.473 -0.02958033 -0.0038014203
0.4735 -0.02968084 -0.0038625896
0.474 -0.02977372 -0.0039179325
0.4745 -0.02985918 -0.0039675087
0.475 -0.02993743 -0.0040114075
0.4755 -0.03000865 -0.004049644
0.476 -0.03007303 -0.004082337
0.4765 -0.03013072 -0.0041095167
0.477 -0.03018191 -0.004131213
0.4775 -0.03022674 -0.0041475445
0.478 -0.03026536 -0.0041585863
0.4785 -0.03029792 -0.004164353
0.479 -0.03032456 -0.0041648597
0.4795 -0.03034542 -0.00416027
0.48 -0.03036063 -0.004150614
0.4805 -0.03037029 -0.0041359216
0.481 -0.03037448 -0.0041163266
0.4815 -0.03037332 -0.0040917844
0.482 -0.03036692 -0.004062474
0.4825 -0.03035542 -0.0040284246
0.483 -0.03033891 -0.003989637
0.4835 -0.03031751 -0.0039462
0.484 -0.03029133 -0.0038982183
0.4845 -0.03026046 -0.0038456768
0.485 -0.03022501 -0.0037887096
0.4855 -0.03018505 -0.0037273616
0.486 -0.03014069 -0.0036616474
0.4865 -0.03009201 -0.0035916716
0.487 -0.03003909 -0.003517434
0.4875 -0.02998202 -0.003439054
0.488 -0.02992087 -0.0033565909
0.4885 -0.02985572 -0.0032700747
0.489 -0.02978666 -0.003179565
0.4895 -0.02971375 -0.0030850917
0.49 -0.02963707 -0.0029868037
0.4905 -0.02955669 -0.0028846413
0.491 -0.02947271 -0.0027787536
0.4915 -0.02938521 -0.002669081
0.492 -0.02929426 -0.0025558025
0.4925 -0.02919993 -0.0024389178
0.493 -0.02910226 -0.0023184866
0.4935 -0.02900132 -0.0021945387
0.494 -0.02889716 -0.0020671785
0.4945 -0.02878983 -0.0019363761
0.495 -0.02867938 -0.0018022507
0.4955 -0.02856587 -0.0016648471
0.496 -0.02844935 -0.0015241951
0.4965 -0.02832988 -0.0013803244
0.497 -0.02820751 -0.0012333244
0.4975 -0.0280823 -0.0010832399
0.498 -0.02795428 -0.0009300262
0.4985 -0.02782352 -0.0007738471
0.499 -0.02769006 -0.0006147027
0.4995 -0.02755395 -0.00045262277
