0.0 -0.065 -0.041147955
0.0005 -0.065 -0.04168332
0.001 -0.065 -0.041772645
0.0015 -0.065 -0.041100487
0.002 -0.065 -0.040251326
0.0025 -0.065 -0.03973236
0.003 -0.065 -0.039792735
0.0035 -0.065 -0.040476777
0.004 -0.065 -0.04171159
0.0045 -0.065 -0.043374732
0.005 -0.065 -0.045334585
0.0055 -0.065 -0.04747112
0.006 -0.065 -0.049684085
0.0065 -0.065 -0.051894806
0.007 -0.065 -0.054044507
0.0075 -0.065 -0.056091405
0.008 -0.065 -0.058007777
0.0085 -0.065 -0.059776798
0.009 -0.065 -0.061390214
0.0095 -0.065 -0.06284594
0.01 -0.065 -0.064146586
0.0105 -0.065 -0.065297894
0.011 -0.065 -0.066307984
0.0115 -0.065 -0.06718608
0.012 -0.065 -0.067942224
0.0125 -0.065 -0.06858679
0.013 -0.065 -0.06913001
0.0135 -0.065 -0.069581784
0.014 -0.065 -0.06995159
0.0145 -0.065 -0.07024833
0.015 -0.065 -0.07048022
0.0155 -0.065 -0.07065486
0.016 -0.065 -0.07077923
0.0165 -0.065 -0.07085965
0.017 -0.065 -0.0709017
0.0175 -0.065 -0.070910566
0.018 -0.065 -0.07089075
0.0185 -0.065 -0.07084643
0.019 -0.065 -0.07078106
0.0195 -0.065 -0.07069794
0.02 -0.065 -0.0705998
0.0205 -0.065 -0.07048913
0.021 -0.065 -0.07036812
0.0215 -0.065 -0.07023873
0.022 -0.065 -0.070102476
0.0225 -0.065 -0.06996087
0.023 -0.065 -0.06981508
0.0235 -0.065 -0.069666274
0.024 -0.065 -0.06951537
0.0245 -0.065 -0.069363065
0.025 -0.065 -0.069210194
0.0255 -0.065 -0.06905728
0.026 -0.065 -0.068904676
0.0265 -0.065 -0.06875303
0.027 -0.065 -0.06860254
0.0275 -0.065 -0.06845363
0.028 -0.065 -0.06830642
0.0285 -0.065 -0.06816118
0.029 -0.065 -0.06801807
0.0295 -0.065 -0.067877196
0.03 -0.065 -0.067738764
0.0305 -0.065 -0.06760272
0.031 -0.065 -0.06746914
0.0315 -0.065 -0.06733816
0.032 -0.065 -0.06720973
0.0325 -0.065 -0.06708387
0.033 -0.065 -0.066960596
0.0335 -0.065 -0.06683994
0.034 -0.065 -0.066721894
0.0345 -0.065 -0.06660638
0.035 -0.065 -0.0664934
0.0355 -0.065 -0.06638289
0.036 -0.065 -0.066274844
0.0365 -0.065 -0.066169254
0.037 -0.065 -0.06606602
0.0375 -0.065 -0.0659652
0.038 -0.065 -0.06586669
0.0385 -0.065 -0.065770395
0.039 -0.065 -0.06567634
0.0395 -0.065 -0.06558444
0.04 -0.065 -0.06549477
0.0405 -0.065 -0.06540712
0.041 -0.065 -0.06532153
0.0415 -0.065 -0.06523795
0.042 -0.065 -0.06515635
0.0425 -0.065 -0.06507667
0.043 -0.065 -0.06499878
0.0435 -0.065 -0.06492277
0.044 -0.065 -0.06484855
0.0445 -0.065 -0.064776085
0.045 -0.065 -0.06470538
0.0455 -0.065 -0.06463628
0.046 -0.065 -0.06456884
0.0465 -0.065 -0.06450298
0.047 -0.065 -0.06443871
0.0475 -0.065 -0.0643759
0.048 -0.065 -0.06431457
0.0485 -0.065 -0.0642548
0.049 -0.065 -0.06419628
0.0495 -0.065 -0.064139314
0.05 -0.065 -0.0640836
0.0505 -0.065 -0.064029165
0.051 -0.065 -0.06397606
0.0515 -0.065 -0.06392423
0.052 -0.065 -0.063873686
0.0525 -0.065 -0.063824244
0.053 -0.065 -0.06377602
0.0535 -0.065 -0.06372895
0.054 -0.065 -0.06368295
0.0545 -0.065 -0.063638054
0.055 -0.065 -0.063594185
0.0555 -0.065 -0.0635514
0.056 -0.065 -0.063509606
0.0565 -0.065 -0.06346881
0.057 -0.065 -0.06342896
0.0575 -0.065 -0.063390024
0.058 -0.065 -0.06335204
0.0585 -0.065 -0.06331497
0.059 -0.065 -0.06327877
0.0595 -0.065 -0.0632434
0.06 -0.065 -0.06320884
0.0605 -0.065 -0.06317518
0.061 -0.065 -0.06314228
0.0615 -0.065 -0.06311018
0.062 -0.065 -0.06307877
0.0625 -0.065 -0.06304819
0.063 -0.065 -0.06301827
0.0635 -0.065 -0.062989034
0.064 -0.065 -0.06296056
0.0645 -0.065 -0.06293272
0.065 -0.065 -0.0629055
0.0655 -0.065 -0.062878974
0.066 -0.065 -0.062853016
0.0665 -0.065 -0.06282773
0.067 -0.065 -0.06280302
0.0675 -0.065 -0.06277893
0.068 -0.065 -0.06275538
0.0685 -0.065 -0.06273239
0.069 -0.065 -0.06270995
0.0695 -0.065 -0.062688
0.07 -0.065 -0.06266656
0.0705 -0.065 -0.06264567
0.071 -0.065 -0.06262525
0.0715 -0.065 -0.06260527
0.072 -0.065 -0.06258588
0.0725 -0.065 -0.0625669
0.073 -0.065 -0.0625483
0.0735 -0.065 -0.06253024
0.074 -0.065 -0.06251257
0.0745 -0.065 -0.062495314
0.075 -0.065 -0.06247846
0.0755 -0.065 -0.062461965
0.076 -0.065 -0.06244593
0.0765 -0.065 -0.062430225
0.077 -0.065 -0.062414862
0.0775 -0.065 -0.0623999
0.078 -0.065 -0.062385283
0.0785 -0.065 -0.062371038
0.079 -0.065 -0.06235709
0.0795 -0.065 -0.06234347
0.08 -0.065 -0.062330194
0.0805 -0.065 -0.062317275
0.081 -0.065 -0.062304564
0.0815 -0.065 -0.06229224
0.082 -0.065 -0.062280126
0.0825 -0.065 -0.06226834
0.083 -0.065 -0.062256835
0.0835 -0.065 -0.062245615
0.084 -0.065 -0.062234662
0.0845 -0.065 -0.06222392
0.085 -0.065 -0.062213473
0.0855 -0.065 -0.062203206
0.086 -0.065 -0.062193267
0.0865 -0.065 -0.062183477
0.087 -0.065 -0.062174015
0.0875 -0.065 -0.06216473
0.088 -0.065 -0.06215564
0.0885 -0.065 -0.062146775
0.089 -0.065 -0.062138133
0.0895 -0.065 -0.06212967
0.09 -0.065 -0.062121414
0.0905 -0.065 -0.062113367
0.091 -0.065 -0.062105544
0.0915 -0.065 -0.062097885
0.092 -0.065 -0.06209042
0.0925 -0.065 -0.062083088
0.093 -0.065 -0.062075906
0.0935 -0.065 -0.062068947
0.094 -0.065 -0.062062122
0.0945 -0.065 -0.06205549
0.095 -0.065 -0.06204898
0.0955 -0.065 -0.062042676
0.096 -0.065 -0.062036432
0.0965 -0.065 -0.062030368
0.097 -0.065 -0.06202445
0.0975 -0.065 -0.0620187
0.098 -0.065 -0.062013067
0.0985 -0.065 -0.06200757
0.099 -0.065 -0.06200219
0.0995 -0.065 -0.061996885
0.1 -0.065 -0.061987527
0.1005 -0.06494695 -0.061779015
0.101 -0.06474562 -0.06107413
0.1015 -0.0643579 -0.05989825
0.102 -0.0637639 -0.058343954
0.1025 -0.06295261 -0.056496166
0.103 -0.06191754 -0.054416172
0.1035 -0.06065487 -0.05214352
0.104 -0.05916249 -0.04970189
0.1045 -0.05743959 -0.047104694
0.105 -0.05548632 -0.044358768
0.1055 -0.05330361 -0.041467316
0.106 -0.05089173 -0.038431697
0.1065 -0.04824965 -0.035252042
0.107 -0.04538144 -0.031928398
0.1075 -0.04229253 -0.028460704
0.108 -0.03898521 -0.024848871
0.1085 -0.03546391 -0.021093093
0.109 -0.03173339 -0.017193668
0.1095 -0.02779765 -0.013150997
0.11 -0.02366031 -0.008965649
0.1105 -0.01932484 -0.004638128
0.111 -0.01479469 -0.00016915053
0.1115 -0.01007331 0.004440613
0.112 -0.005164078 0.009190522
0.1125 -6.682189e-05 0.014079995
0.113 0.005206954 0.019108273
0.1135 0.01063501 0.024274834
0.114 0.01621321 0.02957908
0.1145 0.02194665 0.035020478
0.115 0.0278418 0.04059843
0.1155 0.03390335 0.046312578
0.116 0.04013338 0.052162327
0.1165 0.04653162 0.058147334
0.117 0.05309608 0.06426705
0.1175 0.05982301 0.07052114
0.118 0.06670753 0.076909
0.1185 0.07373783 0.08343034
0.119 0.08090812 0.09008468
0.1195 0.08821793 0.09687152
0.12 0.09566585 0.10379035
0.1205 0.1032495 0.110840715
0.121 0.1109658 0.11802197
0.1215 0.1188116 0.12533355
0.122 0.1267835 0.1327748
0.1225 0.1348755 0.1403451
0.123 0.1430831 0.14804354
0.1235 0.1514061 0.15586945
0.124 0.1598429 0.16382182
0.1245 0.168391 0.1718998
0.125 0.1770487 0.18010232
0.1255 0.1858151 0.1884281
0.126 0.1946877 0.19687608
0.1265 0.2036626 0.20544502
0.127 0.2127369 0.21413344
0.1275 0.2218477 0.22293991
0.128 0.2304316 0.23186275
0.1285 0.2388491 0.24090043
0.129 0.2473924 0.25005102
0.1295 0.256191 0.25931278
0.13 0.2652846 0.2686836
0.1305 0.274667 0.27816135
0.131 0.2843105 0.2877438
0.1315 0.29418 0.2974288
0.132 0.3042402 0.30721366
0.1325 0.3144591 0.31709602
0.133 0.3248091 0.32707304
0.1335 0.3352684 0.33714208
0.134 0.3458188 0.34730017
0.1345 0.356446 0.3575444
0.135 0.3671395 0.36787152
0.1355 0.3778916 0.37827832
0.136 0.3886971 0.3887616
0.1365 0.3995521 0.39931777
0.137 0.4104541 0.40994355
0.1375 0.4214016 0.42063516
0.138 0.4323936 0.43138883
0.1385 0.4434297 0.44220105
0.139 0.4545098 0.45306772
0.1395 0.4656336 0.46398503
0.14 0.476799 0.47494882
0.1405 0.4880049 0.48595518
0.141 0.4992515 0.49699992
0.1415 0.5105395 0.50807875
0.142 0.5218687 0.5191877
0.1425 0.5332381 0.53032225
0.143 0.544649 0.54147834
0.1435 0.556103 0.55265146
0.144 0.5676014 0.56383723
0.1445 0.5791447 0.57503146
0.145 0.5907332 0.58622986
0.1455 0.6023665 0.5974279
0.146 0.614044 0.6086214
0.1465 0.6257656 0.61980605
0.147 0.6375298 0.63097745
0.1475 0.6493342 0.6421315
0.148 0.6611792 0.6532638
0.1485 0.6730653 0.66437054
0.149 0.6849925 0.6754473
0.1495 0.6969605 0.6864901
0.15 0.7089685 0.69749945
0.1505 0.7209628 0.70868176
0.151 0.7328467 0.71993077
0.1515 0.7445804 0.73116505
0.152 0.7561438 0.7423232
0.1525 0.7675258 0.75335926
0.153 0.7787197 0.7642388
0.1535 0.7897211 0.77493703
0.154 0.8005271 0.7854366
0.1545 0.8111346 0.7957249
0.155 0.821543 0.80579454
0.1555 0.8317193 0.8156405
0.156 0.8416557 0.8252608
0.1565 0.8513777 0.8346553
0.157 0.8609072 0.8438251
0.1575 0.8702445 0.8527728
0.158 0.8793585 0.86150116
0.1585 0.8882698 0.8700143
0.159 0.8970075 0.8783161
0.1595 0.9055889 0.88641113
0.16 0.9140247 0.8943041
0.1605 0.9223187 0.90199983
0.161 0.930471 0.90950316
0.1615 0.93848 0.9168188
0.162 0.946343 0.92395175
0.1625 0.9540567 0.9309067
0.163 0.9616198 0.9376885
0.1635 0.9690327 0.9443018
0.164 0.9762975 0.950751
0.1645 0.983417 0.9570406
0.165 0.9903936 0.9631749
0.1655 0.9972296 0.96915823
0.166 1.003924 0.97499436
0.1665 1.010477 0.9806877
0.167 1.016895 0.9862419
0.1675 1.023183 0.99166054
0.168 1.029344 0.99694747
0.1685 1.035381 1.0021063
0.169 1.041295 1.0071403
0.1695 1.04709 1.0120529
0.17 1.052767 1.0168469
0.1705 1.058329 1.0215259
0.171 1.063779 1.0260925
0.1715 1.069119 1.0305499
0.172 1.074352 1.034901
0.1725 1.07948 1.0391483
0.173 1.084504 1.0432947
0.1735 1.089428 1.0473424
0.174 1.094254 1.0512942
0.1745 1.098983 1.0551524
0.175 1.103615 1.0589194
0.1755 1.108146 1.0625975
0.176 1.112583 1.0661889
0.1765 1.116931 1.0696956
0.177 1.121196 1.0731198
0.1775 1.125378 1.0764635
0.178 1.129481 1.0797287
0.1785 1.133505 1.0829173
0.179 1.137452 1.0860311
0.1795 1.141317 1.0890721
0.18 1.1451 1.0920419
0.1805 1.148803 1.094942
0.181 1.152427 1.0977744
0.1815 1.155976 1.1005405
0.182 1.159454 1.103242
0.1825 1.162867 1.1058805
0.183 1.166217 1.1084572
0.1835 1.169506 1.1109737
0.184 1.172737 1.1134316
0.1845 1.175909 1.115832
0.185 1.179024 1.1181763
0.1855 1.18208 1.120466
0.186 1.185075 1.1227022
0.1865 1.188011 1.1248862
0.187 1.190892 1.127019
0.1875 1.19372 1.1291021
0.188 1.19649 1.1311364
0.1885 1.199197 1.1331233
0.189 1.201841 1.1350638
0.1895 1.204426 1.1369586
0.19 1.206954 1.1388091
0.1905 1.209425 1.1406164
0.191 1.211846 1.1423813
0.1915 1.214223 1.1441048
0.192 1.216556 1.145788
0.1925 1.218784 1.1474315
0.193 1.220902 1.1490365
0.1935 1.222955 1.1506039
0.194 1.22498 1.1521343
0.1945 1.226996 1.1536287
0.195 1.229005 1.155088
0.1955 1.231002 1.1565127
0.196 1.232987 1.1579039
0.1965 1.23496 1.1592623
0.197 1.236921 1.1605885
0.1975 1.238861 1.1618834
0.198 1.240777 1.1631477
0.1985 1.242669 1.1643819
0.199 1.244536 1.1655871
0.1995 1.246374 1.1667634
0.2 1.248178 1.214041
0.2005 1.23808 1.1937913
0.201 1.222661 1.1620573
0.2015 1.204526 1.1336082
0.202 1.184922 1.110463
0.2025 1.16446 1.0910945
0.203 1.143475 1.0736483
0.2035 1.122178 1.0568038
0.204 1.100713 1.0398184
0.2045 1.079191 1.0223647
0.205 1.057698 1.0043658
0.2055 1.036305 0.9858759
0.206 1.015068 0.9670072
0.2065 0.994034 0.94788784
0.207 0.9732403 0.92864066
0.2075 0.9527169 0.9093735
0.208 0.9324874 0.8901767
0.2085 0.9125706 0.87112314
0.209 0.8929806 0.8522702
0.2095 0.873728 0.83366233
0.21 0.8548202 0.8153333
0.2105 0.8362623 0.79730815
0.211 0.8180569 0.7796052
0.2115 0.8002051 0.76223755
0.212 0.7827064 0.745214
0.2125 0.7655591 0.7285402
0.213 0.7487605 0.7122193
0.2135 0.7323072 0.69625247
0.214 0.716195 0.6806392
0.2145 0.7004193 0.6653779
0.215 0.684975 0.6504658
0.2155 0.6698566 0.63589936
0.216 0.6550586 0.62167424
0.2165 0.6405751 0.60778564
0.217 0.6264002 0.594228
0.2175 0.6125279 0.5809958
0.218 0.5989521 0.5680825
0.2185 0.5856666 0.555482
0.219 0.5726656 0.54318714
0.2195 0.5599428 0.5311911
0.22 0.5474924 0.5194867
0.2205 0.5353085 0.5080666
0.221 0.5233852 0.49692333
0.2215 0.5117168 0.48604947
0.222 0.5002976 0.47543758
0.2225 0.4891222 0.46507996
0.223 0.4781849 0.4549693
0.2235 0.4674806 0.44509807
0.224 0.457004 0.4354589
0.2245 0.4467499 0.42604452
0.225 0.4367134 0.41684797
0.2255 0.4268896 0.40786198
0.226 0.4172736 0.3990798
0.2265 0.4078607 0.39049482
0.227 0.3986464 0.3821004
0.2275 0.3896263 0.37389025
0.228 0.3807959 0.36585823
0.2285 0.3721509 0.3579984
0.229 0.3636873 0.35030493
0.2295 0.3554008 0.34277242
0.23 0.3472876 0.33539528
0.2305 0.3393438 0.32816866
0.231 0.3315655 0.32108748
0.2315 0.3239491 0.3141471
0.232 0.316491 0.30734283
0.2325 0.3091876 0.30067044
0.233 0.3020354 0.29412577
0.2335 0.2950312 0.28770489
0.234 0.2881716 0.28140393
0.2345 0.2814534 0.2752194
0.235 0.2748736 0.26914784
0.2355 0.2684289 0.26318598
0.236 0.2621165 0.25733075
0.2365 0.2559335 0.2515791
0.237 0.2498769 0.24592832
0.2375 0.243944 0.24037576
0.238 0.2381322 0.2349188
0.2385 0.2324387 0.22955507
0.239 0.2268609 0.22428226
0.2395 0.2213964 0.21909833
0.24 0.2160426 0.21400106
0.2405 0.2107972 0.20898858
0.241 0.2056578 0.20405895
0.2415 0.200622 0.19921046
0.242 0.1956877 0.19444141
0.2425 0.1908527 0.1897502
0.243 0.1861147 0.1851353
0.2435 0.1814718 0.18059522
0.244 0.1769218 0.1761285
0.2445 0.1724628 0.171734
0.245 0.1680928 0.16741034
0.2455 0.1638098 0.16315627
0.246 0.1596121 0.15897068
0.2465 0.1554978 0.15485242
0.247 0.1514652 0.1508004
0.2475 0.1475124 0.14681363
0.248 0.1436377 0.14289105
0.2485 0.1398396 0.13903174
0.249 0.1361164 0.13523471
0.2495 0.1324665 0.13149914
0.25 0.1288883 0.12782407
0.2505 0.1253803 0.12420868
0.251 0.1219411 0.120652206
0.2515 0.1185692 0.11715383
0.252 0.1152632 0.113712676
0.2525 0.1120216 0.110328
0.253 0.1088432 0.10699911
0.2535 0.1057266 0.10372526
0.254 0.1026706 0.10050563
0.2545 0.09967374 0.09733964
0.255 0.09673493 0.09422655
0.2555 0.09385292 0.09116567
0.256 0.09102654 0.088156335
0.2565 0.08825462 0.08519792
0.257 0.08553604 0.0822897
0.2575 0.08286968 0.07943105
0.258 0.08025447 0.07662139
0.2585 0.07768935 0.07386001
0.259 0.07517328 0.07114628
0.2595 0.07270526 0.06847967
0.26 0.07028428 0.06585952
0.2605 0.0679094 0.06328516
0.261 0.06557965 0.060756058
0.2615 0.06329412 0.05827163
0.262 0.06105189 0.05583123
0.2625 0.0588521 0.053434275
0.263 0.05669385 0.05108022
0.2635 0.05457632 0.048768416
0.264 0.05249867 0.046498396
0.2645 0.05046009 0.044269457
0.265 0.04845979 0.042081118
0.2655 0.046497 0.03993275
0.266 0.04457094 0.037823834
0.2665 0.04268089 0.03575383
0.267 0.04082611 0.03372217
0.2675 0.0390059 0.031728305
0.268 0.03721955 0.029771633
0.2685 0.03546639 0.027851678
0.269 0.03374575 0.025967829
0.2695 0.03205699 0.024119593
0.27 0.03039945 0.02230642
0.2705 0.02877253 0.020527847
0.271 0.0271756 0.018783264
0.2715 0.02560808 0.017072223
0.272 0.02406937 0.015394129
0.2725 0.02255891 0.013748534
0.273 0.02107613 0.012134843
0.2735 0.01962049 0.010552652
0.274 0.01819144 0.009001352
0.2745 0.01678847 0.0074805915
0.275 0.01541106 0.0059897676
0.2755 0.01405871 0.0045284107
0.276 0.01273093 0.0030960813
0.2765 0.01142722 0.0016921908
0.277 0.01014713 0.0003163889
0.2775 0.008890185 -0.0010318533
0.278 0.007655937 -0.00235302
0.2785 0.006443943 -0.0036475286
0.279 0.00525377 -0.0049158856
0.2795 0.004084992 -0.0061584488
0.28 0.002937195 -0.0073757693
0.2805 0.001809971 -0.008568227
0.281 0.000702922 -0.009736292
0.2815 -0.0003843424 -0.0108803585
0.282 -0.001452204 -0.012000866
0.2825 -0.002501037 -0.013098195
0.283 -0.003531207 -0.014172845
0.2835 -0.004543074 -0.015225261
0.284 -0.005536989 -0.01625564
0.2845 -0.006513295 -0.017264612
0.285 -0.007472331 -0.01825247
0.2855 -0.008414425 -0.019219644
0.286 -0.009339901 -0.020166434
0.2865 -0.01024908 -0.021093287
0.287 -0.01114226 -0.022000588
0.2875 -0.01201976 -0.022888638
0.288 -0.01288186 -0.023757897
0.2885 -0.01372887 -0.024608634
0.289 -0.01456107 -0.025441274
0.2895 -0.01537873 -0.026256151
0.29 -0.01618213 -0.02705355
0.2905 -0.01697154 -0.027833872
0.291 -0.01774723 -0.0285974
0.2915 -0.01850945 -0.029344507
0.292 -0.01925844 -0.030075483
0.2925 -0.01999447 -0.030790642
0.293 -0.02071777 -0.03149035
0.2935 -0.02142859 -0.03217487
0.294 -0.02212714 -0.032844536
0.2945 -0.02281366 -0.03349956
0.295 -0.02348838 -0.034140423
0.2955 -0.02415152 -0.034767218
0.296 -0.02480328 -0.035380334
0.2965 -0.02544388 -0.035979964
0.297 -0.02607352 -0.036566444
0.2975 -0.02669241 -0.037140056
0.298 -0.02730075 -0.037701003
0.2985 -0.02789872 -0.038249604
0.299 -0.02848653 -0.038786113
0.2995 -0.02906435 -0.03931073
0.3 -0.02963237 -0.039823763
0.3005 -0.03019076 -0.04032538
0.301 -0.03073971 -0.040815905
0.3015 -0.03127939 -0.04129546
0.302 -0.03180996 -0.04176437
0.3025 -0.03233159 -0.04222285
0.303 -0.03284444 -0.04267109
0.3035 -0.03334868 -0.043109335
0.304 -0.03384445 -0.043537706
0.3045 -0.03433191 -0.04395657
0.305 -0.03481122 -0.044365987
0.3055 -0.03528251 -0.044766232
0.306 -0.03574593 -0.045157492
0.3065 -0.03620163 -0.045539938
0.307 -0.03664973 -0.04591383
0.3075 -0.03709039 -0.04627928
0.308 -0.03752373 -0.04663647
0.3085 -0.03794987 -0.046985574
0.309 -0.03836896 -0.047326848
0.3095 -0.03878112 -0.047660373
0.31 -0.03918646 -0.04798635
0.3105 -0.03958512 -0.048304923
0.311 -0.0399772 -0.048616253
0.3115 -0.04036283 -0.04892049
0.312 -0.04074212 -0.049217887
0.3125 -0.04111519 -0.049508475
0.313 -0.04148213 -0.04979246
0.3135 -0.04184306 -0.050069995
0.314 -0.04219809 -0.050341167
0.3145 -0.04254732 -0.0506062
0.315 -0.04289085 -0.050865225
0.3155 -0.04322878 -0.051118232
0.316 -0.04356121 -0.051365517
0.3165 -0.04388823 -0.05160714
0.317 -0.04420995 -0.051843293
0.3175 -0.04452644 -0.052073948
0.318 -0.04483781 -0.052299373
0.3185 -0.04514414 -0.052519582
0.319 -0.04544552 -0.052734785
0.3195 -0.04574203 -0.052944995
0.32 -0.04603376 -0.053150468
0.3205 -0.0463208 -0.05335117
0.321 -0.04660322 -0.053547196
0.3215 -0.0468811 -0.053738736
0.322 -0.04715452 -0.05392588
0.3225 -0.04742356 -0.05410876
0.323 -0.04768829 -0.05428738
0.3235 -0.04794879 -0.05446192
0.324 -0.04820513 -0.054632418
0.3245 -0.04845737 -0.054798998
0.325 -0.0487056 -0.05496166
0.3255 -0.04894988 -0.05512061
0.326 -0.04919027 -0.05527585
0.3265 -0.04942684 -0.05542759
0.327 -0.04965967 -0.05557578
0.3275 -0.0498888 -0.055720545
0.328 -0.0501143 -0.055861957
0.3285 -0.05033624 -0.056000076
0.329 -0.05055468 -0.05613499
0.3295 -0.05076967 -0.056266837
0.33 -0.05098127 -0.056395583
0.3305 -0.05118954 -0.056521364
0.331 -0.05139454 -0.056644194
0.3315 -0.05159631 -0.056764208
0.332 -0.05179492 -0.05688145
0.3325 -0.05199042 -0.056995936
0.333 -0.05218286 -0.057107754
0.3335 -0.05237228 -0.057216965
0.334 -0.05255875 -0.057323627
0.3345 -0.05274231 -0.05742786
0.335 -0.05292301 -0.05752968
0.3355 -0.05310089 -0.057629086
0.336 -0.053276 -0.057726182
0.3365 -0.0534484 -0.057821058
0.337 -0.05361812 -0.0579137
0.3375 -0.0537852 -0.058004193
0.338 -0.0539497 -0.058092587
0.3385 -0.05411165 -0.058178864
0.339 -0.0542711 -0.05826319
0.3395 -0.05442809 -0.05834555
0.34 -0.05458265 -0.058426015
0.3405 -0.05473483 -0.05850453
0.341 -0.05488467 -0.058581226
0.3415 -0.0550322 -0.058656164
0.342 -0.05517747 -0.058729343
0.3425 -0.05532051 -0.05880081
0.343 -0.05546135 -0.05887065
0.3435 -0.05560004 -0.05893884
0.344 -0.0557366 -0.059005402
0.3445 -0.05587108 -0.05907046
0.345 -0.0560035 -0.059133925
0.3455 -0.0561339 -0.059196003
0.346 -0.05626231 -0.059256576
0.3465 -0.05638877 -0.059315704
0.347 -0.0565133 -0.059373535
0.3475 -0.05663594 -0.059429906
0.348 -0.05675671 -0.0594851
0.3485 -0.05687566 -0.059538923
0.349 -0.0569928 -0.059591465
0.3495 -0.05710817 -0.059642844
0.35 -0.05722179 -0.059693
0.3505 -0.05733369 -0.05974198
0.351 -0.05744391 -0.059789754
0.3515 -0.05755246 -0.0598365
0.352 -0.05765937 -0.059882082
0.3525 -0.05776468 -0.05992662
0.353 -0.0578684 -0.059970118
0.3535 -0.05797056 -0.06001257
0.354 -0.05807119 -0.060054056
0.3545 -0.0581703 -0.060094543
0.355 -0.05826794 -0.060134046
0.3555 -0.0583641 -0.060172714
0.356 -0.05845883 -0.060210414
0.3565 -0.05855215 -0.06024725
0.357 -0.05864407 -0.06028325
0.3575 -0.05873461 -0.060318373
0.358 -0.05882381 -0.060352705
0.3585 -0.05891168 -0.06038616
0.359 -0.05899824 -0.060418896
0.3595 -0.05908351 -0.060450844
0.36 -0.05916752 -0.060482137
0.3605 -0.05925027 -0.06051258
0.361 -0.0593318 -0.060542323
0.3615 -0.05941212 -0.06057138
0.362 -0.05949126 -0.06059978
0.3625 -0.05956922 -0.060627498
0.363 -0.05964602 -0.06065456
0.3635 -0.0597217 -0.060680978
0.364 -0.05979625 -0.060706787
0.3645 -0.05986971 -0.06073203
0.365 -0.05994208 -0.060756616
0.3655 -0.06001339 -0.060780652
0.366 -0.06008365 -0.060804136
0.3665 -0.06015288 -0.06082704
0.367 -0.06022109 -0.06084945
0.3675 -0.0602883 -0.06087131
0.368 -0.06035452 -0.06089262
0.3685 -0.06041977 -0.06091345
0.369 -0.06048407 -0.06093382
0.3695 -0.06054742 -0.06095367
0.37 -0.06060985 -0.06097313
0.3705 -0.06067137 -0.060992084
0.371 -0.06073199 -0.06101059
0.3715 -0.06079172 -0.061028667
0.372 -0.06085059 -0.06104631
0.3725 -0.0609086 -0.061063506
0.373 -0.06096576 -0.061080374
0.3735 -0.06102209 -0.061096825
0.374 -0.06107761 -0.061112873
0.3745 -0.06113231 -0.06112852
0.375 -0.06118623 -0.061143838
0.3755 -0.06123936 -0.06115877
0.376 -0.06129172 -0.061173372
0.3765 -0.06134333 -0.061187617
0.377 -0.06139419 -0.061201505
0.3775 -0.06144431 -0.061215125
0.378 -0.06149371 -0.061228387
0.3785 -0.06154239 -0.061241306
0.379 -0.06159038 -0.061253972
0.3795 -0.06163767 -0.06126634
0.38 -0.06168428 -0.061278395
0.3805 -0.06173022 -0.061290182
0.381 -0.0617755 -0.06130173
0.3815 -0.06182013 -0.061312936
0.382 -0.06186412 -0.061323904
0.3825 -0.06190747 -0.061334662
0.383 -0.06195021 -0.061345138
0.3835 -0.06199233 -0.06135533
0.384 -0.06203385 -0.061365344
0.3845 -0.06207477 -0.061375074
0.385 -0.06211511 -0.061384566
0.3855 -0.06215487 -0.06139385
0.386 -0.06219407 -0.06140297
0.3865 -0.0622327 -0.06141179
0.387 -0.06227079 -0.061420448
0.3875 -0.06230833 -0.061428897
0.388 -0.06234534 -0.061437167
0.3885 -0.06238181 -0.0614452
0.389 -0.06241778 -0.061453052
0.3895 -0.06245322 -0.061460726
0.39 -0.06248817 -0.061468206
0.3905 -0.06252262 -0.061475553
0.391 -0.06255658 -0.06148269
0.3915 -0.06259006 -0.06148968
0.392 -0.06262306 -0.061496474
0.3925 -0.0626556 -0.06150318
0.393 -0.06268768 -0.06150963
0.3935 -0.0627193 -0.06151604
0.394 -0.06275048 -0.06152218
0.3945 -0.06278121 -0.06152823
0.395 -0.06281151 -0.061534144
0.3955 -0.06284139 -0.061539896
0.396 -0.06287084 -0.06154556
0.3965 -0.06289988 -0.06155107
0.397 -0.0629285 -0.061556466
0.3975 -0.06295673 -0.06156168
0.398 -0.06298456 -0.061566778
0.3985 -0.063012 -0.0615718
0.399 -0.06303905 -0.061576687
0.3995 -0.06306572 -0.061581455
0.4 -0.06309202 -0.061586134
0.4005 -0.06311795 -0.061590694
0.401 -0.06314351 -0.06159515
0.4015 -0.06316872 -0.061599456
0.402 -0.06319357 -0.061603703
0.4025 -0.06321808 -0.06160783
0.403 -0.06324224 -0.0616119
0.4035 -0.06326607 -0.061615862
0.404 -0.06328956 -0.06161969
0.4045 -0.06331273 -0.06162343
0.405 -0.06333557 -0.061627112
0.4055 -0.06335809 -0.06163069
0.406 -0.0633803 -0.06163419
0.4065 -0.0634022 -0.061637588
0.407 -0.0634238 -0.061640956
0.4075 -0.06344509 -0.061644264
0.408 -0.06346609 -0.061647423
0.4085 -0.0634868 -0.061650522
0.409 -0.06350721 -0.061653562
0.4095 -0.06352735 -0.061656527
0.41 -0.06354721 -0.061659418
0.4105 -0.06356679 -0.06166225
0.411 -0.0635861 -0.061665006
0.4115 -0.06360514 -0.061667703
0.412 -0.06362391 -0.06167031
0.4125 -0.06364243 -0.06167289
0.413 -0.06366069 -0.061675362
0.4135 -0.0636787 -0.061677806
0.414 -0.06369646 -0.06168022
0.4145 -0.06371398 -0.061682545
0.415 -0.06373125 -0.061684825
0.4155 -0.06374829 -0.061687075
0.416 -0.06376509 -0.061689235
0.4165 -0.06378166 -0.06169138
0.417 -0.063798 -0.061693452
0.4175 -0.06381411 -0.06169548
0.418 -0.06383 -0.061697446
0.4185 -0.06384568 -0.061699383
0.419 -0.06386114 -0.061701275
0.4195 -0.06387638 -0.06170311
0.42 -0.06389142 -0.06170488
0.4205 -0.06390625 -0.061706625
0.421 -0.06392088 -0.061708353
0.4215 -0.06393531 -0.061710037
0.422 -0.06394953 -0.06171163
0.4225 -0.06396357 -0.06171324
0.423 -0.06397741 -0.061714806
0.4235 -0.06399106 -0.06171631
0.424 -0.06400453 -0.061717786
0.4245 -0.06401781 -0.061719246
0.425 -0.06403091 -0.061720677
0.4255 -0.06404383 -0.061722048
0.426 -0.06405657 -0.061723433
0.4265 -0.06406914 -0.06172476
0.427 -0.06408154 -0.061726026
0.4275 -0.06409377 -0.061727278
0.428 -0.06410583 -0.0617285
0.4285 -0.06411773 -0.061729677
0.429 -0.06412946 -0.061730884
0.4295 -0.06414104 -0.061731987
0.43 -0.06415246 -0.06173315
0.4305 -0.06416372 -0.061734207
0.431 -0.06417483 -0.06173531
0.4315 -0.06418579 -0.061736368
0.432 -0.0641966 -0.061737336
0.4325 -0.06420726 -0.06173832
0.433 -0.06421778 -0.06173926
0.4335 -0.06422815 -0.061740212
0.434 -0.06423839 -0.06174118
0.4345 -0.06424849 -0.061742075
0.435 -0.06425844 -0.061742954
0.4355 -0.06426827 -0.061743833
0.436 -0.06427796 -0.061744653
0.4365 -0.06428752 -0.061745502
0.437 -0.06429695 -0.061746232
0.4375 -0.06430625 -0.061746992
0.438 -0.06431543 -0.06174781
0.4385 -0.06432448 -0.061748587
0.439 -0.06433341 -0.0617493
0.4395 -0.06434222 -0.061750017
0.44 -0.06435092 -0.061750688
0.4405 -0.06435949 -0.061751418
0.441 -0.06436795 -0.061752073
0.4415 -0.06437629 -0.0617527
0.442 -0.06438452 -0.06175331
0.4425 -0.06439264 -0.06175395
0.443 -0.06440066 -0.061754517
0.4435 -0.06440856 -0.0617551
0.444 -0.06441636 -0.06175565
0.4445 -0.06442405 -0.061756246
0.445 -0.06443164 -0.061756767
0.4455 -0.06443913 -0.061757363
0.446 -0.06444651 -0.061757825
0.4465 -0.0644538 -0.061758302
0.447 -0.06446099 -0.061758853
0.4475 -0.06446808 -0.06175933
0.448 -0.06447508 -0.061759807
0.4485 -0.06448198 -0.06176027
0.449 -0.06448879 -0.061760716
0.4495 -0.06449551 -0.061761193
0.45 -0.06450214 -0.061761595
0.4505 -0.06450868 -0.061761998
0.451 -0.06451514 -0.06176243
0.4515 -0.0645215 -0.061762847
0.452 -0.06452778 -0.06176325
0.4525 -0.06453398 -0.061763622
0.453 -0.0645401 -0.061763994
0.4535 -0.06454613 -0.061764337
0.454 -0.06455208 -0.061764725
0.4545 -0.06455796 -0.061765082
0.455 -0.06456375 -0.06176544
0.4555 -0.06456947 -0.061765723
0.456 -0.06457511 -0.06176608
0.4565 -0.06458067 -0.06176638
0.457 -0.06458617 -0.06176669
0.4575 -0.06459158 -0.061767004
0.458 -0.06459693 -0.061767288
0.4585 -0.0646022 -0.061767615
0.459 -0.06460741 -0.061767884
0.4595 -0.06461254 -0.06176815
0.46 -0.06461761 -0.061768465
0.4605 -0.06462261 -0.06176869
0.461 -0.06462754 -0.06176894
0.4615 -0.06463241 -0.06176921
0.462 -0.06463721 -0.06176942
0.4625 -0.06464195 -0.061769657
0.463 -0.06464663 -0.06176988
0.4635 -0.06465124 -0.06177006
0.464 -0.0646558 -0.061770372
0.4645 -0.06466029 -0.061770625
0.465 -0.06466472 -0.06177079
0.4655 -0.06466909 -0.061771013
0.466 -0.06467341 -0.061771207
0.4665 -0.06467767 -0.0617714
0.467 -0.06468187 -0.061771564
0.4675 -0.06468602 -0.061771803
0.468 -0.06469011 -0.061771937
0.4685 -0.06469415 -0.0617721
0.469 -0.06469813 -0.06177228
0.4695 -0.06470206 -0.061772473
0.47 -0.06470594 -0.061772652
0.4705 -0.06470977 -0.061772816
0.471 -0.06471354 -0.06177298
0.4715 -0.06471727 -0.06177307
0.472 -0.06472095 -0.06177322
0.4725 -0.06472458 -0.061773382
0.473 -0.06472816 -0.06177347
0.4735 -0.0647317 -0.061773665
0.474 -0.06473518 -0.061773814
0.4745 -0.06473862 -0.06177395
0.475 -0.06474202 -0.061774082
0.4755 -0.06474537 -0.06177423
0.476 -0.06474868 -0.061774366
0.4765 -0.06475194 -0.06177444
0.477 -0.06475516 -0.06177459
0.4775 -0.06475834 -0.061774634
0.478 -0.06476148 -0.061774753
0.4785 -0.06476457 -0.06177493
0.479 -0.06476763 -0.06177496
0.4795 -0.06477064 -0.06177502
0.48 -0.06477362 -0.06177511
0.4805 -0.06477655 -0.06177526
0.481 -0.06477945 -0.06177535
0.4815 -0.06478231 -0.06177544
0.482 -0.06478513 -0.061775528
0.4825 -0.06478791 -0.061775632
0.483 -0.06479066 -0.061775707
0.4835 -0.06479337 -0.06177581
0.484 -0.06479605 -0.0617759
0.4845 -0.06479869 -0.06177599
0.485 -0.06480129 -0.06177611
0.4855 -0.06480386 -0.061776154
0.486 -0.0648064 -0.061776258
0.4865 -0.06480891 -0.061776333
0.487 -0.06481138 -0.061776347
0.4875 -0.06481382 -0.061776422
0.488 -0.06481623 -0.06177651
0.4885 -0.0648186 -0.06177663
0.489 -0.06482095 -0.061776675
0.4895 -0.06482326 -0.06177675
0.49 -0.06482554 -0.06177684
0.4905 -0.0648278 -0.061776854
0.491 -0.06483002 -0.061776884
0.4915 -0.06483222 -0.06177693
0.492 -0.06483439 -0.061777018
0.4925 -0.06483652 -0.061777093
0.493 -0.06483863 -0.061777137
0.4935 -0.06484072 -0.061777167
0.494 -0.06484277 -0.061777256
0.4945 -0.0648448 -0.061777286
0.495 -0.0648468 -0.0617773
0.4955 -0.06484878 -0.06177736
0.496 -0.06485073 -0.06177739
0.4965 -0.06485265 -0.061777435
0.497 -0.06485455 -0.06177745
0.4975 -0.06485643 -0.06177748
0.498 -0.06485828 -0.06177751
0.4985 -0.06486011 -0.06177754
0.499 -0.06486191 -0.0617776
0.4995 -0.06486369 -0.06177766
