0.0 -0.065 -0.041147955
0.0005 -0.065 -0.04168332
0.001 -0.065 -0.041772645
0.0015 -0.065 -0.041100487
0.002 -0.065 -0.040251326
0.0025 -0.065 -0.03973236
0.003 -0.065 -0.039792735
0.0035 -0.065 -0.040476777
0.004 -0.065 -0.04171159
0.0045 -0.065 -0.043374732
0.005 -0.065 -0.045334585
0.0055 -0.065 -0.04747112
0.006 -0.065 -0.049684085
0.0065 -0.065 -0.051894806
0.007 -0.065 -0.054044507
0.0075 -0.065 -0.056091405
0.008 -0.065 -0.058007777
0.0085 -0.065 -0.059776798
0.009 -0.065 -0.061390214
0.0095 -0.065 -0.06284594
0.01 -0.065 -0.064146586
0.0105 -0.065 -0.065297894
0.011 -0.065 -0.066307984
0.0115 -0.065 -0.06718608
0.012 -0.065 -0.067942224
0.0125 -0.065 -0.06858679
0.013 -0.065 -0.06913001
0.0135 -0.065 -0.069581784
0.014 -0.065 -0.06995159
0.0145 -0.065 -0.07024833
0.015 -0.065 -0.07048022
0.0155 -0.065 -0.07065486
0.016 -0.065 -0.07077923
0.0165 -0.065 -0.07085965
0.017 -0.065 -0.0709017
0.0175 -0.065 -0.070910566
0.018 -0.065 -0.07089075
0.0185 -0.065 -0.07084643
0.019 -0.065 -0.07078106
0.0195 -0.065 -0.07069794
0.02 -0.065 -0.0705998
0.0205 -0.065 -0.07048913
0.021 -0.065 -0.07036812
0.0215 -0.065 -0.07023873
0.022 -0.065 -0.070102476
0.0225 -0.065 -0.06996087
0.023 -0.065 -0.06981508
0.0235 -0.065 -0.069666274
0.024 -0.065 -0.06951537
0.0245 -0.065 -0.069363065
0.025 -0.065 -0.069210194
0.0255 -0.065 -0.06905728
0.026 -0.065 -0.068904676
0.0265 -0.065 -0.06875303
0.027 -0.065 -0.06860254
0.0275 -0.065 -0.06845363
0.028 -0.065 -0.06830642
0.0285 -0.065 -0.06816118
0.029 -0.065 -0.06801807
0.0295 -0.065 -0.067877196
0.03 -0.065 -0.067738764
0.0305 -0.065 -0.06760272
0.031 -0.065 -0.06746914
0.0315 -0.065 -0.06733816
0.032 -0.065 -0.06720973
0.0325 -0.065 -0.06708387
0.033 -0.065 -0.066960596
0.0335 -0.065 -0.06683994
0.034 -0.065 -0.066721894
0.0345 -0.065 -0.06660638
0.035 -0.065 -0.0664934
0.0355 -0.065 -0.06638289
0.036 -0.065 -0.066274844
0.0365 -0.065 -0.066169254
0.037 -0.065 -0.06606602
0.0375 -0.065 -0.0659652
0.038 -0.065 -0.06586669
0.0385 -0.065 -0.065770395
0.039 -0.065 -0.06567634
0.0395 -0.065 -0.06558444
0.04 -0.065 -0.06549477
0.0405 -0.065 -0.06540712
0.041 -0.065 -0.06532153
0.0415 -0.065 -0.06523795
0.042 -0.065 -0.06515635
0.0425 -0.065 -0.06507667
0.043 -0.065 -0.06499878
0.0435 -0.065 -0.06492277
0.044 -0.065 -0.06484855
0.0445 -0.065 -0.064776085
0.045 -0.065 -0.06470538
0.0455 -0.065 -0.06463628
0.046 -0.065 -0.06456884
0.0465 -0.065 -0.06450298
0.047 -0.065 -0.06443871
0.0475 -0.065 -0.0643759
0.048 -0.065 -0.06431457
0.0485 -0.065 -0.0642548
0.049 -0.065 -0.06419628
0.0495 -0.065 -0.064139314
0.05 -0.065 -0.0640836
0.0505 -0.065 -0.064029165
0.051 -0.065 -0.06397606
0.0515 -0.065 -0.06392423
0.052 -0.065 -0.063873686
0.0525 -0.065 -0.063824244
0.053 -0.065 -0.06377602
0.0535 -0.065 -0.06372895
0.054 -0.065 -0.06368295
0.0545 -0.065 -0.063638054
0.055 -0.065 -0.063594185
0.0555 -0.065 -0.0635514
0.056 -0.065 -0.063509606
0.0565 -0.065 -0.06346881
0.057 -0.065 -0.06342896
0.0575 -0.065 -0.063390024
0.058 -0.065 -0.06335204
0.0585 -0.065 -0.06331497
0.059 -0.065 -0.06327877
0.0595 -0.065 -0.0632434
0.06 -0.065 -0.06320884
0.0605 -0.065 -0.06317518
0.061 -0.065 -0.06314228
0.0615 -0.065 -0.06311018
0.062 -0.065 -0.06307877
0.0625 -0.065 -0.06304819
0.063 -0.065 -0.06301827
0.0635 -0.065 -0.062989034
0.064 -0.065 -0.06296056
0.0645 -0.065 -0.06293272
0.065 -0.065 -0.0629055
0.0655 -0.065 -0.062878974
0.066 -0.065 -0.062853016
0.0665 -0.065 -0.06282773
0.067 -0.065 -0.06280302
0.0675 -0.065 -0.06277893
0.068 -0.065 -0.06275538
0.0685 -0.065 -0.06273239
0.069 -0.065 -0.06270995
0.0695 -0.065 -0.062688
0.07 -0.065 -0.06266656
0.0705 -0.065 -0.06264567
0.071 -0.065 -0.06262525
0.0715 -0.065 -0.06260527
0.072 -0.065 -0.06258588
0.0725 -0.065 -0.0625669
0.073 -0.065 -0.0625483
0.0735 -0.065 -0.06253024
0.074 -0.065 -0.06251257
0.0745 -0.065 -0.062495314
0.075 -0.065 -0.06247846
0.0755 -0.065 -0.062461965
0.076 -0.065 -0.06244593
0.0765 -0.065 -0.062430225
0.077 -0.065 -0.062414862
0.0775 -0.065 -0.0623999
0.078 -0.065 -0.062385283
0.0785 -0.065 -0.062371038
0.079 -0.065 -0.06235709
0.0795 -0.065 -0.06234347
0.08 -0.065 -0.062330194
0.0805 -0.065 -0.062317275
0.081 -0.065 -0.062304564
0.0815 -0.065 -0.06229224
0.082 -0.065 -0.062280126
0.0825 -0.065 -0.06226834
0.083 -0.065 -0.062256835
0.0835 -0.065 -0.062245615
0.084 -0.065 -0.062234662
0.0845 -0.065 -0.06222392
0.085 -0.065 -0.062213473
0.0855 -0.065 -0.062203206
0.086 -0.065 -0.062193267
0.0865 -0.065 -0.062183477
0.087 -0.065 -0.062174015
0.0875 -0.065 -0.06216473
0.088 -0.065 -0.06215564
0.0885 -0.065 -0.062146775
0.089 -0.065 -0.062138133
0.0895 -0.065 -0.06212967
0.09 -0.065 -0.062121414
0.0905 -0.065 -0.062113367
0.091 -0.065 -0.062105544
0.0915 -0.065 -0.062097885
0.092 -0.065 -0.06209042
0.0925 -0.065 -0.062083088
0.093 -0.065 -0.062075906
0.0935 -0.065 -0.062068947
0.094 -0.065 -0.062062122
0.0945 -0.065 -0.06205549
0.095 -0.065 -0.06204898
0.0955 -0.065 -0.062042676
0.096 -0.065 -0.062036432
0.0965 -0.065 -0.062030368
0.097 -0.065 -0.06202445
0.0975 -0.065 -0.0620187
0.098 -0.065 -0.062013067
0.0985 -0.065 -0.06200757
0.099 -0.065 -0.06200219
0.0995 -0.065 -0.061996885
0.1 -0.065 -0.061987527
0.1005 -0.06494705 -0.061779015
0.101 -0.06474657 -0.06107413
0.1015 -0.06436123 -0.05989825
0.102 -0.06377159 -0.058343954
0.1025 -0.06296687 -0.056496166
0.103 -0.06194076 -0.054416172
0.1035 -0.06068954 -0.05214352
0.104 -0.05921121 -0.04970189
0.1045 -0.05750502 -0.047104694
0.105 -0.05557118 -0.044358768
0.1055 -0.05341069 -0.041467316
0.106 -0.05102386 -0.038431697
0.1065 -0.04841123 -0.035252042
0.107 -0.04557716 -0.031928398
0.1075 -0.04252575 -0.028460704
0.108 -0.03926069 -0.024848871
0.1085 -0.0357855 -0.021093093
0.109 -0.03210363 -0.017193668
0.1095 -0.0282172 -0.013150997
0.11 -0.02412916 -0.008965649
0.1105 -0.01984459 -0.004638128
0.111 -0.0153679 -0.00016915053
0.1115 -0.01070206 0.004440613
0.112 -0.005849447 0.009190522
0.1125 -0.0008116034 0.014079995
0.113 0.004401929 0.019108273
0.1135 0.009767591 0.024274834
0.114 0.0152794 0.02957908
0.1145 0.02094166 0.035020478
0.115 0.02676074 0.04059843
0.1155 0.03274146 0.046312578
0.116 0.03888617 0.052162327
0.1165 0.04519479 0.058147334
0.117 0.05166551 0.06426705
0.1175 0.05829532 0.07052114
0.118 0.06507982 0.076909
0.1185 0.07201419 0.08343034
0.119 0.07909362 0.09008468
0.1195 0.0863133 0.09687152
0.12 0.09366811 0.10379035
0.1205 0.1011532 0.110840715
0.121 0.1087644 0.11802197
0.1215 0.1164981 0.12533355
0.122 0.1243513 0.1327748
0.1225 0.1323212 0.1403451
0.123 0.1404019 0.14804354
0.1235 0.1485774 0.15586945
0.124 0.1568487 0.16382182
0.1245 0.165222 0.1718998
0.125 0.1737027 0.18010232
0.1255 0.1822928 0.1884281
0.126 0.1909905 0.19687608
0.1265 0.1997933 0.20544502
0.127 0.2086983 0.21413344
0.1275 0.2177025 0.22293991
0.128 0.2268032 0.23186275
0.1285 0.2359975 0.24090043
0.129 0.2452828 0.25005102
0.1295 0.2546567 0.25931278
0.13 0.2641166 0.2686836
0.1305 0.2736605 0.27816135
0.131 0.2832864 0.2877438
0.1315 0.2929921 0.2974288
0.132 0.3027759 0.30721366
0.1325 0.3126361 0.31709602
0.133 0.3225708 0.32707304
0.1335 0.3325785 0.33714208
0.134 0.3426576 0.34730017
0.1345 0.3528072 0.3575444
0.135 0.3629828 0.36787152
0.1355 0.3722393 0.37827832
0.136 0.3810889 0.3887616
0.1365 0.3900467 0.39931777
0.137 0.3993377 0.40994355
0.1375 0.40903 0.42063516
0.138 0.4191129 0.43138883
0.1385 0.4295407 0.44220105
0.139 0.4402554 0.45306772
0.1395 0.4511996 0.46398503
0.14 0.4623223 0.47494882
0.1405 0.4735809 0.48595518
0.141 0.484941 0.49699992
0.1415 0.4963759 0.50807875
0.142 0.5078656 0.5191877
0.1425 0.5193954 0.53032225
0.143 0.5309549 0.54147834
0.1435 0.5425373 0.55265146
0.144 0.5541381 0.56383723
0.1445 0.5657548 0.57503146
0.145 0.5773858 0.58622986
0.1455 0.5890303 0.5974279
0.146 0.6006892 0.6086214
0.1465 0.6123627 0.61980605
0.147 0.6240522 0.63097745
0.1475 0.6357598 0.6421315
0.148 0.6474877 0.6532638
0.1485 0.6592373 0.66437054
0.149 0.67101 0.6754473
0.1495 0.6828047 0.6864901
0.15 0.6946202 0.69749945
0.1505 0.7063474 0.70891446
0.151 0.7177985 0.7205456
0.1515 0.728902 0.73223954
0.152 0.7396207 0.7438734
0.1525 0.7499345 0.75534904
0.153 0.7598328 0.7665886
0.1535 0.7693097 0.7775313
0.154 0.7783621 0.78812957
0.1545 0.7869887 0.79834694
0.155 0.7951902 0.8081556
0.1555 0.8029684 0.8175349
0.156 0.8103261 0.82647
0.1565 0.8172672 0.8349506
0.157 0.8237963 0.84296995
0.1575 0.8299186 0.85052437
0.158 0.8356399 0.8576129
0.1585 0.8409662 0.86423606
0.159 0.8459039 0.8703961
0.1595 0.8504596 0.876097
0.16 0.8546403 0.8813434
0.1605 0.8584527 0.88614094
0.161 0.8619039 0.89049596
0.1615 0.8649894 0.8944154
0.162 0.8676766 0.8979067
0.1625 0.8699872 0.9009778
0.163 0.8719558 0.90363675
0.1635 0.8736081 0.90589225
0.164 0.8749601 0.90775275
0.1645 0.8760208 0.90922755
0.165 0.8767957 0.9103255
0.1655 0.8772883 0.9110561
0.166 0.8775016 0.9114286
0.1665 0.8774385 0.91145265
0.167 0.8771023 0.9111378
0.1675 0.8764966 0.91049385
0.168 0.8756256 0.90953046
0.1685 0.8744935 0.90825754
0.169 0.8731051 0.90668494
0.1695 0.871465 0.9048227
0.17 0.8695783 0.90268064
0.1705 0.8674499 0.90026873
0.171 0.8650849 0.897597
0.1715 0.8624882 0.8946751
0.172 0.8596644 0.89151317
0.1725 0.856617 0.88812083
0.173 0.8533518 0.88450783
0.1735 0.8498743 0.8806837
0.174 0.8461892 0.8766581
0.1745 0.8423015 0.8724402
0.175 0.8382155 0.8680391
0.1755 0.8339357 0.8634637
0.176 0.8294664 0.8587226
0.1765 0.8248116 0.85382444
0.177 0.8199754 0.8487769
0.1775 0.8149617 0.843588
0.178 0.8097742 0.83826494
0.1785 0.8044167 0.8328148
0.179 0.7988928 0.82724404
0.1795 0.7932061 0.82155883
0.18 0.7873601 0.8157645
0.1805 0.7813581 0.80986637
0.181 0.7752034 0.8038689
0.1815 0.7688994 0.7977758
0.182 0.7624492 0.79159075
0.1825 0.7558558 0.7853163
0.183 0.7491224 0.77895457
0.1835 0.7422519 0.7725072
0.184 0.7352472 0.765975
0.1845 0.728111 0.7593582
0.185 0.7208463 0.7526565
0.1855 0.7134556 0.74586874
0.186 0.7059417 0.73899335
0.1865 0.698307 0.732028
0.187 0.6905543 0.7249699
0.1875 0.6826858 0.7178157
0.188 0.6747041 0.71056134
0.1885 0.6666114 0.70320237
0.189 0.6584102 0.69573385
0.1895 0.6501026 0.68815047
0.19 0.6416908 0.6804463
0.1905 0.6331771 0.67261523
0.191 0.6245635 0.66465086
0.1915 0.6158521 0.6565463
0.192 0.6070449 0.6482945
0.1925 0.5981439 0.6398884
0.193 0.5891509 0.6313205
0.1935 0.580068 0.6225833
0.194 0.5708969 0.6136694
0.1945 0.5616395 0.60457104
0.195 0.5522974 0.5952807
0.1955 0.5428725 0.5857907
0.196 0.5333664 0.5760937
0.1965 0.5237808 0.56618214
0.197 0.5141173 0.5560488
0.1975 0.5043775 0.54568654
0.198 0.4945629 0.53508824
0.1985 0.484675 0.5242471
0.199 0.4747154 0.5131564
0.1995 0.4646854 0.5018096
0.2 0.4545864 0.49020046
0.2005 0.444473 0.4796065
0.201 0.4344408 0.46957266
0.2015 0.4245287 0.4598506
0.202 0.4147573 0.45031843
0.2025 0.4051388 0.44092554
0.203 0.3956806 0.43165848
0.2035 0.3863877 0.42252058
0.204 0.3772633 0.41352147
0.2045 0.3683093 0.40467128
0.205 0.3595266 0.3959785
0.2055 0.3509154 0.38744903
0.206 0.3424752 0.37908635
0.2065 0.3342048 0.37089172
0.207 0.3261028 0.3628646
0.2075 0.3181675 0.35500324
0.208 0.3103966 0.34730488
0.2085 0.3027878 0.33976606
0.209 0.2953387 0.3323829
0.2095 0.2880466 0.32515126
0.21 0.2809087 0.31806695
0.2105 0.2739222 0.31112558
0.211 0.2670843 0.3043229
0.2115 0.2603921 0.29765463
0.212 0.2538425 0.29111668
0.2125 0.2474328 0.28470504
0.213 0.24116 0.27841592
0.2135 0.2350212 0.27224547
0.214 0.2290136 0.26619017
0.2145 0.2231344 0.2602467
0.215 0.2173807 0.2544117
0.2155 0.2117498 0.24868208
0.216 0.2062391 0.2430549
0.2165 0.2008458 0.23752731
0.217 0.1955674 0.23209673
0.2175 0.1904012 0.2267605
0.218 0.1853449 0.22151622
0.2185 0.180396 0.21636167
0.219 0.175552 0.21129465
0.2195 0.1708106 0.20631301
0.22 0.1661695 0.20141491
0.2205 0.1616266 0.19659841
0.221 0.1571794 0.19186172
0.2215 0.1528261 0.18720326
0.222 0.1485643 0.18262133
0.2225 0.1443921 0.17811441
0.223 0.1403075 0.17368108
0.2235 0.1363086 0.16931996
0.224 0.1323933 0.16502973
0.2245 0.1285599 0.16080913
0.225 0.1248066 0.15665695
0.2255 0.1211315 0.15257198
0.226 0.1175328 0.1485532
0.2265 0.114009 0.1445995
0.227 0.1105584 0.14070985
0.2275 0.1071793 0.13688326
0.228 0.1038701 0.13311881
0.2285 0.1006293 0.12941551
0.229 0.09745548 0.12577257
0.2295 0.09434704 0.12218907
0.23 0.09130258 0.11866418
0.2305 0.08832071 0.11519701
0.231 0.08540004 0.11178691
0.2315 0.08253923 0.108433
0.232 0.07973698 0.105134524
0.2325 0.076992 0.10189081
0.233 0.07430305 0.09870114
0.2335 0.0716689 0.09556464
0.234 0.06908836 0.09248083
0.2345 0.06656027 0.08944892
0.235 0.06408348 0.08646817
0.2355 0.06165689 0.08353799
0.236 0.0592794 0.08065777
0.2365 0.05694996 0.07782675
0.237 0.05466753 0.0750444
0.2375 0.05243109 0.07231003
0.238 0.05023966 0.069623016
0.2385 0.04809226 0.06698275
0.239 0.04598795 0.06438861
0.2395 0.0439258 0.06183991
0.24 0.04190492 0.059336223
0.2405 0.03992442 0.056876816
0.241 0.03798343 0.054461144
0.2415 0.03608111 0.052088603
0.242 0.03421665 0.049758643
0.2425 0.03238922 0.0474706
0.243 0.03059806 0.045223996
0.2435 0.02884237 0.043018237
0.244 0.02712143 0.040852703
0.2445 0.02543447 0.03872686
0.245 0.0237808 0.036640175
0.2455 0.02215971 0.034592025
0.246 0.0205705 0.03258191
0.2465 0.01901252 0.030609258
0.247 0.01748509 0.028673537
0.2475 0.01598758 0.026774183
0.248 0.01451937 0.024910659
0.2485 0.01307983 0.023082502
0.249 0.01166837 0.02128908
0.2495 0.0102844 0.019529939
0.25 0.008927344 0.017804533
0.2505 0.007596648 0.016112283
0.251 0.006291759 0.014452733
0.2515 0.005012141 0.012825422
0.252 0.00375727 0.011229686
0.2525 0.002526632 0.009665228
0.253 0.001319726 0.008131325
0.2535 0.0001360605 0.006627664
0.254 -0.001024843 0.005153656
0.2545 -0.002163456 0.0037088916
0.255 -0.003280235 0.0022928193
0.2555 -0.004375631 0.0009050146
0.256 -0.005450083 -0.0004550293
0.2565 -0.006504019 -0.0017877817
0.257 -0.007537862 -0.0030936748
0.2575 -0.00855202 -0.00437323
0.258 -0.009546898 -0.005626872
0.2585 -0.01052289 -0.0068550035
0.259 -0.01148037 -0.008058108
0.2595 -0.01241973 -0.0092365965
0.26 -0.01334134 -0.010390945
0.2605 -0.01424554 -0.0115215555
0.261 -0.0151327 -0.012628831
0.2615 -0.01600316 -0.013713196
0.262 -0.01685725 -0.014775075
0.2625 -0.01769531 -0.015814967
0.263 -0.01851767 -0.016833141
0.2635 -0.01932463 -0.017830007
0.264 -0.02011651 -0.018805988
0.2645 -0.0208936 -0.019761525
0.265 -0.02165621 -0.0206969
0.2655 -0.02240463 -0.021612547
0.266 -0.02313914 -0.022508867
0.2665 -0.02386001 -0.023386173
0.267 -0.02456752 -0.02424483
0.2675 -0.02526194 -0.025085218
0.268 -0.02594352 -0.025907673
0.2685 -0.02661252 -0.026712574
0.269 -0.02726919 -0.027500138
0.2695 -0.02791378 -0.028270863
0.27 -0.02854652 -0.029024981
0.2705 -0.02916764 -0.029762872
0.271 -0.02977738 -0.030484848
0.2715 -0.03037596 -0.03119117
0.272 -0.0309636 -0.031882197
0.2725 -0.03154052 -0.032558203
0.273 -0.03210692 -0.033219516
0.2735 -0.03266301 -0.033866458
0.274 -0.03320899 -0.034499206
0.2745 -0.03374506 -0.035118155
0.275 -0.03427142 -0.03572356
0.2755 -0.03478824 -0.036315687
0.276 -0.03529573 -0.036894776
0.2765 -0.03579405 -0.03746114
0.277 -0.0362834 -0.038015015
0.2775 -0.03676393 -0.038556695
0.278 -0.03723582 -0.0390864
0.2785 -0.03769925 -0.039604373
0.279 -0.03815436 -0.04011087
0.2795 -0.03860133 -0.04060618
0.28 -0.0390403 -0.04109036
0.2805 -0.03947144 -0.041563854
0.281 -0.03989489 -0.042026788
0.2815 -0.0403108 -0.042479396
0.282 -0.04071931 -0.04292193
0.2825 -0.04112057 -0.043354556
0.283 -0.04151471 -0.043777473
0.2835 -0.04190187 -0.04419092
0.284 -0.04228219 -0.044595093
0.2845 -0.04265579 -0.044990234
0.285 -0.04302279 -0.045376487
0.2855 -0.04338334 -0.04575403
0.286 -0.04373754 -0.04612302
0.2865 -0.04408551 -0.04648374
0.287 -0.04442738 -0.046836324
0.2875 -0.04476326 -0.047180958
0.288 -0.04509327 -0.04751774
0.2885 -0.0454175 -0.04784695
0.289 -0.04573608 -0.048168667
0.2895 -0.0460491 -0.048483066
0.29 -0.04635668 -0.048790343
0.2905 -0.04665891 -0.04909072
0.291 -0.04695589 -0.049384184
0.2915 -0.04724772 -0.049671046
0.292 -0.0475345 -0.049951322
0.2925 -0.04781632 -0.05022528
0.293 -0.04809327 -0.050492905
0.2935 -0.04836545 -0.05075445
0.294 -0.04863293 -0.051010035
0.2945 -0.04889582 -0.051259764
0.295 -0.04915418 -0.051503785
0.2955 -0.04940812 -0.05174222
0.296 -0.0496577 -0.051975273
0.2965 -0.04990301 -0.052202903
0.297 -0.05014413 -0.052425362
0.2975 -0.05038113 -0.05264271
0.298 -0.05061408 -0.052855067
0.2985 -0.05084308 -0.053062566
0.299 -0.05106817 -0.053265266
0.2995 -0.05128944 -0.053463303
0.3 -0.05150696 -0.05365681
0.3005 -0.0517208 -0.053845815
0.301 -0.05193101 -0.05403047
0.3015 -0.05213767 -0.05421094
0.302 -0.05234085 -0.05438719
0.3025 -0.05254059 -0.054559432
0.303 -0.05273698 -0.054727666
0.3035 -0.05293006 -0.05489204
0.304 -0.0531199 -0.05505263
0.3045 -0.05330655 -0.055209436
0.305 -0.05349008 -0.05536271
0.3055 -0.05367053 -0.055512406
0.306 -0.05384797 -0.055658616
0.3065 -0.05402244 -0.05580149
0.307 -0.05419401 -0.055941008
0.3075 -0.05436272 -0.056077264
0.308 -0.05452862 -0.056210436
0.3085 -0.05469176 -0.056340493
0.309 -0.0548522 -0.056467496
0.3095 -0.05500998 -0.056591608
0.31 -0.05516515 -0.05671286
0.3105 -0.05531775 -0.056831263
0.311 -0.05546783 -0.056946896
0.3115 -0.05561543 -0.057059847
0.312 -0.05576061 -0.05717022
0.3125 -0.05590339 -0.057278
0.313 -0.05604383 -0.057383247
0.3135 -0.05618196 -0.05748611
0.314 -0.05631782 -0.0575865
0.3145 -0.05645146 -0.057684623
0.315 -0.05658291 -0.057780467
0.3155 -0.05671222 -0.05787406
0.316 -0.05683941 -0.05796548
0.3165 -0.05696453 -0.058054768
0.317 -0.05708762 -0.058141954
0.3175 -0.0572087 -0.058227174
0.318 -0.05732781 -0.058310382
0.3185 -0.05744499 -0.058391623
0.319 -0.05756027 -0.058470957
0.3195 -0.05767368 -0.058548428
0.32 -0.05778526 -0.058624126
0.3205 -0.05789503 -0.058698066
0.321 -0.05800303 -0.058770247
0.3215 -0.0581093 -0.05884076
0.322 -0.05821385 -0.058909662
0.3225 -0.05831671 -0.05897691
0.323 -0.05841793 -0.05904261
0.3235 -0.05851752 -0.059106834
0.324 -0.05861552 -0.059169464
0.3245 -0.05871194 -0.059230678
0.325 -0.05880682 -0.059290446
0.3255 -0.05890019 -0.059348814
0.326 -0.05899206 -0.05940581
0.3265 -0.05908247 -0.059461527
0.327 -0.05917144 -0.059515886
0.3275 -0.059259 -0.05956901
0.328 -0.05934516 -0.059620835
0.3285 -0.05942995 -0.059671484
0.329 -0.0595134 -0.05972097
0.3295 -0.05959553 -0.05976931
0.33 -0.05967636 -0.059816457
0.3305 -0.05975591 -0.059862517
0.331 -0.0598342 -0.05990746
0.3315 -0.05991126 -0.05995146
0.332 -0.0599871 -0.059994362
0.3325 -0.06006175 -0.060036264
0.333 -0.06013522 -0.060077168
0.3335 -0.06020754 -0.06011709
0.334 -0.06027873 -0.060156144
0.3345 -0.0603488 -0.060194306
0.335 -0.06041777 -0.06023153
0.3355 -0.06048566 -0.06026786
0.336 -0.06055249 -0.060303338
0.3365 -0.06061827 -0.060338013
0.337 -0.06068303 -0.060371913
0.3375 -0.06074679 -0.060404904
0.338 -0.06080954 -0.06043721
0.3385 -0.06087133 -0.06046877
0.339 -0.06093215 -0.06049957
0.3395 -0.06099202 -0.06052964
0.34 -0.06105097 -0.060558952
0.3405 -0.06110901 -0.060587607
0.341 -0.06116615 -0.060615636
0.3415 -0.0612224 -0.060642965
0.342 -0.06127778 -0.060669668
0.3425 -0.06133231 -0.0606957
0.343 -0.061386 -0.06072118
0.3435 -0.06143886 -0.060746007
0.344 -0.06149091 -0.060770325
0.3445 -0.06154216 -0.06079402
0.345 -0.06159262 -0.060817234
0.3455 -0.06164231 -0.060839854
0.346 -0.06169123 -0.060861938
0.3465 -0.06173941 -0.060883485
0.347 -0.06178685 -0.060904585
0.3475 -0.06183356 -0.060925134
0.348 -0.06187956 -0.06094525
0.3485 -0.06192486 -0.06096483
0.349 -0.06196946 -0.06098395
0.3495 -0.06201339 -0.06100271
0.35 -0.06205665 -0.061020963
0.3505 -0.06209925 -0.06103883
0.351 -0.06214121 -0.061056204
0.3515 -0.06218252 -0.061073266
0.352 -0.06222322 -0.06108982
0.3525 -0.06226329 -0.06110602
0.353 -0.06230276 -0.06112183
0.3535 -0.06234163 -0.06113731
0.354 -0.06237991 -0.06115239
0.3545 -0.06241762 -0.061167173
0.355 -0.06245476 -0.061181508
0.3555 -0.06249133 -0.06119559
0.356 -0.06252736 -0.061209343
0.3565 -0.06256285 -0.06122271
0.357 -0.0625978 -0.061235763
0.3575 -0.06263223 -0.061248578
0.358 -0.06266614 -0.06126105
0.3585 -0.06269954 -0.061273254
0.359 -0.06273244 -0.061285205
0.3595 -0.06276485 -0.061296813
0.36 -0.06279677 -0.061308183
0.3605 -0.06282822 -0.061319254
0.361 -0.0628592 -0.061330043
0.3615 -0.06288972 -0.061340682
0.362 -0.06291978 -0.061351024
0.3625 -0.06294939 -0.061361052
0.363 -0.06297856 -0.0613709
0.3635 -0.0630073 -0.061380483
0.364 -0.06303562 -0.06138984
0.3645 -0.06306351 -0.06139905
0.365 -0.06309099 -0.06140802
0.3655 -0.06311806 -0.061416738
0.366 -0.06314473 -0.06142526
0.3665 -0.06317101 -0.061433546
0.367 -0.0631969 -0.061441697
0.3675 -0.0632224 -0.0614497
0.368 -0.06324753 -0.061457433
0.3685 -0.06327229 -0.061464973
0.369 -0.06329668 -0.061472364
0.3695 -0.06332072 -0.061479576
0.37 -0.0633444 -0.06148664
0.3705 -0.06336773 -0.061493464
0.371 -0.06339072 -0.061500244
0.3715 -0.06341337 -0.061506815
0.372 -0.0634357 -0.061513208
0.3725 -0.06345769 -0.06151951
0.373 -0.06347936 -0.06152562
0.3735 -0.06350071 -0.06153158
0.374 -0.06352176 -0.061537378
0.3745 -0.06354249 -0.0615431
0.375 -0.06356292 -0.061548628
0.3755 -0.06358306 -0.061554097
0.376 -0.0636029 -0.0615594
0.3765 -0.06362245 -0.061564572
0.377 -0.06364171 -0.061569653
0.3775 -0.0636607 -0.06157454
0.378 -0.06367941 -0.06157937
0.3785 -0.06369785 -0.061584093
0.379 -0.06371602 -0.061588667
0.3795 -0.06373393 -0.061593182
0.38 -0.06375158 -0.061597563
0.3805 -0.06376897 -0.061601825
0.381 -0.06378611 -0.061606027
0.3815 -0.063803 -0.061610125
0.382 -0.06381965 -0.06161409
0.3825 -0.06383606 -0.061618008
0.383 -0.06385223 -0.061621837
0.3835 -0.06386817 -0.061625548
0.384 -0.06388388 -0.0616292
0.3845 -0.06389936 -0.06163267
0.385 -0.06391462 -0.061636157
0.3855 -0.06392966 -0.061639525
0.386 -0.06394448 -0.061642833
0.3865 -0.06395909 -0.061646037
0.387 -0.0639735 -0.061649196
0.3875 -0.06398769 -0.06165228
0.388 -0.06400168 -0.061655246
0.3885 -0.06401547 -0.061658137
0.389 -0.06402907 -0.061660998
0.3895 -0.06404247 -0.061663844
0.39 -0.06405567 -0.061666556
0.3905 -0.06406869 -0.061669193
0.391 -0.06408152 -0.06167177
0.3915 -0.06409417 -0.06167429
0.392 -0.06410664 -0.061676793
0.3925 -0.06411893 -0.061679192
0.393 -0.06413105 -0.06168156
0.3935 -0.064143 -0.06168387
0.394 -0.06415477 -0.06168615
0.3945 -0.06416638 -0.06168834
0.395 -0.06417782 -0.061690442
0.3955 -0.0641891 -0.061692573
0.396 -0.06420022 -0.0616946
0.3965 -0.06421118 -0.06169661
0.397 -0.06422199 -0.06169855
0.3975 -0.06423264 -0.061700426
0.398 -0.06424314 -0.06170226
0.3985 -0.0642535 -0.061704107
0.399 -0.06426371 -0.06170588
0.3995 -0.06427377 -0.061707594
0.4 -0.06428369 -0.06170938
0.4005 -0.06429347 -0.06171099
0.401 -0.06430312 -0.0617126
0.4015 -0.06431263 -0.061714195
0.402 -0.064322 -0.061715744
0.4025 -0.06433124 -0.061717235
0.403 -0.06434036 -0.06171871
0.4035 -0.06434934 -0.061720155
0.404 -0.0643582 -0.06172151
0.4045 -0.06436693 -0.061722852
0.405 -0.06437554 -0.061724193
0.4055 -0.06438403 -0.06172552
0.406 -0.0643924 -0.0617268
0.4065 -0.06440066 -0.061727993
0.407 -0.06440879 -0.0617292
0.4075 -0.06441682 -0.061730362
0.408 -0.06442473 -0.06173154
0.4085 -0.06443253 -0.061732642
0.409 -0.06444022 -0.061733745
0.4095 -0.06444781 -0.061734833
0.41 -0.06445529 -0.061735876
0.4105 -0.06446266 -0.061736904
0.411 -0.06446994 -0.061737902
0.4115 -0.06447711 -0.06173893
0.412 -0.06448418 -0.06173984
0.4125 -0.06449115 -0.06174081
0.413 -0.06449803 -0.061741702
0.4135 -0.06450481 -0.061742596
0.414 -0.06451149 -0.06174343
0.4145 -0.06451808 -0.061744295
0.415 -0.06452459 -0.061745085
0.4155 -0.064531 -0.06174589
0.416 -0.06453732 -0.061746694
0.4165 -0.06454355 -0.061747484
0.417 -0.0645497 -0.061748214
0.4175 -0.06455576 -0.06174899
0.418 -0.06456174 -0.061749704
0.4185 -0.06456764 -0.061750345
0.419 -0.06457346 -0.06175106
0.4195 -0.06457919 -0.06175176
0.42 -0.06458485 -0.061752386
0.4205 -0.06459042 -0.061753057
0.421 -0.06459592 -0.061753623
0.4215 -0.06460135 -0.061754204
0.422 -0.0646067 -0.06175486
0.4225 -0.06461197 -0.06175541
0.423 -0.06461718 -0.061756037
0.4235 -0.06462231 -0.06175659
0.424 -0.06462737 -0.061757095
0.4245 -0.06463236 -0.06175763
0.425 -0.06463728 -0.06175814
0.4255 -0.06464214 -0.061758645
0.426 -0.06464693 -0.06175915
0.4265 -0.06465165 -0.06175963
0.427 -0.06465631 -0.06176006
0.4275 -0.0646609 -0.061760537
0.428 -0.06466544 -0.061760984
0.4285 -0.06466991 -0.061761416
0.429 -0.06467431 -0.06176185
0.4295 -0.06467866 -0.06176228
0.43 -0.06468295 -0.06176267
0.4305 -0.06468718 -0.06176307
0.431 -0.06469135 -0.061763458
0.4315 -0.06469547 -0.0617638
0.432 -0.06469952 -0.061764188
0.4325 -0.06470353 -0.061764576
0.433 -0.06470748 -0.061764903
0.4335 -0.06471137 -0.06176526
0.434 -0.06471521 -0.061765604
0.4345 -0.064719 -0.06176596
0.435 -0.06472274 -0.06176629
0.4355 -0.06472643 -0.061766587
0.436 -0.06473006 -0.061766855
0.4365 -0.06473365 -0.061767183
0.437 -0.06473719 -0.06176748
0.4375 -0.06474068 -0.06176781
0.438 -0.06474412 -0.061768062
0.4385 -0.06474752 -0.061768316
0.439 -0.06475087 -0.06176851
0.4395 -0.06475417 -0.061768763
0.44 -0.06475743 -0.06176897
0.4405 -0.06476065 -0.06176924
0.441 -0.06476382 -0.061769463
0.4415 -0.06476695 -0.0617697
0.442 -0.06477004 -0.06176994
0.4425 -0.06477308 -0.061770163
0.443 -0.06477608 -0.061770402
0.4435 -0.06477905 -0.061770655
0.444 -0.06478197 -0.06177082
0.4445 -0.06478485 -0.061771043
0.445 -0.0647877 -0.06177125
0.4455 -0.06479051 -0.06177146
0.446 -0.06479327 -0.061771624
0.4465 -0.064796 -0.061771818
0.447 -0.0647987 -0.06177201
0.4475 -0.06480136 -0.061772175
0.448 -0.06480398 -0.061772324
0.4485 -0.06480657 -0.061772488
0.449 -0.06480912 -0.061772697
0.4495 -0.06481163 -0.06177286
0.45 -0.06481412 -0.061773024
0.4505 -0.06481657 -0.061773114
0.451 -0.06481899 -0.061773263
0.4515 -0.06482137 -0.061773427
0.452 -0.06482372 -0.06177353
0.4525 -0.06482604 -0.06177371
0.453 -0.06482833 -0.06177386
0.4535 -0.06483059 -0.061773963
0.454 -0.06483282 -0.061774082
0.4545 -0.06483502 -0.06177426
0.455 -0.06483719 -0.061774395
0.4555 -0.06483933 -0.061774485
0.456 -0.06484144 -0.06177456
0.4565 -0.06484353 -0.061774664
0.457 -0.06484558 -0.061774783
0.4575 -0.06484761 -0.061774917
0.458 -0.06484961 -0.061775006
0.4585 -0.06485158 -0.06177508
0.459 -0.06485353 -0.061775155
0.4595 -0.06485545 -0.061775275
0.46 -0.06485735 -0.061775394
0.4605 -0.06485922 -0.06177547
0.461 -0.06486107 -0.061775587
0.4615 -0.06486289 -0.061775677
0.462 -0.06486468 -0.061775766
0.4625 -0.06486646 -0.06177587
0.463 -0.06486821 -0.06177599
0.4635 -0.06486993 -0.061776064
0.464 -0.06487163 -0.06177614
0.4645 -0.06487331 -0.061776213
0.465 -0.06487497 -0.061776318
0.4655 -0.06487661 -0.061776333
0.466 -0.06487822 -0.061776377
0.4665 -0.06487981 -0.061776437
0.467 -0.06488139 -0.06177654
0.4675 -0.06488294 -0.06177663
0.468 -0.06488447 -0.06177672
0.4685 -0.06488597 -0.06177681
0.469 -0.06488746 -0.06177684
0.4695 -0.06488893 -0.06177684
0.47 -0.06489038 -0.06177693
0.4705 -0.06489181 -0.06177699
0.471 -0.06489323 -0.061777048
0.4715 -0.06489462 -0.061777137
0.472 -0.06489599 -0.061777152
0.4725 -0.06489735 -0.061777167
0.473 -0.06489869 -0.061777286
0.4735 -0.06490001 -0.061777316
0.474 -0.06490131 -0.061777346
0.4745 -0.0649026 -0.06177739
0.475 -0.06490387 -0.06177742
0.4755 -0.06490512 -0.06177745
0.476 -0.06490636 -0.06177748
0.4765 -0.06490757 -0.061777495
0.477 -0.06490878 -0.06177751
0.4775 -0.06490997 -0.061777584
0.478 -0.06491114 -0.06177766
0.4785 -0.06491229 -0.06177766
0.479 -0.06491343 -0.061777703
0.4795 -0.06491456 -0.061777733
0.48 -0.06491567 -0.061777763
0.4805 -0.06491677 -0.061777823
0.481 -0.06491785 -0.061777882
0.4815 -0.06491892 -0.061777927
0.482 -0.06491997 -0.061778
0.4825 -0.06492101 -0.061778
0.483 -0.06492203 -0.061778046
0.4835 -0.06492305 -0.06177809
0.484 -0.06492405 -0.061778106
0.4845 -0.06492503 -0.061778136
0.485 -0.064926 -0.06177824
0.4855 -0.06492696 -0.061778225
0.486 -0.06492791 -0.06177824
0.4865 -0.06492885 -0.061778255
0.487 -0.06492977 -0.061778285
0.4875 -0.06493068 -0.061778285
0.488 -0.06493158 -0.061778314
0.4885 -0.06493246 -0.061778314
0.489 -0.06493334 -0.06177833
0.4895 -0.0649342 -0.061778344
0.49 -0.06493506 -0.06177836
0.4905 -0.0649359 -0.06177839
0.491 -0.06493673 -0.06177842
0.4915 -0.06493755 -0.061778434
0.492 -0.06493835 -0.061778463
0.4925 -0.06493915 -0.061778493
0.493 -0.06493994 -0.061778493
0.4935 -0.06494072 -0.061778508
0.494 -0.06494148 -0.061778553
0.4945 -0.06494224 -0.061778523
0.495 -0.06494299 -0.061778538
0.4955 -0.06494372 -0.061778568
0.496 -0.06494445 -0.061778583
0.4965 -0.06494517 -0.061778598
0.497 -0.06494588 -0.061778612
0.4975 -0.06494658 -0.061778627
0.498 -0.06494727 -0.061778612
0.4985 -0.06494795 -0.061778627
0.499 -0.06494862 -0.061778612
0.4995 -0.06494928 -0.061778627
