0.0 -0.065 -0.00444689
0.0005 -0.0645212 -0.0054321513
0.001 -0.06325227 -0.024655841
0.0015 -0.06145512 -0.049389236
0.002 -0.05931786 -0.072618894
0.0025 -0.05694438 -0.091077276
0.003 -0.05439443 -0.10387204
0.0035 -0.05170508 -0.1114165
0.004 -0.04890054 -0.114673935
0.0045 -0.04599806 -0.11470441
0.005 -0.04301111 -0.11244536
0.0055 -0.03996177 -0.10863828
0.006 -0.03686474 -0.10383167
0.0065 -0.03372241 -0.09841322
0.007 -0.03053598 -0.09264853
0.0075 -0.02730752 -0.086714886
0.008 -0.02404004 -0.080728404
0.0085 -0.02073977 -0.07476302
0.009 -0.01741264 -0.068864875
0.0095 -0.01406322 -0.06306135
0.01 -0.01069794 -0.057367764
0.0105 -0.007322504 -0.051791333
0.011 -0.003941727 -0.04633432
0.0115 -0.0005598264 -0.04099541
0.012 0.002820235 -0.03577172
0.0125 0.006196172 -0.030658923
0.013 0.009559831 -0.025652431
0.0135 0.01287876 -0.020747237
0.014 0.01615995 -0.015938275
0.0145 0.01941636 -0.011220925
0.015 0.02265761 -0.006590478
0.0155 0.02588929 -0.002042912
0.016 0.02911364 0.0024257377
0.0165 0.03233049 0.0068191066
0.017 0.03553812 0.011140354
0.0175 0.03873398 0.015392251
0.018 0.04191517 0.0195776
0.0185 0.04507878 0.023698784
0.019 0.04822207 0.02775789
0.0195 0.05134258 0.031756826
0.02 0.05443821 0.035697527
0.0205 0.05750716 0.039581187
0.021 0.06054804 0.043409415
0.0215 0.06355907 0.04718346
0.022 0.06653888 0.05090446
0.0225 0.06948521 0.054573305
0.023 0.07239347 0.058191337
0.0235 0.07526181 0.06175912
0.024 0.07809077 0.065277554
0.0245 0.080882 0.06874738
0.025 0.08363755 0.0721694
0.0255 0.0863594 0.075544156
0.026 0.08904926 0.0788723
0.0265 0.09170847 0.0821544
0.027 0.09433799 0.08539117
0.0275 0.09693807 0.08858306
0.028 0.09950833 0.09173051
0.0285 0.1020492 0.094834216
0.029 0.1045611 0.097894646
0.0295 0.1070443 0.10091219
0.03 0.1094987 0.1038873
0.0305 0.111924 0.10682053
0.031 0.1143196 0.10971237
0.0315 0.1166853 0.1125632
0.032 0.119021 0.11537359
0.0325 0.1213269 0.118143775
0.033 0.1236039 0.12087444
0.0335 0.1258521 0.12356586
0.034 0.1280712 0.12621856
0.0345 0.1302611 0.1288329
0.035 0.1324223 0.13140926
0.0355 0.1345552 0.1339483
0.036 0.13666 0.1364502
0.0365 0.138737 0.13891557
0.037 0.1407862 0.14134467
0.0375 0.1428078 0.14373803
0.038 0.1448019 0.14609602
0.0385 0.1467686 0.148419
0.039 0.1487082 0.15070745
0.0395 0.1506208 0.15296173
0.04 0.1525065 0.15518227
0.0405 0.1543657 0.15736952
0.041 0.1561766 0.15952381
0.0415 0.157909 0.16164556
0.042 0.1595858 0.16373521
0.0425 0.1608933 0.165793
0.043 0.1619018 0.16781947
0.0435 0.1629007 0.16981503
0.044 0.1640085 0.1717799
0.0445 0.1652605 0.17371464
0.045 0.1666508 0.1756196
0.0455 0.168156 0.177495
0.046 0.1697472 0.1793414
0.0465 0.1713965 0.18115902
0.047 0.1730794 0.18294835
0.0475 0.1747759 0.1847097
0.048 0.1764704 0.18644339
0.0485 0.178151 0.18814978
0.049 0.1798095 0.18982938
0.0495 0.1814399 0.19148242
0.05 0.1830385 0.19310924
0.0505 0.1846033 0.19471028
0.051 0.1861328 0.19628578
0.0515 0.1876262 0.19783616
0.052 0.1890847 0.19936165
0.0525 0.1905093 0.20086262
0.053 0.1919014 0.20233953
0.0535 0.1932623 0.2037926
0.054 0.1945931 0.20522225
0.0545 0.1958953 0.20662862
0.055 0.1971699 0.2080122
0.0555 0.1984181 0.20937333
0.056 0.1996412 0.21071213
0.0565 0.20084 0.21202898
0.057 0.2020156 0.21332431
0.0575 0.2031685 0.21459839
0.058 0.2042994 0.21585158
0.0585 0.2054093 0.21708393
0.059 0.2064989 0.21829599
0.0595 0.2075691 0.2194879
0.06 0.2086206 0.22066003
0.0605 0.2096541 0.2218127
0.061 0.2106701 0.22294614
0.0615 0.2116691 0.2240606
0.062 0.2126514 0.22515637
0.0625 0.2136151 0.2262339
0.063 0.2145608 0.2272932
0.0635 0.2154905 0.2283346
0.064 0.2164052 0.2293585
0.0645 0.2173057 0.23036507
0.065 0.2181926 0.2313546
0.0655 0.2190661 0.23232734
0.066 0.2199263 0.23328355
0.0665 0.2207735 0.23422346
0.067 0.2216077 0.23514742
0.0675 0.2224291 0.2360555
0.068 0.2232379 0.23694807
0.0685 0.2240342 0.23782527
0.069 0.224818 0.23868746
0.0695 0.2255896 0.23953474
0.07 0.2263492 0.24036759
0.0705 0.2270969 0.24118593
0.071 0.2278329 0.24199015
0.0715 0.2285573 0.24278045
0.072 0.2292704 0.24355704
0.0725 0.2299717 0.24432012
0.073 0.2306601 0.24507001
0.0735 0.2313368 0.24580675
0.074 0.2320029 0.24653077
0.0745 0.2326587 0.24724206
0.075 0.2333048 0.24794081
0.0755 0.2339413 0.24862742
0.076 0.2345683 0.24930203
0.0765 0.2351859 0.24996477
0.077 0.2357942 0.25061584
0.0775 0.2363932 0.25125542
0.078 0.2369831 0.25188386
0.0785 0.2375637 0.2525011
0.079 0.2381336 0.25310743
0.0795 0.2386934 0.25370306
0.08 0.2392442 0.2542882
0.0805 0.2397866 0.25486284
0.081 0.240321 0.25542724
0.0815 0.2408475 0.25598183
0.082 0.2413663 0.2565264
0.0825 0.2418774 0.25706127
0.083 0.2423793 0.2575866
0.0835 0.2428708 0.25810263
0.084 0.2433536 0.25860938
0.0845 0.243829 0.25910705
0.085 0.2442976 0.25959587
0.0855 0.2447596 0.26007587
0.086 0.2452153 0.26054728
0.0865 0.2456646 0.2610103
0.087 0.2461075 0.26146495
0.0875 0.246544 0.26191133
0.088 0.2469739 0.26234972
0.0885 0.247396 0.26278025
0.089 0.2478082 0.26320302
0.0895 0.2482119 0.2636181
0.09 0.2486088 0.2640257
0.0905 0.2489999 0.26442593
0.091 0.2493858 0.26481888
0.0915 0.2497668 0.26520473
0.092 0.2501428 0.26558366
0.0925 0.250514 0.26595566
0.093 0.2508801 0.26632094
0.0935 0.251241 0.26667953
0.094 0.2515964 0.26703158
0.0945 0.2519459 0.26737732
0.095 0.2522897 0.26771665
0.0955 0.2526279 0.26804987
0.096 0.252961 0.26837698
0.0965 0.2532889 0.2686981
0.097 0.2536119 0.2690134
0.0975 0.25393 0.269323
0.098 0.2542433 0.26962686
0.0985 0.254552 0.26992524
0.099 0.2548559 0.2702181
0.0995 0.255151 0.27050555
0.1 0.2554387 0.24923185
0.1005 0.2665924 0.24451944
0.101 0.28135 0.25210226
0.1015 0.2976632 0.26839438
0.102 0.3146965 0.29032576
0.1025 0.3320659 0.31538427
0.103 0.349561 0.34166306
0.1035 0.3670465 0.3678301
0.104 0.3844255 0.39303768
0.1045 0.4016244 0.41680926
0.105 0.418586 0.43893138
0.1055 0.4352656 0.45936352
0.106 0.4516286 0.4781708
0.1065 0.4676486 0.4954756
0.107 0.483306 0.51142573
0.1075 0.4985869 0.52617437
0.108 0.5134819 0.53986853
0.1085 0.5279855 0.5526426
0.109 0.5420953 0.5646158
0.1095 0.5558116 0.57589173
0.11 0.5691365 0.60924757
0.1105 0.5707276 0.6221027
0.111 0.5675451 0.62332195
0.1115 0.5619036 0.61770207
0.112 0.5548328 0.60795397
0.1125 0.5468297 0.5956958
0.113 0.5381714 0.5819474
0.1135 0.5290369 0.56737834
0.114 0.5195553 0.5524368
0.1145 0.5098271 0.53742284
0.115 0.4999328 0.5225337
0.1155 0.4899387 0.5078948
0.116 0.479899 0.49358213
0.1165 0.4698586 0.4796378
0.117 0.4598546 0.46608222
0.1175 0.4499172 0.4529216
0.118 0.4400711 0.44015372
0.1185 0.4303363 0.42777148
0.119 0.4207289 0.41576505
0.1195 0.4112616 0.40412337
0.12 0.4019444 0.39283496
0.1205 0.3927849 0.38188833
0.121 0.3837888 0.37127218
0.1215 0.3749601 0.3609755
0.122 0.3663017 0.35098764
0.1225 0.357815 0.34129813
0.123 0.3495007 0.33189684
0.1235 0.3413588 0.32277393
0.124 0.3333885 0.31391975
0.1245 0.3255885 0.30532488
0.125 0.3179571 0.29698017
0.1255 0.3104924 0.28887665
0.126 0.303192 0.28100577
0.1265 0.2960535 0.273359
0.127 0.2890743 0.26592815
0.1275 0.2822515 0.2587055
0.128 0.2755822 0.2516833
0.1285 0.2690637 0.2448543
0.129 0.2626929 0.23821145
0.1295 0.2564668 0.2317479
0.13 0.2503825 0.22545731
0.1305 0.244437 0.21933347
0.131 0.2386274 0.21337044
0.1315 0.2329507 0.20756263
0.132 0.2274041 0.2019046
0.1325 0.2219847 0.19639134
0.133 0.2166897 0.19101784
0.1335 0.2115164 0.18577966
0.134 0.2064621 0.18067226
0.1345 0.2015242 0.17569152
0.135 0.1967 0.17083341
0.1355 0.1919871 0.16609424
0.136 0.1873829 0.16147035
0.1365 0.1828851 0.15695837
0.137 0.1784912 0.15255505
0.1375 0.174199 0.14825729
0.138 0.1700062 0.14406225
0.1385 0.1659105 0.139967
0.139 0.1619099 0.13596892
0.1395 0.1580022 0.13206545
0.14 0.1541853 0.12825426
0.1405 0.1504573 0.124532975
0.141 0.1468162 0.12089927
0.1415 0.1432601 0.11735115
0.142 0.1397871 0.11388654
0.1425 0.1363954 0.11050338
0.143 0.1330832 0.107199945
0.1435 0.1298488 0.103974335
0.144 0.1266905 0.10082478
0.1445 0.1236067 0.09774967
0.145 0.1205956 0.09474734
0.1455 0.1176558 0.091816165
0.146 0.1147857 0.088954724
0.1465 0.1119839 0.0861615
0.147 0.1092487 0.083435036
0.1475 0.1065789 0.08077402
0.148 0.1039729 0.07817698
0.1485 0.1014296 0.07564276
0.149 0.09894739 0.073169984
0.1495 0.09652513 0.07075743
0.15 0.0941615 0.06840319
0.1505 0.09185502 0.06603707
0.151 0.08960279 0.063727014
0.1515 0.0874017 0.061504953
0.152 0.08524946 0.059384145
0.1525 0.08314431 0.05736839
0.153 0.08108478 0.05545663
0.1535 0.07906955 0.053645454
0.154 0.07709736 0.051930316
0.1545 0.07516703 0.050306104
0.155 0.07327737 0.048767664
0.1555 0.07142725 0.047309853
0.156 0.06961559 0.04592789
0.1565 0.06784136 0.044617005
0.157 0.06610356 0.043372773
0.1575 0.0644012 0.04219102
0.158 0.06273334 0.04106774
0.1585 0.06109905 0.039999314
0.159 0.05949742 0.03898219
0.1595 0.05792756 0.038013227
0.16 0.05638864 0.037089236
0.1605 0.0548798 0.036207445
0.161 0.05340023 0.035365008
0.1615 0.05194914 0.03455954
0.162 0.05052576 0.033788525
0.1625 0.04912933 0.033049785
0.163 0.04775913 0.03234122
0.1635 0.04641444 0.031660773
0.164 0.04509457 0.031006597
0.1645 0.04379883 0.030376874
0.165 0.04252657 0.02977001
0.1655 0.04127715 0.029184379
0.166 0.04004993 0.028618596
0.1665 0.03884432 0.028071143
0.167 0.03765972 0.02754084
0.1675 0.03649554 0.027026363
0.168 0.03535123 0.026526593
0.1685 0.03422623 0.026040472
0.169 0.03312002 0.025566868
0.1695 0.03203207 0.025104873
0.17 0.03096187 0.024653502
0.1705 0.02990894 0.024211995
0.171 0.02887278 0.023779415
0.1715 0.02785293 0.02335506
0.172 0.02684893 0.022938214
0.1725 0.02586035 0.022528075
0.173 0.02488673 0.022124045
0.1735 0.02392768 0.021725573
0.174 0.02298276 0.021331944
0.1745 0.02205159 0.02094268
0.175 0.02113376 0.020557232
0.1755 0.02022891 0.020175062
0.176 0.01933667 0.019795738
0.1765 0.01845666 0.019418739
0.177 0.01758855 0.019043691
0.1775 0.01673199 0.018670164
0.178 0.01588664 0.01829765
0.1785 0.01505218 0.017925836
0.179 0.01422831 0.01755444
0.1795 0.0134147 0.017182924
0.18 0.01261107 0.016811006
0.1805 0.01181711 0.016438417
0.181 0.01103255 0.016064756
0.1815 0.01025711 0.015689753
0.182 0.00949052 0.015313052
0.1825 0.008732519 0.014934413
0.183 0.007982851 0.014553465
0.1835 0.007241268 0.014169954
0.184 0.006507528 0.013783634
0.1845 0.005781397 0.013394155
0.185 0.005062645 0.0130013
0.1855 0.004351048 0.012604736
0.186 0.003646391 0.012204289
0.1865 0.002948461 0.0117996335
0.187 0.002257052 0.01139047
0.1875 0.001571966 0.010976665
0.188 0.0008930051 0.010557808
0.1885 0.0002199815 0.010133781
0.189 -0.00044729 0.009704225
0.1895 -0.001108989 0.0092689395
0.19 -0.001765291 0.008827619
0.1905 -0.002416365 0.008380003
0.191 -0.003062377 0.007925928
0.1915 -0.003703489 0.007465042
0.192 -0.004339857 0.006997131
0.1925 -0.004971635 0.0065219626
0.193 -0.005598969 0.0060392395
0.1935 -0.006222006 0.005548708
0.194 -0.006840884 0.0050501376
0.1945 -0.007455742 0.004543245
0.195 -0.008066712 0.0040277466
0.1955 -0.008673924 0.0035033375
0.196 -0.009277503 0.0029698834
0.1965 -0.009877571 0.0024270788
0.197 -0.01047425 0.0018746331
0.1975 -0.01106765 0.0013122633
0.198 -0.01165789 0.0007397011
0.1985 -0.01224508 0.00015675277
0.199 -0.01282931 -0.0004368797
0.1995 -0.01341071 -0.0010415539
0.2 -0.01398936 -0.0016574189
0.2005 -0.01456526 -0.0021817312
0.201 -0.01513765 -0.0026859567
0.2015 -0.01570566 -0.003208749
0.202 -0.01626882 -0.00376942
0.2025 -0.01682691 -0.0043762997
0.203 -0.01737982 -0.00503128
0.2035 -0.01792752 -0.005732551
0.204 -0.01846999 -0.0064762384
0.2045 -0.01900723 -0.007257685
0.205 -0.01953924 -0.008071743
0.2055 -0.02006604 -0.0089132115
0.206 -0.02058764 -0.009777181
0.2065 -0.02110406 -0.010658994
0.207 -0.02161531 -0.011554435
0.2075 -0.02212143 -0.012459636
0.208 -0.02262243 -0.013371147
0.2085 -0.02311834 -0.014285848
0.209 -0.02360918 -0.015201129
0.2095 -0.024095 -0.016114458
0.21 -0.0245758 -0.01702381
0.2105 -0.02505164 -0.017927416
0.211 -0.02552252 -0.018823646
0.2115 -0.0259885 -0.019711204
0.212 -0.0264496 -0.02058895
0.2125 -0.02690585 -0.021455914
0.213 -0.02735728 -0.022311322
0.2135 -0.02780394 -0.023154475
0.214 -0.02824585 -0.023984872
0.2145 -0.02868305 -0.024802051
0.215 -0.02911557 -0.0256057
0.2155 -0.02954345 -0.026395515
0.216 -0.02996673 -0.027171373
0.2165 -0.03038543 -0.027933076
0.217 -0.0307996 -0.02868063
0.2175 -0.03120927 -0.02941402
0.218 -0.03161448 -0.030133158
0.2185 -0.03201526 -0.030838199
0.219 -0.03241165 -0.03152918
0.2195 -0.03280369 -0.032206275
0.22 -0.0331914 -0.032869563
0.2205 -0.03357484 -0.033519268
0.221 -0.03395403 -0.034155436
0.2215 -0.03432901 -0.034778304
0.222 -0.03469982 -0.035388045
0.2225 -0.03506649 -0.035984844
0.223 -0.03542907 -0.036568932
0.2235 -0.03578758 -0.037140496
0.224 -0.03614206 -0.037699796
0.2245 -0.03649255 -0.03824701
0.225 -0.03683909 -0.038782343
0.2255 -0.0371817 -0.039305992
0.226 -0.03752044 -0.039818168
0.2265 -0.03785533 -0.040319197
0.227 -0.03818641 -0.0408092
0.2275 -0.03851371 -0.041288376
0.228 -0.03883728 -0.041756965
0.2285 -0.03915714 -0.04221519
0.229 -0.03947333 -0.04266324
0.2295 -0.03978589 -0.04310132
0.23 -0.04009485 -0.043529674
0.2305 -0.04040025 -0.04394851
0.231 -0.04070212 -0.044357926
0.2315 -0.0410005 -0.04475818
0.232 -0.04129542 -0.045149513
0.2325 -0.04158691 -0.045532048
0.233 -0.04187502 -0.045906022
0.2335 -0.04215976 -0.046271555
0.234 -0.04244119 -0.04662881
0.2345 -0.04271932 -0.04697804
0.235 -0.0429942 -0.047319412
0.2355 -0.04326586 -0.047653057
0.236 -0.04353433 -0.047979124
0.2365 -0.04379964 -0.048297875
0.237 -0.04406182 -0.048609294
0.2375 -0.04432092 -0.04891368
0.238 -0.04457696 -0.04921118
0.2385 -0.04482996 -0.04950192
0.239 -0.04507998 -0.049786083
0.2395 -0.04532703 -0.05006375
0.24 -0.04557114 -0.050335072
0.2405 -0.04581236 -0.050600253
0.241 -0.0460507 -0.05085937
0.2415 -0.0462862 -0.05111254
0.242 -0.0465189 -0.051359914
0.2425 -0.04674881 -0.05160164
0.243 -0.04697597 -0.051837884
0.2435 -0.04720042 -0.052068703
0.244 -0.04742217 -0.052294247
0.2445 -0.04764127 -0.052514605
0.245 -0.04785773 -0.052729897
0.2455 -0.04807159 -0.052940227
0.246 -0.04828287 -0.05314576
0.2465 -0.04849161 -0.053346567
0.247 -0.04869783 -0.053542726
0.2475 -0.04890156 -0.053734414
0.248 -0.04910283 -0.053921647
0.2485 -0.04930166 -0.05410459
0.249 -0.04949808 -0.05428333
0.2495 -0.04969212 -0.054457925
0.25 -0.04988381 -0.054628544
0.2505 -0.05007317 -0.054795124
0.251 -0.05026023 -0.054957964
0.2515 -0.05044501 -0.055116974
0.252 -0.05062754 -0.055272363
0.2525 -0.05080785 -0.055424117
0.253 -0.05098596 -0.055572428
0.2535 -0.05116189 -0.055717237
0.254 -0.05133568 -0.05585871
0.2545 -0.05150733 -0.055996917
0.255 -0.05167689 -0.056131907
0.2555 -0.05184437 -0.056263812
0.256 -0.0520098 -0.056392588
0.2565 -0.0521732 -0.056518443
0.257 -0.0523346 -0.056641378
0.2575 -0.05249401 -0.056761466
0.258 -0.05265146 -0.056878768
0.2585 -0.05280698 -0.056993283
0.259 -0.05296058 -0.05710519
0.2595 -0.05311229 -0.05721446
0.26 -0.05326213 -0.057321183
0.2605 -0.05341012 -0.05742549
0.261 -0.05355628 -0.057527356
0.2615 -0.05370064 -0.05762682
0.262 -0.05384322 -0.05772402
0.2625 -0.05398403 -0.057818912
0.263 -0.0541231 -0.057911582
0.2635 -0.05426045 -0.05800215
0.264 -0.05439609 -0.058090605
0.2645 -0.05453006 -0.058176987
0.265 -0.05466236 -0.058261313
0.2655 -0.05479303 -0.058343716
0.266 -0.05492207 -0.05842424
0.2665 -0.0550495 -0.0585028
0.267 -0.05517536 -0.058579586
0.2675 -0.05529965 -0.05865454
0.268 -0.05542239 -0.05872775
0.2685 -0.0555436 -0.058799274
0.269 -0.05566331 -0.058869086
0.2695 -0.05578152 -0.058937334
0.27 -0.05589826 -0.059003957
0.2705 -0.05601354 -0.059069015
0.271 -0.05612738 -0.059132554
0.2715 -0.05623981 -0.059194647
0.272 -0.05635083 -0.05925525
0.2725 -0.05646046 -0.059314437
0.273 -0.05656872 -0.059372284
0.2735 -0.05667563 -0.05942873
0.274 -0.0567812 -0.059483834
0.2745 -0.05688544 -0.05953767
0.275 -0.05698839 -0.059590258
0.2755 -0.05709004 -0.059641607
0.276 -0.05719042 -0.059691794
0.2765 -0.05728954 -0.059740774
0.277 -0.05738742 -0.059788592
0.2775 -0.05748407 -0.059835352
0.278 -0.0575795 -0.059880994
0.2785 -0.05767374 -0.05992549
0.279 -0.0577668 -0.059969015
0.2795 -0.05785868 -0.06001147
0.28 -0.05794941 -0.06005297
0.2805 -0.058039 -0.0600935
0.281 -0.05812746 -0.06013315
0.2815 -0.05821481 -0.06017176
0.282 -0.05830106 -0.06020952
0.2825 -0.05838623 -0.0602464
0.283 -0.05847032 -0.0602824
0.2835 -0.05855335 -0.06031757
0.284 -0.05863534 -0.0603519
0.2845 -0.05871629 -0.0603854
0.285 -0.05879622 -0.060418196
0.2855 -0.05887515 -0.060450144
0.286 -0.05895307 -0.060481407
0.2865 -0.05903002 -0.06051188
0.287 -0.05910599 -0.060541607
0.2875 -0.05918101 -0.06057065
0.288 -0.05925507 -0.06059911
0.2885 -0.0593282 -0.060626872
0.289 -0.05940041 -0.060653932
0.2895 -0.0594717 -0.060680382
0.29 -0.05954209 -0.06070619
0.2905 -0.0596116 -0.060731404
0.291 -0.05968022 -0.060756035
0.2915 -0.05974797 -0.06078007
0.292 -0.05981487 -0.06080357
0.2925 -0.05988092 -0.060826488
0.293 -0.05994613 -0.0608489
0.2935 -0.06001052 -0.060870774
0.294 -0.06007409 -0.060892127
0.2945 -0.06013686 -0.06091296
0.295 -0.06019883 -0.0609333
0.2955 -0.06026002 -0.060953222
0.296 -0.06032043 -0.06097264
0.2965 -0.06038007 -0.060991623
0.297 -0.06043896 -0.061010145
0.2975 -0.0604971 -0.061028264
0.298 -0.0605545 -0.061045907
0.2985 -0.06061118 -0.061063103
0.299 -0.06066713 -0.061079986
0.2995 -0.06072238 -0.061096393
0.3 -0.06077692 -0.061112396
0.3005 -0.06083077 -0.061128102
0.301 -0.06088394 -0.061143436
0.3015 -0.06093643 -0.06115844
0.302 -0.06098826 -0.061173
0.3025 -0.06103942 -0.061187245
0.303 -0.06108994 -0.061201207
0.3035 -0.06113981 -0.061214797
0.304 -0.06118905 -0.06122806
0.3045 -0.06123766 -0.061241023
0.305 -0.06128566 -0.061253674
0.3055 -0.06133304 -0.061266057
0.306 -0.06137983 -0.061278127
0.3065 -0.06142601 -0.06128996
0.307 -0.06147161 -0.061301462
0.3075 -0.06151663 -0.061312743
0.308 -0.06156108 -0.061323695
0.3085 -0.06160496 -0.06133441
0.309 -0.06164828 -0.0613449
0.3095 -0.06169105 -0.06135512
0.31 -0.06173327 -0.06136515
0.3105 -0.06177496 -0.06137488
0.311 -0.06181612 -0.061384387
0.3115 -0.06185675 -0.06139367
0.312 -0.06189687 -0.06140273
0.3125 -0.06193647 -0.061411582
0.313 -0.06197557 -0.061420225
0.3135 -0.06201417 -0.061428674
0.314 -0.06205228 -0.061436914
0.3145 -0.0620899 -0.06144502
0.315 -0.06212704 -0.061452888
0.3155 -0.06216371 -0.061460547
0.316 -0.06219992 -0.061468072
0.3165 -0.06223566 -0.06147542
0.317 -0.06227094 -0.061482586
0.3175 -0.06230578 -0.061489545
0.318 -0.06234017 -0.06149634
0.3185 -0.06237412 -0.061503
0.319 -0.06240764 -0.061509527
0.3195 -0.06244073 -0.06151589
0.32 -0.0624734 -0.06152209
0.3205 -0.06250565 -0.06152814
0.321 -0.06253749 -0.061534025
0.3215 -0.06256893 -0.06153982
0.322 -0.06259996 -0.06154544
0.3225 -0.0626306 -0.061550967
0.323 -0.06266084 -0.061556377
0.3235 -0.0626907 -0.061561577
0.324 -0.06272018 -0.061566733
0.3245 -0.06274928 -0.06157171
0.325 -0.06277801 -0.061576568
0.3255 -0.06280638 -0.061581336
0.326 -0.06283438 -0.061586045
0.3265 -0.06286202 -0.06159059
0.327 -0.06288932 -0.06159506
0.3275 -0.06291626 -0.06159941
0.328 -0.06294286 -0.061603658
0.3285 -0.06296912 -0.06160774
0.329 -0.06299504 -0.06161184
0.3295 -0.06302063 -0.061615758
0.33 -0.0630459 -0.061619632
0.3305 -0.06307084 -0.061623372
0.331 -0.06309546 -0.061627053
0.3315 -0.06311977 -0.0616306
0.332 -0.06314377 -0.061634086
0.3325 -0.06316747 -0.061637513
0.333 -0.06319086 -0.061640896
0.3335 -0.06321395 -0.061644174
0.334 -0.06323674 -0.061647363
0.3345 -0.06325925 -0.061650462
0.335 -0.06328146 -0.061653487
0.3355 -0.0633034 -0.061656468
0.336 -0.06332505 -0.06165936
0.3365 -0.06334643 -0.061662175
0.337 -0.06336753 -0.06166496
0.3375 -0.06338836 -0.061667643
0.338 -0.06340893 -0.06167025
0.3385 -0.06342923 -0.061672844
0.339 -0.06344928 -0.061675318
0.3395 -0.06346907 -0.06167776
0.34 -0.0634886 -0.06168016
0.3405 -0.06350789 -0.061682485
0.341 -0.06352693 -0.06168478
0.3415 -0.06354572 -0.061686985
0.342 -0.06356428 -0.06168919
0.3425 -0.0635826 -0.06169129
0.343 -0.06360068 -0.061693393
0.3435 -0.06361853 -0.061695404
0.344 -0.06363616 -0.06169737
0.3445 -0.06365356 -0.061699264
0.345 -0.06367074 -0.06170117
0.3455 -0.06368769 -0.06170305
0.346 -0.06370443 -0.06170485
0.3465 -0.06372096 -0.06170658
0.347 -0.06373728 -0.061708324
0.3475 -0.06375338 -0.061709978
0.348 -0.06376928 -0.061711602
0.3485 -0.06378498 -0.06171321
0.349 -0.06380048 -0.06171479
0.3495 -0.06381578 -0.06171628
0.35 -0.06383088 -0.06171777
0.3505 -0.06384579 -0.061719216
0.351 -0.06386051 -0.061720647
0.3515 -0.06387504 -0.061722018
0.352 -0.06388939 -0.06172336
0.3525 -0.06390355 -0.0617247
0.353 -0.06391753 -0.06172595
0.3535 -0.06393134 -0.061727233
0.354 -0.06394496 -0.061728425
0.3545 -0.06395841 -0.061729632
0.355 -0.06397169 -0.061730854
0.3555 -0.0639848 -0.061731942
0.356 -0.06399775 -0.06173306
0.3565 -0.06401052 -0.061734162
0.357 -0.06402314 -0.061735265
0.3575 -0.06403559 -0.061736263
0.358 -0.06404788 -0.061737277
0.3585 -0.06406002 -0.06173823
0.359 -0.064072 -0.061739244
0.3595 -0.06408383 -0.061740212
0.36 -0.06409551 -0.061741166
0.3605 -0.06410703 -0.061742045
0.361 -0.06411841 -0.06174297
0.3615 -0.06412965 -0.06174382
0.362 -0.06414074 -0.061744653
0.3625 -0.06415169 -0.061745487
0.363 -0.0641625 -0.061746247
0.3635 -0.06417317 -0.061747007
0.364 -0.06418371 -0.061747827
0.3645 -0.06419411 -0.0617486
0.365 -0.06420437 -0.0617493
0.3655 -0.06421451 -0.061750017
0.366 -0.06422452 -0.061750688
0.3665 -0.0642344 -0.061751418
0.367 -0.06424415 -0.061752073
0.3675 -0.06425378 -0.0617527
0.368 -0.06426328 -0.06175331
0.3685 -0.06427267 -0.06175395
0.369 -0.06428193 -0.061754517
0.3695 -0.06429108 -0.0617551
0.37 -0.0643001 -0.06175565
0.3705 -0.06430902 -0.061756246
0.371 -0.06431782 -0.061756767
0.3715 -0.0643265 -0.061757363
0.372 -0.06433508 -0.061757825
0.3725 -0.06434355 -0.061758302
0.373 -0.0643519 -0.061758853
0.3735 -0.06436015 -0.06175933
0.374 -0.0643683 -0.061759807
0.3745 -0.06437634 -0.06176027
0.375 -0.06438428 -0.061760716
0.3755 -0.06439212 -0.061761193
0.376 -0.06439986 -0.061761595
0.3765 -0.0644075 -0.061761998
0.377 -0.06441504 -0.06176243
0.3775 -0.06442248 -0.061762847
0.378 -0.06442983 -0.06176325
0.3785 -0.06443709 -0.061763622
0.379 -0.06444425 -0.061763994
0.3795 -0.06445132 -0.061764337
0.38 -0.06445831 -0.061764725
0.3805 -0.0644652 -0.061765082
0.381 -0.064472 -0.06176544
0.3815 -0.06447872 -0.061765723
0.382 -0.06448535 -0.06176608
0.3825 -0.0644919 -0.06176638
0.383 -0.06449836 -0.06176669
0.3835 -0.06450474 -0.061767004
0.384 -0.06451104 -0.061767288
0.3845 -0.06451726 -0.061767615
0.385 -0.0645234 -0.061767884
0.3855 -0.06452947 -0.06176815
0.386 -0.06453545 -0.061768465
0.3865 -0.06454136 -0.06176869
0.387 -0.06454719 -0.06176894
0.3875 -0.06455295 -0.06176921
0.388 -0.06455863 -0.06176942
0.3885 -0.06456424 -0.061769657
0.389 -0.06456978 -0.06176988
0.3895 -0.06457525 -0.06177006
0.39 -0.06458065 -0.061770372
0.3905 -0.06458598 -0.061770625
0.391 -0.06459125 -0.06177079
0.3915 -0.06459644 -0.061771013
0.392 -0.06460157 -0.061771207
0.3925 -0.06460664 -0.0617714
0.393 -0.06461164 -0.061771564
0.3935 -0.06461657 -0.061771803
0.394 -0.06462144 -0.061771937
0.3945 -0.06462626 -0.0617721
0.395 -0.064631 -0.06177228
0.3955 -0.06463569 -0.061772473
0.396 -0.06464032 -0.061772652
0.3965 -0.06464489 -0.061772816
0.397 -0.0646494 -0.06177298
0.3975 -0.06465386 -0.06177307
0.398 -0.06465826 -0.06177322
0.3985 -0.0646626 -0.061773382
0.399 -0.06466688 -0.06177347
0.3995 -0.06467111 -0.061773665
0.4 -0.06467529 -0.061773814
0.4005 -0.06467941 -0.06177395
0.401 -0.06468349 -0.061774082
0.4015 -0.06468751 -0.06177423
0.402 -0.06469147 -0.061774366
0.4025 -0.06469539 -0.06177444
0.403 -0.06469926 -0.06177459
0.4035 -0.06470308 -0.061774634
0.404 -0.06470685 -0.061774753
0.4045 -0.06471057 -0.06177493
0.405 -0.06471424 -0.06177496
0.4055 -0.06471787 -0.06177502
0.406 -0.06472145 -0.06177511
0.4065 -0.06472499 -0.06177526
0.407 -0.06472848 -0.06177535
0.4075 -0.06473193 -0.06177544
0.408 -0.06473533 -0.061775528
0.4085 -0.06473869 -0.061775632
0.409 -0.064742 -0.061775707
0.4095 -0.06474528 -0.06177581
0.41 -0.06474851 -0.0617759
0.4105 -0.0647517 -0.06177599
0.411 -0.06475485 -0.06177611
0.4115 -0.06475796 -0.061776154
0.412 -0.06476103 -0.061776258
0.4125 -0.06476406 -0.061776333
0.413 -0.06476706 -0.061776347
0.4135 -0.06477001 -0.061776422
0.414 -0.06477293 -0.06177651
0.4145 -0.06477581 -0.06177663
0.415 -0.06477865 -0.061776675
0.4155 -0.06478146 -0.06177675
0.416 -0.06478423 -0.06177684
0.4165 -0.06478697 -0.061776854
0.417 -0.06478967 -0.061776884
0.4175 -0.06479234 -0.06177693
0.418 -0.06479497 -0.061777018
0.4185 -0.06479757 -0.061777093
0.419 -0.06480014 -0.061777137
0.4195 -0.06480267 -0.061777167
0.42 -0.06480517 -0.061777256
0.4205 -0.06480764 -0.061777286
0.421 -0.06481008 -0.0617773
0.4215 -0.06481249 -0.06177736
0.422 -0.06481486 -0.06177739
0.4225 -0.06481721 -0.061777435
0.423 -0.06481953 -0.06177745
0.4235 -0.06482181 -0.06177748
0.424 -0.06482407 -0.06177751
0.4245 -0.0648263 -0.06177754
0.425 -0.0648285 -0.0617776
0.4255 -0.06483068 -0.06177766
0.426 -0.06483282 -0.061777674
0.4265 -0.06483494 -0.061777733
0.427 -0.06483703 -0.06177775
0.4275 -0.06483909 -0.061777823
0.428 -0.06484113 -0.061777852
0.4285 -0.06484315 -0.061777912
0.429 -0.06484513 -0.061777957
0.4295 -0.06484709 -0.061778
0.43 -0.06484903 -0.061778016
0.4305 -0.06485094 -0.06177806
0.431 -0.06485283 -0.06177809
0.4315 -0.06485469 -0.061778136
0.432 -0.06485653 -0.061778195
0.4325 -0.06485835 -0.06177821
0.433 -0.06486014 -0.061778225
0.4335 -0.06486192 -0.06177824
0.434 -0.06486366 -0.06177827
0.4345 -0.06486539 -0.061778285
0.435 -0.06486709 -0.061778285
0.4355 -0.06486878 -0.061778314
0.436 -0.06487044 -0.06177833
0.4365 -0.06487208 -0.06177833
0.437 -0.0648737 -0.061778344
0.4375 -0.0648753 -0.06177836
0.438 -0.06487687 -0.061778404
0.4385 -0.06487843 -0.06177842
0.439 -0.06487997 -0.061778434
0.4395 -0.06488149 -0.061778463
0.44 -0.06488299 -0.061778493
0.4405 -0.06488447 -0.061778508
0.441 -0.06488593 -0.061778553
0.4415 -0.06488737 -0.061778523
0.442 -0.0648888 -0.061778538
0.4425 -0.06489021 -0.061778568
0.443 -0.0648916 -0.061778583
0.4435 -0.06489297 -0.061778598
0.444 -0.06489432 -0.061778612
0.4445 -0.06489566 -0.061778627
0.445 -0.06489698 -0.061778612
0.4455 -0.06489828 -0.061778627
0.446 -0.06489957 -0.061778612
0.4465 -0.06490084 -0.061778627
0.447 -0.06490209 -0.061778627
0.4475 -0.06490333 -0.061778657
0.448 -0.06490455 -0.061778687
0.4485 -0.06490576 -0.061778687
0.449 -0.06490695 -0.0617787
0.4495 -0.06490813 -0.06177873
0.45 -0.06490929 -0.061778747
0.4505 -0.06491043 -0.061778747
0.451 -0.06491157 -0.061778747
0.4515 -0.06491268 -0.061778776
0.452 -0.06491379 -0.06177879
0.4525 -0.06491488 -0.06177879
0.453 -0.06491595 -0.061778806
0.4535 -0.06491702 -0.06177882
0.454 -0.06491807 -0.061778836
0.4545 -0.0649191 -0.061778836
0.455 -0.06492012 -0.061778836
0.4555 -0.06492113 -0.061778836
0.456 -0.06492213 -0.061778836
0.4565 -0.06492311 -0.061778836
0.457 -0.06492408 -0.061778836
0.4575 -0.06492504 -0.061778836
0.458 -0.06492599 -0.061778836
0.4585 -0.06492693 -0.061778836
0.459 -0.06492785 -0.061778836
0.4595 -0.06492876 -0.061778836
0.46 -0.06492966 -0.061778836
0.4605 -0.06493055 -0.061778836
0.461 -0.06493143 -0.061778836
0.4615 -0.06493229 -0.061778836
0.462 -0.06493315 -0.061778836
0.4625 -0.06493399 -0.061778836
0.463 -0.06493483 -0.061778836
0.4635 -0.06493565 -0.061778836
0.464 -0.06493646 -0.061778836
0.4645 -0.06493726 -0.061778836
0.465 -0.06493806 -0.061778836
0.4655 -0.06493884 -0.061778836
0.466 -0.06493961 -0.061778836
0.4665 -0.06494037 -0.061778836
0.467 -0.06494112 -0.061778836
0.4675 -0.06494187 -0.061778836
0.468 -0.0649426 -0.061778836
0.4685 -0.06494333 -0.061778836
0.469 -0.06494404 -0.061778836
0.4695 -0.06494475 -0.061778836
0.47 -0.06494545 -0.061778836
0.4705 -0.06494613 -0.061778836
0.471 -0.06494681 -0.061778836
0.4715 -0.06494749 -0.061778836
0.472 -0.06494815 -0.061778836
0.4725 -0.0649488 -0.061778836
0.473 -0.06494945 -0.061778836
0.4735 -0.06495009 -0.061778836
0.474 -0.06495072 -0.061778836
0.4745 -0.06495134 -0.061778836
0.475 -0.06495195 -0.061778836
0.4755 -0.06495256 -0.061778836
0.476 -0.06495316 -0.061778836
0.4765 -0.06495375 -0.061778836
0.477 -0.06495433 -0.061778836
0.4775 -0.06495491 -0.061778836
0.478 -0.06495548 -0.061778836
0.4785 -0.06495604 -0.061778836
0.479 -0.06495659 -0.061778836
0.4795 -0.06495714 -0.061778836
0.48 -0.06495768 -0.061778836
0.4805 -0.06495821 -0.061778836
0.481 -0.06495874 -0.061778836
0.4815 -0.06495926 -0.061778836
0.482 -0.06495977 -0.061778836
0.4825 -0.06496028 -0.061778836
0.483 -0.06496078 -0.061778836
0.4835 -0.06496128 -0.061778836
0.484 -0.06496176 -0.061778836
0.4845 -0.06496225 -0.061778836
0.485 -0.06496272 -0.061778836
0.4855 -0.06496319 -0.061778836
0.486 -0.06496366 -0.061778836
0.4865 -0.06496411 -0.061778836
0.487 -0.06496457 -0.061778836
0.4875 -0.06496501 -0.061778836
0.488 -0.06496545 -0.061778836
0.4885 -0.06496589 -0.061778836
0.489 -0.06496632 -0.061778836
0.4895 -0.06496674 -0.061778836
0.49 -0.06496716 -0.061778836
0.4905 -0.06496758 -0.061778836
0.491 -0.06496799 -0.061778836
0.4915 -0.06496839 -0.061778836
0.492 -0.06496879 -0.061778836
0.4925 -0.06496918 -0.061778836
0.493 -0.06496957 -0.061778836
0.4935 -0.06496995 -0.061778836
0.494 -0.06497033 -0.061778836
0.4945 -0.0649707 -0.061778836
0.495 -0.06497107 -0.061778836
0.4955 -0.06497144 -0.061778836
0.496 -0.0649718 -0.061778836
0.4965 -0.06497215 -0.061778836
0.497 -0.0649725 -0.061778836
0.4975 -0.06497285 -0.061778836
0.498 -0.06497319 -0.061778836
0.4985 -0.06497353 -0.061778836
0.499 -0.06497386 -0.061778836
0.4995 -0.06497419 -0.061778836
