0.0 -0.065 0.009322076
0.0005 -0.065 -0.0020812918
0.001 -0.065 -0.013193218
0.0015 -0.065 -0.023212919
0.002 -0.065 -0.03182216
0.0025 -0.065 -0.03897831
0.003 -0.065 -0.044781804
0.0035 -0.065 -0.04939685
0.004 -0.065 -0.053006113
0.0045 -0.065 -0.05578641
0.005 -0.065 -0.05789704
0.0055 -0.065 -0.059475176
0.006 -0.065 -0.060635515
0.0065 -0.065 -0.061471708
0.007 -0.065 -0.062059015
0.0075 -0.065 -0.062457018
0.008 -0.065 -0.06271238
0.0085 -0.065 -0.06286127
0.009 -0.065 -0.06293147
0.0095 -0.065 -0.062944144
0.01 -0.065 -0.06291532
0.0105 -0.065 -0.06285702
0.011 -0.065 -0.06277825
0.0115 -0.065 -0.06268566
0.012 -0.065 -0.0625842
0.0125 -0.065 -0.062477432
0.013 -0.065 -0.062367983
0.0135 -0.065 -0.062257774
0.014 -0.065 -0.06214811
0.0145 -0.065 -0.06203997
0.015 -0.065 -0.06193404
0.0155 -0.065 -0.06183075
0.016 -0.065 -0.061730407
0.0165 -0.065 -0.061633207
0.017 -0.065 -0.061539255
0.0175 -0.065 -0.06144858
0.018 -0.065 -0.061361216
0.0185 -0.065 -0.0612771
0.019 -0.065 -0.061196215
0.0195 -0.065 -0.06111849
0.02 -0.065 -0.06104385
0.0205 -0.065 -0.060972214
0.021 -0.065 -0.060903482
0.0215 -0.065 -0.06083756
0.022 -0.065 -0.06077435
0.0225 -0.065 -0.06071379
0.023 -0.065 -0.060655735
0.0235 -0.065 -0.060600124
0.024 -0.065 -0.060546853
0.0245 -0.065 -0.060495824
0.025 -0.065 -0.060446948
0.0255 -0.065 -0.06040015
0.026 -0.065 -0.060355328
0.0265 -0.065 -0.060312405
0.027 -0.065 -0.0602713
0.0275 -0.065 -0.06023193
0.028 -0.065 -0.060194224
0.0285 -0.065 -0.060158096
0.029 -0.065 -0.060123518
0.0295 -0.065 -0.06009037
0.03 -0.065 -0.060058616
0.0305 -0.065 -0.060028195
0.031 -0.065 -0.05999904
0.0315 -0.065 -0.0599711
0.032 -0.065 -0.0599443
0.0325 -0.065 -0.059918627
0.033 -0.065 -0.05989401
0.0335 -0.065 -0.059870407
0.034 -0.065 -0.059847765
0.0345 -0.065 -0.05982607
0.035 -0.065 -0.059805237
0.0355 -0.065 -0.059785247
0.036 -0.065 -0.059766077
0.0365 -0.065 -0.05974766
0.037 -0.065 -0.05973
0.0375 -0.065 -0.059713043
0.038 -0.065 -0.059696764
0.0385 -0.065 -0.059681147
0.039 -0.065 -0.059666134
0.0395 -0.065 -0.059651725
0.04 -0.065 -0.059637897
0.0405 -0.065 -0.059624597
0.041 -0.065 -0.059611835
0.0415 -0.065 -0.05959957
0.042 -0.065 -0.059587784
0.0425 -0.065 -0.05957645
0.043 -0.065 -0.059565566
0.0435 -0.065 -0.059555106
0.044 -0.065 -0.059545055
0.0445 -0.065 -0.05953539
0.045 -0.065 -0.059526093
0.0455 -0.065 -0.059517153
0.046 -0.065 -0.05950857
0.0465 -0.065 -0.059500307
0.047 -0.065 -0.059492372
0.0475 -0.065 -0.059484728
0.048 -0.065 -0.05947738
0.0485 -0.065 -0.059470333
0.049 -0.065 -0.059463523
0.0495 -0.065 -0.059456997
0.05 -0.065 -0.05945071
0.0505 -0.065 -0.05944466
0.051 -0.065 -0.059438854
0.0515 -0.065 -0.05943325
0.052 -0.065 -0.059427865
0.0525 -0.065 -0.05942268
0.053 -0.065 -0.059417702
0.0535 -0.065 -0.059412904
0.054 -0.065 -0.059408285
0.0545 -0.065 -0.059403837
0.055 -0.065 -0.05939956
0.0555 -0.065 -0.059395447
0.056 -0.065 -0.05939149
0.0565 -0.065 -0.059387676
0.057 -0.065 -0.05938401
0.0575 -0.065 -0.059380464
0.058 -0.065 -0.059377074
0.0585 -0.065 -0.059373803
0.059 -0.065 -0.05937065
0.0595 -0.065 -0.05936762
0.06 -0.065 -0.059364706
0.0605 -0.065 -0.059361897
0.061 -0.065 -0.0593592
0.0615 -0.065 -0.059356578
0.062 -0.065 -0.059354074
0.0625 -0.065 -0.059351675
0.063 -0.065 -0.059349343
0.0635 -0.065 -0.059347115
0.064 -0.065 -0.059344955
0.0645 -0.065 -0.059342884
0.065 -0.065 -0.059340872
0.0655 -0.065 -0.05933895
0.066 -0.065 -0.059337102
0.0665 -0.065 -0.05933532
0.067 -0.065 -0.059333608
0.0675 -0.065 -0.059331954
0.068 -0.065 -0.059330367
0.0685 -0.065 -0.05932883
0.069 -0.065 -0.059327364
0.0695 -0.065 -0.05932594
0.07 -0.065 -0.05932457
0.0705 -0.065 -0.05932326
0.071 -0.065 -0.059321992
0.0715 -0.065 -0.05932077
0.072 -0.065 -0.059319593
0.0725 -0.065 -0.05931846
0.073 -0.065 -0.059317373
0.0735 -0.065 -0.059316322
0.074 -0.065 -0.0593153
0.0745 -0.065 -0.059314333
0.075 -0.065 -0.0593134
0.0755 -0.065 -0.059312485
0.076 -0.065 -0.059311613
0.0765 -0.065 -0.05931078
0.077 -0.065 -0.05930998
0.0775 -0.065 -0.059309207
0.078 -0.065 -0.05930846
0.0785 -0.065 -0.059307747
0.079 -0.065 -0.05930704
0.0795 -0.065 -0.059306383
0.08 -0.065 -0.059305727
0.0805 -0.065 -0.05930511
0.081 -0.065 -0.05930452
0.0815 -0.065 -0.059303947
0.082 -0.065 -0.059303395
0.0825 -0.065 -0.059302866
0.083 -0.065 -0.059302352
0.0835 -0.065 -0.059301853
0.084 -0.065 -0.059301384
0.0845 -0.065 -0.05930092
0.085 -0.065 -0.059300467
0.0855 -0.065 -0.059300043
0.086 -0.065 -0.05929964
0.0865 -0.065 -0.059299245
0.087 -0.065 -0.059298858
0.0875 -0.065 -0.059298493
0.088 -0.065 -0.059298135
0.0885 -0.065 -0.059297808
0.089 -0.065 -0.059297487
0.0895 -0.065 -0.059297167
0.09 -0.065 -0.059296854
0.0905 -0.065 -0.059296563
0.091 -0.065 -0.059296288
0.0915 -0.065 -0.059296004
0.092 -0.065 -0.05929576
0.0925 -0.065 -0.059295513
0.093 -0.065 -0.05929526
0.0935 -0.065 -0.059295036
0.094 -0.065 -0.059294812
0.0945 -0.065 -0.05929459
0.095 -0.065 -0.059294388
0.0955 -0.065 -0.05929418
0.096 -0.065 -0.059293978
0.0965 -0.065 -0.05929379
0.097 -0.065 -0.059293613
0.0975 -0.065 -0.05929345
0.098 -0.065 -0.059293278
0.0985 -0.065 -0.059293114
0.099 -0.065 -0.059292965
0.0995 -0.065 -0.059292816
0.1 -0.065 -0.03720031
0.1005 -0.05205612 -0.025709698
0.101 -0.03678555 -0.019323552
0.1015 -0.02642051 -0.015571887
0.102 -0.01935535 -0.013095314
0.1025 -0.01394585 -0.011112491
0.103 -0.009311454 -0.009184206
0.1035 -0.005023821 -0.0070775244
0.104 -0.0008967279 -0.004683176
0.1045 0.003115461 -0.0019640569
0.105 0.007031527 0.0010755714
0.1055 0.01091859 0.004409468
0.106 0.01480548 0.008000797
0.1065 0.01868723 0.011809086
0.107 0.02255614 0.015793955
0.1075 0.02642019 0.019917404
0.108 0.03027984 0.024145043
0.1085 0.03413009 0.028446143
0.109 0.03796465 0.032793857
0.1095 0.0417781 0.037165172
0.11 0.04556702 0.04154039
0.1105 0.04932908 0.045902915
0.111 0.05306279 0.050238736
0.1115 0.05676717 0.05453644
0.112 0.06044165 0.05878655
0.1125 0.06408584 0.062981345
0.113 0.06769939 0.06711469
0.1135 0.07128201 0.07118181
0.114 0.07483355 0.07517887
0.1145 0.07835392 0.07910312
0.115 0.08184136 0.08295248
0.1155 0.08527853 0.08672572
0.116 0.08867512 0.09042189
0.1165 0.09204577 0.09404085
0.117 0.09539416 0.097582616
0.1175 0.09870711 0.10104752
0.118 0.1019618 0.104436286
0.1185 0.1051808 0.10774965
0.119 0.1083802 0.11098874
0.1195 0.1115629 0.114154704
0.12 0.1147258 0.11724878
0.1205 0.117865 0.120272405
0.121 0.1209769 0.12322695
0.1215 0.1240592 0.12611383
0.122 0.1271103 0.12893462
0.1225 0.1301113 0.13169074
0.123 0.1330368 0.13438377
0.1235 0.1359186 0.1370152
0.124 0.1387853 0.13958657
0.1245 0.1416428 0.14209929
0.125 0.1444868 0.14455482
0.1255 0.1473104 0.14695469
0.126 0.1501074 0.14930028
0.1265 0.1528743 0.151593
0.127 0.1556091 0.15383422
0.1275 0.1583128 0.15602526
0.128 0.1609854 0.15816742
0.1285 0.1636157 0.16026187
0.129 0.1661922 0.16230997
0.1295 0.1687342 0.16431287
0.13 0.1712546 0.16627175
0.1305 0.1737398 0.16818768
0.131 0.1761779 0.17006186
0.1315 0.1785865 0.1718953
0.132 0.1809572 0.1736891
0.1325 0.1832937 0.17544419
0.133 0.1855978 0.1771616
0.1335 0.1878699 0.17884234
0.134 0.1901309 0.18048719
0.1345 0.1923824 0.18209714
0.135 0.1946254 0.18367302
0.1355 0.1968558 0.18521565
0.136 0.1990424 0.18672597
0.1365 0.2011837 0.18820462
0.137 0.2033082 0.18965253
0.1375 0.2054225 0.19107032
0.138 0.207524 0.19245872
0.1385 0.209608 0.19381848
0.139 0.2116695 0.19515023
0.1395 0.2137051 0.19645467
0.14 0.215708 0.19577307
0.1405 0.2047384 0.19471678
0.141 0.1914095 0.1933859
0.1415 0.1829495 0.19184846
0.142 0.1777564 0.19014871
0.1425 0.1741847 0.18831712
0.143 0.1713506 0.18637688
0.1435 0.1688431 0.18434834
0.144 0.1664795 0.18225029
0.1445 0.1641797 0.1801008
0.145 0.1618458 0.17791675
0.1455 0.1593754 0.17571345
0.146 0.1569617 0.17350398
0.1465 0.1546385 0.17129888
0.147 0.1523837 0.16910598
0.1475 0.1501701 0.16693044
0.148 0.1479774 0.1647748
0.1485 0.1457935 0.16263942
0.149 0.143612 0.16052274
0.1495 0.1414303 0.15842159
0.15 0.139248 0.15633188
0.1505 0.1370659 0.1542486
0.151 0.1348853 0.15216637
0.1515 0.1327077 0.15007983
0.152 0.1305347 0.14798379
0.1525 0.1283677 0.14587337
0.153 0.1262079 0.14374435
0.1535 0.1240565 0.14159322
0.154 0.1219145 0.13941716
0.1545 0.1197828 0.13721418
0.155 0.1176622 0.1349832
0.1555 0.1155535 0.13272378
0.156 0.1134572 0.1304363
0.1565 0.1113738 0.12812191
0.157 0.109304 0.1257822
0.1575 0.1072481 0.12341945
0.158 0.1052065 0.12103628
0.1585 0.1031796 0.11863565
0.159 0.1011678 0.11622081
0.1595 0.09917127 0.11379518
0.16 0.09719038 0.11136227
0.1605 0.09522534 0.10892559
0.161 0.09327639 0.10648859
0.1615 0.09134373 0.104054675
0.162 0.08942755 0.101627044
0.1625 0.08752801 0.099208705
0.163 0.08564526 0.09680248
0.1635 0.08377943 0.094410956
0.164 0.08193064 0.0920364
0.1645 0.08009899 0.08968089
0.165 0.07828457 0.08734616
0.1655 0.07648746 0.08503376
0.166 0.07470771 0.08274489
0.1665 0.07294538 0.08048059
0.167 0.0712005 0.07824158
0.1675 0.0694731 0.07602846
0.168 0.06776321 0.07384156
0.1685 0.06607083 0.07168104
0.169 0.06439595 0.06954691
0.1695 0.06273857 0.06743904
0.17 0.06109867 0.06535718
0.1705 0.05947622 0.063300945
0.171 0.05787119 0.06126991
0.1715 0.05628354 0.059263542
0.172 0.05471321 0.057281293
0.1725 0.05316016 0.055322535
0.173 0.05162432 0.05338665
0.1735 0.05010562 0.051473
0.174 0.048604 0.04958094
0.1745 0.04711938 0.04770983
0.175 0.04565167 0.04585906
0.1755 0.04420078 0.044028036
0.176 0.04276663 0.04221621
0.1765 0.04134912 0.04042305
0.177 0.03994815 0.03864806
0.1775 0.03856362 0.03689079
0.178 0.03719543 0.03515084
0.1785 0.03584345 0.033427857
0.179 0.03450758 0.031721517
0.1795 0.03318771 0.03003156
0.18 0.03188372 0.028357754
0.1805 0.03059548 0.026699914
0.181 0.02932288 0.025057888
0.1815 0.02806579 0.023431586
0.182 0.02682409 0.02182092
0.1825 0.02559764 0.02022588
0.183 0.02438633 0.018646454
0.1835 0.02319 0.017082682
0.184 0.02200855 0.015534604
0.1845 0.02084183 0.014002306
0.185 0.0196897 0.012485908
0.1855 0.01855204 0.010985507
0.186 0.01742871 0.009501262
0.1865 0.01631956 0.008033311
0.187 0.01522447 0.0065818112
0.1875 0.0141433 0.0051469486
0.188 0.01307591 0.0037289057
0.1885 0.01202215 0.0023278538
0.189 0.0109819 0.0009439979
0.1895 0.009955014 -0.0004224945
0.19 0.008941351 -0.0017714258
0.1905 0.007940774 -0.0031026062
0.191 0.006953146 -0.0044158567
0.1915 0.005978327 -0.005711006
0.192 0.00501618 -0.0069878716
0.1925 0.004066567 -0.008246308
0.193 0.003129351 -0.009486159
0.1935 0.002204395 -0.0107072685
0.194 0.001291563 -0.01190952
0.1945 0.0003907173 -0.0130927805
0.195 -0.0004982762 -0.014256956
0.1955 -0.001375553 -0.0154019315
0.196 -0.002241246 -0.01652764
0.1965 -0.00309549 -0.017634006
0.197 -0.003938418 -0.018720979
0.1975 -0.004770161 -0.019788506
0.198 -0.005590852 -0.020836579
0.1985 -0.006400619 -0.021865176
0.199 -0.007199594 -0.022874298
0.1995 -0.007987905 -0.023863962
0.2 -0.008765679 -0.024834195
0.2005 -0.009533045 -0.025785042
0.201 -0.01029013 -0.026716596
0.2015 -0.01103705 -0.027628886
0.202 -0.01177394 -0.02852202
0.2025 -0.01250092 -0.029396111
0.203 -0.01321812 -0.030251255
0.2035 -0.01392564 -0.031087575
0.204 -0.01462362 -0.031905226
0.2045 -0.01531217 -0.03270436
0.205 -0.01599141 -0.033485122
0.2055 -0.01666146 -0.034247696
0.206 -0.01732243 -0.034992278
0.2065 -0.01797444 -0.035719037
0.207 -0.0186176 -0.036428183
0.2075 -0.01925203 -0.037119947
0.208 -0.01987783 -0.03779453
0.2085 -0.02049512 -0.038452156
0.209 -0.021104 -0.039093085
0.2095 -0.02170459 -0.039717533
0.21 -0.022297 -0.04032576
0.2105 -0.02288131 -0.040918022
0.211 -0.02345766 -0.041494556
0.2115 -0.02402613 -0.042055666
0.212 -0.02458682 -0.042601593
0.2125 -0.02513985 -0.043132596
0.213 -0.02568532 -0.04364895
0.2135 -0.02622331 -0.044150956
0.214 -0.02675393 -0.04463888
0.2145 -0.02727728 -0.045112982
0.215 -0.02779346 -0.045573555
0.2155 -0.02830255 -0.046020888
0.216 -0.02880465 -0.046455257
0.2165 -0.02929986 -0.04687693
0.217 -0.02978827 -0.047286212
0.2175 -0.03026996 -0.04768335
0.218 -0.03074503 -0.04806865
0.2185 -0.03121357 -0.048442364
0.219 -0.03167566 -0.04880479
0.2195 -0.0321314 -0.04915619
0.22 -0.03258086 -0.049496822
0.2205 -0.03302413 -0.049826972
0.221 -0.0334613 -0.050146878
0.2215 -0.03389244 -0.050456837
0.222 -0.03431764 -0.05075708
0.2225 -0.03473698 -0.051047884
0.223 -0.03515054 -0.05132947
0.2235 -0.03555839 -0.051602103
0.224 -0.03596062 -0.051866025
0.2245 -0.0363573 -0.052121468
0.225 -0.03674851 -0.052368686
0.2255 -0.03713432 -0.05260787
0.226 -0.0375148 -0.05283931
0.2265 -0.03789004 -0.05306316
0.227 -0.03826009 -0.053279683
0.2275 -0.03862503 -0.05348905
0.228 -0.03898494 -0.05369152
0.2285 -0.03933987 -0.053887293
0.229 -0.0396899 -0.05407653
0.2295 -0.0400351 -0.05425944
0.23 -0.04037553 -0.054436237
0.2305 -0.04071125 -0.05460707
0.231 -0.04104234 -0.05477216
0.2315 -0.04136886 -0.054931663
0.232 -0.04169086 -0.055085756
0.2325 -0.04200842 -0.05523461
0.233 -0.04232159 -0.055378377
0.2335 -0.04263043 -0.055517234
0.234 -0.042935 -0.055651337
0.2345 -0.04323537 -0.05578082
0.235 -0.04353159 -0.05590585
0.2355 -0.04382372 -0.056026563
0.236 -0.04411181 -0.056143098
0.2365 -0.04439592 -0.056255594
0.237 -0.04467611 -0.05636418
0.2375 -0.04495243 -0.056468986
0.238 -0.04522493 -0.056570143
0.2385 -0.04549368 -0.056667753
0.239 -0.0457587 -0.056761943
0.2395 -0.04602008 -0.056852825
0.24 -0.04627784 -0.056940526
0.2405 -0.04653204 -0.057025142
0.241 -0.04678274 -0.057106756
0.2415 -0.04702997 -0.057185516
0.242 -0.0472738 -0.05726146
0.2425 -0.04751426 -0.057334736
0.243 -0.0477514 -0.057405405
0.2435 -0.04798527 -0.057473555
0.244 -0.04821592 -0.057539307
0.2445 -0.04844338 -0.057602696
0.245 -0.04866771 -0.057663836
0.2455 -0.04888895 -0.057722785
0.246 -0.04910713 -0.057779647
0.2465 -0.04932231 -0.057834454
0.247 -0.04953453 -0.05788731
0.2475 -0.04974382 -0.05793827
0.248 -0.04995023 -0.0579874
0.2485 -0.05015379 -0.05803477
0.249 -0.05035455 -0.058080435
0.2495 -0.05055255 -0.058124445
0.25 -0.05074783 -0.058166884
0.2505 -0.05094041 -0.058207802
0.251 -0.05113035 -0.05824723
0.2515 -0.05131767 -0.058285236
0.252 -0.05150242 -0.05832187
0.2525 -0.05168462 -0.05835718
0.253 -0.05186432 -0.058391213
0.2535 -0.05204156 -0.05842401
0.254 -0.05221635 -0.058455624
0.2545 -0.05238874 -0.058486097
0.255 -0.05255877 -0.058515467
0.2555 -0.05272646 -0.058543764
0.256 -0.05289185 -0.058571033
0.2565 -0.05305497 -0.058597304
0.257 -0.05321585 -0.058622636
0.2575 -0.05337452 -0.058647044
0.258 -0.05353101 -0.058670558
0.2585 -0.05368536 -0.058693223
0.259 -0.0538376 -0.058715053
0.2595 -0.05398774 -0.058736086
0.26 -0.05413583 -0.05875635
0.2605 -0.05428189 -0.058775894
0.261 -0.05442595 -0.0587947
0.2615 -0.05456803 -0.05881284
0.262 -0.05470818 -0.058830313
0.2625 -0.0548464 -0.058847144
0.263 -0.05498273 -0.058863364
0.2635 -0.05511719 -0.058878988
0.264 -0.05524982 -0.05889404
0.2645 -0.05538063 -0.05890856
0.265 -0.05550966 -0.05892252
0.2655 -0.05563692 -0.058935985
0.266 -0.05576244 -0.05894894
0.2665 -0.05588625 -0.058961444
0.267 -0.05600837 -0.058973484
0.2675 -0.05612882 -0.058985077
0.268 -0.05624763 -0.058996253
0.2685 -0.05636481 -0.05900701
0.269 -0.0564804 -0.059017375
0.2695 -0.05659441 -0.05902735
0.27 -0.05670686 -0.059036992
0.2705 -0.05681779 -0.059046246
0.271 -0.0569272 -0.05905518
0.2715 -0.05703512 -0.059063785
0.272 -0.05714157 -0.05907207
0.2725 -0.05724657 -0.059080042
0.273 -0.05735015 -0.05908774
0.2735 -0.05745231 -0.059095137
0.274 -0.05755308 -0.059102274
0.2745 -0.05765248 -0.05910916
0.275 -0.05775054 -0.059115775
0.2755 -0.05784725 -0.059122145
0.276 -0.05794266 -0.059128277
0.2765 -0.05803677 -0.059134208
0.277 -0.0581296 -0.0591399
0.2775 -0.05822117 -0.059145384
0.278 -0.05831149 -0.05915068
0.2785 -0.05840059 -0.059155755
0.279 -0.05848849 -0.059160672
0.2795 -0.05857519 -0.059165396
0.28 -0.05866071 -0.059169948
0.2805 -0.05874507 -0.05917432
0.281 -0.0588283 -0.05917856
0.2815 -0.05891039 -0.05918262
0.282 -0.05899137 -0.05918654
0.2825 -0.05907126 -0.05919031
0.283 -0.05915006 -0.059193946
0.2835 -0.0592278 -0.05919744
0.284 -0.05930449 -0.05920081
0.2845 -0.05938014 -0.059204064
0.285 -0.05945477 -0.059207186
0.2855 -0.05952838 -0.059210196
0.286 -0.05960101 -0.059213094
0.2865 -0.05967265 -0.05921589
0.287 -0.05974332 -0.059218585
0.2875 -0.05981304 -0.059221186
0.288 -0.05988182 -0.05922368
0.2885 -0.05994967 -0.05922608
0.289 -0.06001661 -0.059228413
0.2895 -0.06008264 -0.05923064
0.29 -0.06014778 -0.059232794
0.2905 -0.06021205 -0.059234865
0.291 -0.06027545 -0.05923686
0.2915 -0.06033799 -0.059238777
0.292 -0.06039969 -0.05924063
0.2925 -0.06046057 -0.059242405
0.293 -0.06052062 -0.05924412
0.2935 -0.06057986 -0.059245765
0.294 -0.06063831 -0.059247352
0.2945 -0.06069597 -0.059248887
0.295 -0.06075285 -0.059250362
0.2955 -0.06080898 -0.059251785
0.296 -0.06086434 -0.059253156
0.2965 -0.06091897 -0.059254467
0.297 -0.06097285 -0.05925575
0.2975 -0.06102602 -0.05925698
0.298 -0.06107847 -0.059258148
0.2985 -0.06113022 -0.059259273
0.299 -0.06118127 -0.05926039
0.2995 -0.06123164 -0.05926144
0.3 -0.06128134 -0.059262455
0.3005 -0.06133036 -0.05926343
0.301 -0.06137874 -0.05926437
0.3015 -0.06142646 -0.05926528
0.302 -0.06147354 -0.05926615
0.3025 -0.06151999 -0.059266984
0.303 -0.06156582 -0.059267797
0.3035 -0.06161104 -0.05926857
0.304 -0.06165566 -0.059269324
0.3045 -0.06169967 -0.059270054
0.305 -0.0617431 -0.059270754
0.3055 -0.06178594 -0.059271418
0.306 -0.06182822 -0.059272066
0.3065 -0.06186993 -0.059272684
0.307 -0.06191108 -0.059273288
0.3075 -0.06195168 -0.05927386
0.308 -0.06199174 -0.059274435
0.3085 -0.06203127 -0.059274957
0.309 -0.06207027 -0.059275478
0.3095 -0.06210874 -0.05927597
0.31 -0.06214671 -0.05927646
0.3105 -0.06218417 -0.059276916
0.311 -0.06222112 -0.059277356
0.3115 -0.06225759 -0.059277788
0.312 -0.06229357 -0.059278198
0.3125 -0.06232907 -0.059278585
0.313 -0.0623641 -0.059278987
0.3135 -0.06239866 -0.059279345
0.314 -0.06243276 -0.059279695
0.3145 -0.06246641 -0.059280038
0.315 -0.06249961 -0.05928036
0.3155 -0.06253237 -0.059280686
0.316 -0.0625647 -0.059281
0.3165 -0.06259659 -0.059281282
0.317 -0.06262806 -0.059281565
0.3175 -0.06265911 -0.05928184
0.318 -0.06268975 -0.05928211
0.3185 -0.06271998 -0.059282355
0.319 -0.06274981 -0.05928261
0.3195 -0.06277925 -0.05928284
0.32 -0.06280829 -0.059283055
0.3205 -0.06283695 -0.059283264
0.321 -0.06286523 -0.059283473
0.3215 -0.06289313 -0.05928368
0.322 -0.06292067 -0.059283875
0.3225 -0.06294784 -0.05928407
0.323 -0.06297465 -0.059284247
0.3235 -0.0630011 -0.059284426
0.324 -0.0630272 -0.059284583
0.3245 -0.06305296 -0.059284747
0.325 -0.06307838 -0.059284896
0.3255 -0.06310346 -0.05928506
0.326 -0.0631282 -0.059285194
0.3265 -0.06315263 -0.059285328
0.327 -0.06317672 -0.05928547
0.3275 -0.0632005 -0.059285603
0.328 -0.06322397 -0.059285738
0.3285 -0.06324712 -0.059285857
0.329 -0.06326997 -0.059285976
0.3295 -0.06329252 -0.05928608
0.33 -0.06331477 -0.059286177
0.3305 -0.06333672 -0.05928628
0.331 -0.06335839 -0.059286386
0.3315 -0.06337977 -0.059286468
0.332 -0.06340086 -0.059286565
0.3325 -0.06342168 -0.059286647
0.333 -0.06344223 -0.059286736
0.3335 -0.0634625 -0.059286818
0.334 -0.06348251 -0.0592869
0.3345 -0.06350225 -0.05928698
0.335 -0.06352173 -0.05928705
0.3355 -0.06354096 -0.059287123
0.336 -0.06355993 -0.059287183
0.3365 -0.06357865 -0.05928725
0.337 -0.06359713 -0.059287317
0.3375 -0.06361536 -0.059287377
0.338 -0.06363335 -0.059287436
0.3385 -0.06365111 -0.059287496
0.339 -0.06366863 -0.05928754
0.3395 -0.06368592 -0.0592876
0.34 -0.06370299 -0.059287645
0.3405 -0.06371983 -0.059287697
0.341 -0.06373645 -0.05928774
0.3415 -0.06375285 -0.05928778
0.342 -0.06376903 -0.05928783
0.3425 -0.06378501 -0.05928786
0.343 -0.06380077 -0.0592879
0.3435 -0.06381632 -0.059287943
0.344 -0.06383168 -0.05928798
0.3445 -0.06384683 -0.059288017
0.345 -0.06386178 -0.059288047
0.3455 -0.06387653 -0.059288085
0.346 -0.06389109 -0.059288114
0.3465 -0.06390546 -0.059288144
0.347 -0.06391965 -0.059288174
0.3475 -0.06393364 -0.05928821
0.348 -0.06394745 -0.059288234
0.3485 -0.06396109 -0.059288256
0.349 -0.06397454 -0.059288286
0.3495 -0.06398782 -0.059288315
0.35 -0.06400092 -0.05928833
0.3505 -0.06401385 -0.059288353
0.351 -0.06402661 -0.059288375
0.3515 -0.06403921 -0.059288405
0.352 -0.06405164 -0.059288427
0.3525 -0.0640639 -0.059288435
0.353 -0.06407601 -0.05928845
0.3535 -0.06408796 -0.05928848
0.354 -0.06409975 -0.059288494
0.3545 -0.06411139 -0.05928851
0.355 -0.06412288 -0.05928854
0.3555 -0.06413421 -0.059288554
0.356 -0.0641454 -0.05928856
0.3565 -0.06415644 -0.059288576
0.357 -0.06416734 -0.059288584
0.3575 -0.0641781 -0.059288606
0.358 -0.06418871 -0.05928863
0.3585 -0.06419919 -0.059288636
0.359 -0.06420953 -0.059288636
0.3595 -0.06421973 -0.05928866
0.36 -0.0642298 -0.059288673
0.3605 -0.06423974 -0.05928868
0.361 -0.06424955 -0.059288688
0.3615 -0.06425924 -0.059288695
0.362 -0.06426879 -0.05928871
0.3625 -0.06427822 -0.05928871
0.363 -0.06428753 -0.059288718
0.3635 -0.06429672 -0.059288733
0.364 -0.06430579 -0.05928874
0.3645 -0.06431474 -0.059288733
0.365 -0.06432357 -0.05928874
0.3655 -0.06433229 -0.059288755
0.366 -0.06434089 -0.059288763
0.3665 -0.06434939 -0.059288777
0.367 -0.06435777 -0.059288777
0.3675 -0.06436604 -0.059288785
0.368 -0.06437421 -0.059288785
0.3685 -0.06438227 -0.059288807
0.369 -0.06439022 -0.059288807
0.3695 -0.06439807 -0.059288822
0.37 -0.06440582 -0.059288822
0.3705 -0.06441347 -0.059288822
0.371 -0.06442102 -0.059288837
0.3715 -0.06442847 -0.059288837
0.372 -0.06443582 -0.059288837
0.3725 -0.06444308 -0.059288837
0.373 -0.06445025 -0.059288844
0.3735 -0.06445732 -0.059288844
0.374 -0.0644643 -0.059288837
0.3745 -0.06447118 -0.059288837
0.375 -0.06447798 -0.059288852
0.3755 -0.06448469 -0.059288852
0.376 -0.06449132 -0.059288852
0.3765 -0.06449786 -0.059288852
0.377 -0.06450431 -0.05928886
0.3775 -0.06451068 -0.059288867
0.378 -0.06451697 -0.059288874
0.3785 -0.06452317 -0.05928888
0.379 -0.0645293 -0.05928888
0.3795 -0.06453534 -0.05928888
0.38 -0.06454131 -0.05928889
0.3805 -0.0645472 -0.059288897
0.381 -0.06455301 -0.059288897
0.3815 -0.06455875 -0.059288897
0.382 -0.06456441 -0.059288897
0.3825 -0.06457 -0.059288904
0.383 -0.06457552 -0.059288904
0.3835 -0.06458097 -0.059288904
0.384 -0.06458634 -0.059288904
0.3845 -0.06459165 -0.059288904
0.385 -0.06459689 -0.059288904
0.3855 -0.06460206 -0.059288904
0.386 -0.06460716 -0.059288904
0.3865 -0.0646122 -0.05928891
0.387 -0.06461717 -0.05928891
0.3875 -0.06462208 -0.05928891
0.388 -0.06462692 -0.05928891
0.3885 -0.06463171 -0.05928891
0.389 -0.06463643 -0.05928891
0.3895 -0.06464109 -0.05928891
0.39 -0.06464568 -0.05928891
0.3905 -0.06465022 -0.05928891
0.391 -0.0646547 -0.059288904
0.3915 -0.06465913 -0.05928892
0.392 -0.06466349 -0.05928892
0.3925 -0.0646678 -0.059288934
0.393 -0.06467206 -0.059288934
0.3935 -0.06467625 -0.059288934
0.394 -0.0646804 -0.05928894
0.3945 -0.06468449 -0.05928894
0.395 -0.06468853 -0.05928894
0.3955 -0.06469252 -0.059288934
0.396 -0.06469645 -0.059288934
0.3965 -0.06470033 -0.059288934
0.397 -0.06470417 -0.059288934
0.3975 -0.06470795 -0.059288934
0.398 -0.06471169 -0.059288934
0.3985 -0.06471538 -0.059288934
0.399 -0.06471902 -0.059288934
0.3995 -0.06472261 -0.059288934
0.4 -0.06472616 -0.059288934
0.4005 -0.06472966 -0.059288934
0.401 -0.06473311 -0.059288934
0.4015 -0.06473652 -0.059288934
0.402 -0.06473989 -0.059288934
0.4025 -0.06474322 -0.059288934
0.403 -0.0647465 -0.059288934
0.4035 -0.06474974 -0.059288934
0.404 -0.06475293 -0.059288934
0.4045 -0.06475609 -0.059288934
0.405 -0.06475921 -0.059288934
0.4055 -0.06476228 -0.059288934
0.406 -0.06476532 -0.059288934
0.4065 -0.06476832 -0.059288934
0.407 -0.06477127 -0.059288934
0.4075 -0.06477419 -0.059288934
0.408 -0.06477708 -0.059288934
0.4085 -0.06477992 -0.059288934
0.409 -0.06478273 -0.059288934
0.4095 -0.0647855 -0.059288934
0.41 -0.06478824 -0.059288934
0.4105 -0.06479094 -0.059288934
0.411 -0.06479361 -0.059288934
0.4115 -0.06479625 -0.059288934
0.412 -0.06479884 -0.059288934
0.4125 -0.06480141 -0.059288934
0.413 -0.06480394 -0.059288934
0.4135 -0.06480644 -0.059288934
0.414 -0.06480891 -0.059288934
0.4145 -0.06481135 -0.059288934
0.415 -0.06481375 -0.059288934
0.4155 -0.06481613 -0.059288934
0.416 -0.06481847 -0.059288934
0.4165 -0.06482079 -0.059288934
0.417 -0.06482307 -0.059288934
0.4175 -0.06482533 -0.059288934
0.418 -0.06482755 -0.059288934
0.4185 -0.06482975 -0.059288934
0.419 -0.06483192 -0.059288934
0.4195 -0.06483406 -0.059288934
0.42 -0.06483617 -0.059288934
0.4205 -0.06483826 -0.059288934
0.421 -0.06484032 -0.059288934
0.4215 -0.06484236 -0.059288934
0.422 -0.06484436 -0.059288934
0.4225 -0.06484635 -0.059288934
0.423 -0.0648483 -0.059288934
0.4235 -0.06485023 -0.059288934
0.424 -0.06485214 -0.059288934
0.4245 -0.06485402 -0.059288934
0.425 -0.06485588 -0.059288934
0.4255 -0.06485771 -0.059288934
0.426 -0.06485953 -0.059288934
0.4265 -0.06486131 -0.059288934
0.427 -0.06486308 -0.059288934
0.4275 -0.06486482 -0.059288934
0.428 -0.06486654 -0.059288934
0.4285 -0.06486824 -0.059288934
0.429 -0.06486991 -0.059288934
0.4295 -0.06487157 -0.059288934
0.43 -0.0648732 -0.059288934
0.4305 -0.06487481 -0.059288934
0.431 -0.06487641 -0.059288934
0.4315 -0.06487798 -0.059288934
0.432 -0.06487953 -0.059288934
0.4325 -0.06488106 -0.059288934
0.433 -0.06488257 -0.059288934
0.4335 -0.06488407 -0.059288934
0.434 -0.06488554 -0.059288934
0.4345 -0.06488699 -0.059288934
0.435 -0.06488843 -0.059288934
0.4355 -0.06488985 -0.059288934
0.436 -0.06489125 -0.059288934
0.4365 -0.06489263 -0.059288934
0.437 -0.06489399 -0.059288934
0.4375 -0.06489534 -0.059288934
0.438 -0.06489667 -0.059288934
0.4385 -0.06489798 -0.059288934
0.439 -0.06489928 -0.059288934
0.4395 -0.06490056 -0.059288934
0.44 -0.06490182 -0.059288934
0.4405 -0.06490307 -0.059288934
0.441 -0.0649043 -0.059288934
0.4415 -0.06490551 -0.059288934
0.442 -0.06490671 -0.059288934
0.4425 -0.0649079 -0.059288934
0.443 -0.06490907 -0.059288934
0.4435 -0.06491022 -0.059288934
0.444 -0.06491136 -0.059288934
0.4445 -0.06491249 -0.059288934
0.445 -0.0649136 -0.059288934
0.4455 -0.06491469 -0.059288934
0.446 -0.06491578 -0.059288934
0.4465 -0.06491684 -0.059288934
0.447 -0.0649179 -0.059288934
0.4475 -0.06491894 -0.059288934
0.448 -0.06491997 -0.059288934
0.4485 -0.06492098 -0.059288934
0.449 -0.06492199 -0.059288934
0.4495 -0.06492298 -0.059288934
0.45 -0.06492395 -0.059288934
0.4505 -0.06492492 -0.059288934
0.451 -0.06492587 -0.059288934
0.4515 -0.06492681 -0.059288934
0.452 -0.06492774 -0.059288934
0.4525 -0.06492865 -0.059288934
0.453 -0.06492956 -0.059288934
0.4535 -0.06493045 -0.059288934
0.454 -0.06493133 -0.059288934
0.4545 -0.0649322 -0.059288934
0.455 -0.06493306 -0.059288934
0.4555 -0.06493391 -0.059288934
0.456 -0.06493475 -0.059288934
0.4565 -0.06493558 -0.059288934
0.457 -0.06493639 -0.059288934
0.4575 -0.0649372 -0.059288934
0.458 -0.06493799 -0.059288934
0.4585 -0.06493878 -0.059288934
0.459 -0.06493955 -0.059288934
0.4595 -0.06494032 -0.059288934
0.46 -0.06494108 -0.059288934
0.4605 -0.06494182 -0.059288934
0.461 -0.06494256 -0.059288934
0.4615 -0.06494329 -0.059288934
0.462 -0.064944 -0.059288934
0.4625 -0.06494471 -0.059288934
0.463 -0.06494541 -0.059288934
0.4635 -0.0649461 -0.059288934
0.464 -0.06494679 -0.059288934
0.4645 -0.06494746 -0.059288934
0.465 -0.06494813 -0.059288934
0.4655 -0.06494878 -0.059288934
0.466 -0.06494943 -0.059288934
0.4665 -0.06495007 -0.059288934
0.467 -0.0649507 -0.059288934
0.4675 -0.06495133 -0.059288934
0.468 -0.06495194 -0.059288934
0.4685 -0.06495255 -0.059288934
0.469 -0.06495315 -0.059288934
0.4695 -0.06495374 -0.059288934
0.47 -0.06495433 -0.059288934
0.4705 -0.06495491 -0.059288934
0.471 -0.06495548 -0.059288934
0.4715 -0.06495604 -0.059288934
0.472 -0.0649566 -0.059288934
0.4725 -0.06495714 -0.059288934
0.473 -0.06495769 -0.059288934
0.4735 -0.06495822 -0.059288934
0.474 -0.06495875 -0.059288934
0.4745 -0.06495927 -0.059288934
0.475 -0.06495979 -0.059288934
0.4755 -0.0649603 -0.059288934
0.476 -0.0649608 -0.059288934
0.4765 -0.06496129 -0.059288934
0.477 -0.06496178 -0.059288934
0.4775 -0.06496227 -0.059288934
0.478 -0.06496274 -0.059288934
0.4785 -0.06496321 -0.059288934
0.479 -0.06496368 -0.059288934
0.4795 -0.06496414 -0.059288934
0.48 -0.06496459 -0.059288934
0.4805 -0.06496504 -0.059288934
0.481 -0.06496548 -0.059288934
0.4815 -0.06496592 -0.059288934
0.482 -0.06496635 -0.059288934
0.4825 -0.06496677 -0.059288934
0.483 -0.06496719 -0.059288934
0.4835 -0.06496761 -0.059288934
0.484 -0.06496801 -0.059288934
0.4845 -0.06496842 -0.059288934
0.485 -0.06496882 -0.059288934
0.4855 -0.06496921 -0.059288934
0.486 -0.0649696 -0.059288934
0.4865 -0.06496998 -0.059288934
0.487 -0.06497036 -0.059288934
0.4875 -0.06497074 -0.059288934
0.488 -0.06497111 -0.059288934
0.4885 -0.06497147 -0.059288934
0.489 -0.06497183 -0.059288934
0.4895 -0.06497219 -0.059288934
0.49 -0.06497254 -0.059288934
0.4905 -0.06497289 -0.059288934
0.491 -0.06497323 -0.059288934
0.4915 -0.06497357 -0.059288934
0.492 -0.0649739 -0.059288934
0.4925 -0.06497423 -0.059288934
0.493 -0.06497455 -0.059288934
0.4935 -0.06497488 -0.059288934
0.494 -0.06497519 -0.059288934
0.4945 -0.06497551 -0.059288934
0.495 -0.06497581 -0.059288934
0.4955 -0.06497612 -0.059288934
0.496 -0.06497642 -0.059288934
0.4965 -0.06497672 -0.059288934
0.497 -0.06497701 -0.059288934
0.4975 -0.0649773 -0.059288934
0.498 -0.06497759 -0.059288934
0.4985 -0.06497787 -0.059288934
0.499 -0.06497815 -0.059288934
0.4995 -0.06497843 -0.059288934
