0.0 -0.065 0.010531584
0.0005 -0.06343026 -5.50393e-05
0.001 -0.06025506 -0.010667795
0.0015 -0.05748607 -0.020537207
0.002 -0.05531604 -0.029306704
0.0025 -0.05351572 -0.036836334
0.003 -0.05189973 -0.043108247
0.0035 -0.05036657 -0.048174806
0.004 -0.04886687 -0.052127652
0.0045 -0.04737992 -0.055077724
0.005 -0.04589989 -0.057142578
0.0055 -0.04441918 -0.058438115
0.006 -0.04293421 -0.0590738
0.0065 -0.04144672 -0.059150033
0.007 -0.03995793 -0.058756866
0.0075 -0.03846594 -0.05797366
0.008 -0.03697163 -0.056869708
0.0085 -0.03547501 -0.055504628
0.009 -0.03397749 -0.0539295
0.0095 -0.03247902 -0.05218766
0.01 -0.03097778 -0.05031579
0.0105 -0.0294737 -0.048344426
0.011 -0.02796798 -0.04629933
0.0115 -0.0264622 -0.044201754
0.012 -0.02495787 -0.042069368
0.0125 -0.02345622 -0.039916568
0.013 -0.02195782 -0.037755333
0.0135 -0.02046329 -0.03559526
0.014 -0.01897359 -0.033444278
0.0145 -0.01748973 -0.031308554
0.015 -0.01601247 -0.029193098
0.0155 -0.01454236 -0.027101869
0.016 -0.01307976 -0.02503788
0.0165 -0.01162498 -0.023003513
0.017 -0.01017848 -0.02100047
0.0175 -0.008744425 -0.01902997
0.018 -0.007330421 -0.017092908
0.0185 -0.005927829 -0.015189761
0.019 -0.004530719 -0.013320679
0.0195 -0.003137911 -0.011485839
0.02 -0.001750348 -0.009685004
0.0205 -0.0003694855 -0.007917905
0.021 0.001003267 -0.0061842445
0.0215 0.002366953 -0.0044833664
0.022 0.003720857 -0.0028149132
0.0225 0.005064517 -0.0011783186
0.023 0.006397594 0.00042722188
0.0235 0.007719885 0.0020021852
0.024 0.009031247 0.0035472866
0.0245 0.01033156 0.005063152
0.025 0.01162072 0.0065504964
0.0255 0.01289853 0.008009886
0.026 0.01415307 0.009442067
0.0265 0.01538016 0.0108476635
0.027 0.01659441 0.012227362
0.0275 0.0178034 0.013581639
0.028 0.01900835 0.014911359
0.0285 0.02020788 0.01621685
0.029 0.02140013 0.017498886
0.0295 0.02258355 0.018757945
0.03 0.023757 0.019994592
0.0305 0.02491973 0.021209484
0.031 0.02607128 0.022402948
0.0315 0.02721138 0.023575699
0.032 0.02833987 0.024728095
0.0325 0.02945491 0.025860673
0.033 0.03054891 0.02697385
0.0335 0.03162184 0.02806813
0.034 0.0326831 0.029143875
0.0345 0.0337377 0.03020162
0.035 0.03478647 0.03124172
0.0355 0.03582835 0.03226451
0.036 0.03685945 0.033270575
0.0365 0.0378714 0.03426007
0.037 0.03886953 0.035233505
0.0375 0.03985938 0.036191173
0.038 0.04084244 0.037133433
0.0385 0.04181811 0.038060643
0.039 0.04278527 0.0389731
0.0395 0.04374293 0.039871164
0.04 0.04469041 0.04075504
0.0405 0.04562693 0.04162512
0.041 0.04654698 0.042481758
0.0415 0.04745079 0.043325074
0.042 0.04834338 0.044155367
0.0425 0.04922748 0.044973023
0.043 0.05010362 0.045778222
0.0435 0.05097136 0.046571203
0.044 0.05181879 0.04735226
0.0445 0.05264825 0.04812164
0.045 0.05347274 0.04887948
0.0455 0.05429432 0.04962606
0.046 0.05511139 0.05036164
0.0465 0.05592198 0.051086403
0.047 0.05672454 0.051800497
0.0475 0.05751808 0.05250422
0.048 0.05830212 0.05319772
0.0485 0.05907648 0.053881235
0.049 0.05984112 0.054554887
0.0495 0.06059607 0.055218883
0.05 0.06134142 0.05587346
0.0505 0.06207728 0.05651868
0.051 0.06280377 0.05715484
0.0515 0.06352105 0.05778206
0.052 0.06422921 0.05840046
0.0525 0.06492839 0.059010215
0.053 0.06561855 0.059611477
0.0535 0.06629959 0.060204484
0.054 0.06697171 0.060789205
0.0545 0.06763516 0.06136597
0.055 0.06828684 0.061934777
0.0555 0.06892642 0.062495805
0.056 0.0695583 0.063049294
0.0565 0.07018429 0.06359527
0.057 0.07080445 0.0641338
0.0575 0.07141827 0.064665176
0.058 0.07202522 0.06518943
0.0585 0.07262492 0.06570662
0.059 0.07321714 0.06621698
0.0595 0.0738014 0.06672055
0.06 0.07437755 0.06721745
0.0605 0.07494596 0.067707814
0.061 0.07550704 0.068191774
0.0615 0.07606104 0.06866933
0.062 0.07660806 0.06914071
0.0625 0.0771481 0.069605954
0.063 0.07768051 0.07006515
0.0635 0.07820512 0.07051838
0.064 0.07872181 0.070965804
0.0645 0.07923007 0.071407504
0.065 0.07973048 0.07184348
0.0655 0.08022408 0.07227392
0.066 0.08071162 0.0726989
0.0665 0.08119354 0.073118486
0.067 0.08166998 0.07353274
0.0675 0.08214094 0.073941745
0.068 0.08260638 0.074345596
0.0685 0.08306624 0.07474438
0.069 0.08351986 0.07513819
0.0695 0.08395874 0.07552702
0.07 0.08438355 0.07591108
0.0705 0.08480171 0.07629038
0.071 0.08521532 0.07666496
0.0715 0.08562292 0.07703481
0.072 0.08602587 0.077400185
0.0725 0.086418 0.07776106
0.073 0.0868053 0.07811753
0.0735 0.08719325 0.07846958
0.074 0.08758267 0.078817256
0.0745 0.08797218 0.07916082
0.075 0.08836001 0.079500176
0.0755 0.08874474 0.07983533
0.076 0.08912538 0.0801665
0.0765 0.08950135 0.08049361
0.077 0.08987235 0.08081684
0.0775 0.09023824 0.081136145
0.078 0.09059902 0.08145163
0.0785 0.09095471 0.081763335
0.079 0.09130541 0.08207131
0.0795 0.0916512 0.08237562
0.08 0.09199218 0.08267633
0.0805 0.09232845 0.08297352
0.081 0.09266011 0.08326713
0.0815 0.09298723 0.083557226
0.082 0.09330991 0.083843924
0.0825 0.09362805 0.084127285
0.083 0.09394055 0.08440725
0.0835 0.0942388 0.08468396
0.084 0.09452599 0.08495743
0.0845 0.09481056 0.085227646
0.085 0.09509524 0.085494794
0.0855 0.09537668 0.08575872
0.086 0.09565679 0.08601967
0.0865 0.09593617 0.08627749
0.087 0.09621428 0.08653236
0.0875 0.09649044 0.08678431
0.088 0.09676407 0.08703334
0.0885 0.09703477 0.087279506
0.089 0.09730227 0.08752281
0.0895 0.09756642 0.08776329
0.09 0.09782714 0.08800108
0.0905 0.09808442 0.0882361
0.091 0.09833824 0.08846844
0.0915 0.09858865 0.08869813
0.092 0.09883568 0.08892522
0.0925 0.09907939 0.08914969
0.093 0.09931979 0.08937166
0.0935 0.09954165 0.08959106
0.094 0.09974361 0.089807935
0.0945 0.09994605 0.09002245
0.095 0.1001553 0.090234466
0.0955 0.1003708 0.090444125
0.096 0.1005897 0.09065134
0.0965 0.1008097 0.09085635
0.097 0.1010287 0.09105895
0.0975 0.1012456 0.09125937
0.098 0.1014599 0.09145749
0.0985 0.101671 0.091653384
0.099 0.1018788 0.09184713
0.0995 0.1020835 0.0920387
0.1 0.102285 0.114080496
0.1005 0.1137696 0.13071874
0.101 0.1259139 0.14337292
0.1015 0.1336082 0.15304404
0.102 0.1386679 0.16047159
0.1025 0.1424985 0.16620967
0.103 0.1457791 0.1706743
0.1035 0.1488043 0.17417735
0.104 0.1516976 0.17695272
0.1045 0.1545109 0.17917597
0.105 0.1572676 0.18097955
0.1055 0.1599791 0.1824638
0.106 0.162651 0.18370473
0.1065 0.1652865 0.18476069
0.107 0.1678875 0.18567652
0.1075 0.1704554 0.18648663
0.108 0.1729911 0.18721786
0.1085 0.1754955 0.18789098
0.109 0.1779694 0.18852216
0.1095 0.18041 0.18912408
0.11 0.1828135 0.18684089
0.1105 0.1738273 0.18466157
0.111 0.1641089 0.18223599
0.1115 0.1588479 0.17944732
0.112 0.1562651 0.17630473
0.1125 0.1549447 0.17287883
0.113 0.1541881 0.16926396
0.1135 0.153685 0.16555688
0.114 0.1532998 0.16184524
0.1145 0.1529723 0.15820244
0.115 0.1526751 0.15468618
0.1155 0.1523956 0.15133923
0.116 0.1521275 0.1481908
0.1165 0.1518677 0.14525875
0.117 0.1516145 0.14255163
0.1175 0.1513671 0.14007097
0.118 0.1511236 0.1378124
0.1185 0.1508722 0.13576818
0.119 0.1506178 0.13392735
0.1195 0.150371 0.13227746
0.12 0.1501354 0.15422228
0.1205 0.1612604 0.17044601
0.121 0.1730801 0.18264061
0.1215 0.1804075 0.19181529
0.122 0.1850482 0.19869974
0.1225 0.1884205 0.20384681
0.123 0.19122 0.20767844
0.1235 0.1937536 0.2105163
0.124 0.1961535 0.21260437
0.1245 0.198477 0.21412832
0.125 0.2007497 0.2152288
0.1255 0.2029763 0.2160126
0.126 0.2051392 0.21656069
0.1265 0.2072629 0.21693513
0.127 0.2093675 0.21718267
0.1275 0.2114582 0.21733919
0.128 0.2135335 0.21743199
0.1285 0.2155905 0.21748179
0.129 0.2175917 0.21750453
0.1295 0.219522 0.21751219
0.13 0.2214328 0.21470526
0.1305 0.2120003 0.2119796
0.131 0.2018887 0.20905057
0.1315 0.1962656 0.20582378
0.132 0.1933169 0.20230958
0.1325 0.191621 0.19857094
0.133 0.1904808 0.19469082
0.1335 0.1895882 0.19075412
0.134 0.1888103 0.18683788
0.1345 0.1880871 0.18300688
0.135 0.1873837 0.17931223
0.1355 0.1866964 0.17579147
0.136 0.1860272 0.1724706
0.1365 0.1853744 0.16936526
0.137 0.1847087 0.16648313
0.1375 0.1840378 0.16382512
0.138 0.183389 0.16138735
0.1385 0.1827654 0.1591621
0.139 0.1821618 0.1571393
0.1395 0.1815734 0.15530723
0.14 0.1809964 0.17553023
0.1405 0.1917834 0.19071361
0.141 0.2032682 0.20223871
0.1415 0.2102575 0.2109684
0.142 0.2145577 0.21754214
0.1425 0.2175892 0.22245479
0.143 0.2200491 0.2260918
0.1435 0.2222435 0.22875237
0.144 0.2242813 0.23066741
0.1445 0.2262288 0.23201504
0.145 0.2281339 0.23293203
0.1455 0.230016 0.23352367
0.146 0.2318802 0.23387063
0.1465 0.2337257 0.23403522
0.147 0.2355405 0.2340652
0.1475 0.2373231 0.23399705
0.148 0.2390822 0.23385918
0.1485 0.240822 0.23367333
0.149 0.2425429 0.23345616
0.1495 0.2442114 0.23322058
0.15 0.2458344 0.21669501
0.1505 0.2360769 0.20422935
0.151 0.2255855 0.19464058
0.1515 0.2195746 0.18709907
0.152 0.2162459 0.18103305
0.1525 0.2141774 0.17605126
0.153 0.212637 0.1718854
0.1535 0.2113036 0.16835013
0.154 0.2100917 0.16531533
0.1545 0.2089589 0.16268775
0.155 0.2078779 0.16039869
0.1555 0.2068305 0.15839645
0.156 0.2058051 0.15664026
0.1565 0.2047944 0.15509757
0.157 0.2037939 0.15374154
0.1575 0.2028015 0.1525493
0.158 0.2018162 0.1515013
0.1585 0.2008376 0.15058038
0.159 0.1998658 0.14977148
0.1595 0.1989009 0.14906123
0.16 0.1979431 0.14843765
0.1605 0.1969925 0.14788985
0.161 0.1960492 0.14740843
0.1615 0.1951135 0.1469849
0.162 0.1941854 0.14661133
0.1625 0.193265 0.14628094
0.163 0.1923524 0.14598766
0.1635 0.1914477 0.14572603
0.164 0.1905509 0.14549112
0.1645 0.1896621 0.14527875
0.165 0.1887813 0.145085
0.1655 0.1879086 0.14490655
0.166 0.187044 0.14474055
0.1665 0.1861876 0.14458442
0.167 0.1853392 0.1444358
0.1675 0.184499 0.1442928
0.168 0.183667 0.1441538
0.1685 0.1828431 0.14401719
0.169 0.1820274 0.1438818
0.1695 0.1812199 0.14374658
0.17 0.1804205 0.1436105
0.1705 0.1796292 0.14347294
0.171 0.1788461 0.14333326
0.1715 0.178071 0.14319077
0.172 0.177304 0.14304522
0.1725 0.1765451 0.14289623
0.173 0.1757942 0.14274344
0.1735 0.1750514 0.1425868
0.174 0.1743164 0.14242607
0.1745 0.1735895 0.14226115
0.175 0.1728704 0.14209205
0.1755 0.1721591 0.14191878
0.176 0.1714557 0.14174125
0.1765 0.1707601 0.14155957
0.177 0.1700722 0.14137387
0.1775 0.1693921 0.14118406
0.178 0.1687195 0.14099053
0.1785 0.1680546 0.1407932
0.179 0.1673972 0.14059228
0.1795 0.1667474 0.1403878
0.18 0.166105 0.14018014
0.1805 0.16547 0.13996914
0.181 0.1648423 0.13975534
0.1815 0.164222 0.13953859
0.182 0.1636089 0.13931924
0.1825 0.163003 0.13909745
0.183 0.1624042 0.13887328
0.1835 0.1618126 0.13864708
0.184 0.1612279 0.13841882
0.1845 0.1606502 0.13818878
0.185 0.1600795 0.13795713
0.1855 0.1595156 0.13772398
0.186 0.1589584 0.13748956
0.1865 0.158408 0.13725394
0.187 0.1578643 0.13701728
0.1875 0.1573272 0.1367799
0.188 0.1567967 0.13654172
0.1885 0.1562727 0.13630304
0.189 0.1557551 0.13606387
0.1895 0.1552439 0.1358245
0.19 0.154739 0.13558492
0.1905 0.1542403 0.13534531
0.191 0.1537478 0.13510582
0.1915 0.1532615 0.1348665
0.192 0.1527813 0.13462752
0.1925 0.152307 0.13438895
0.193 0.1518388 0.13415101
0.1935 0.1513764 0.13391358
0.194 0.1509198 0.13367692
0.1945 0.150469 0.13344112
0.195 0.1500239 0.1332061
0.1955 0.1495845 0.13297209
0.196 0.1491507 0.13273922
0.1965 0.1487224 0.13250747
0.197 0.1482995 0.13227686
0.1975 0.1478821 0.1320475
0.198 0.14747 0.13181946
0.1985 0.1470632 0.13159287
0.199 0.1466617 0.13136774
0.1995 0.1462653 0.13114402
0.2 0.1458741 0.13222209
0.2005 0.1439379 0.13837743
0.201 0.1404484 0.14670086
0.2015 0.1373888 0.15544814
0.202 0.1349363 0.16359997
0.2025 0.1328595 0.17059326
0.203 0.1309727 0.17615403
0.2035 0.1291749 0.18018995
0.204 0.1274177 0.18272185
0.2045 0.1256793 0.18383884
0.205 0.1239501 0.18366921
0.2055 0.1222263 0.18236046
0.206 0.1205065 0.18006648
0.2065 0.1187905 0.17693904
0.207 0.1170785 0.17312196
0.2075 0.1153712 0.16874798
0.208 0.1136691 0.16393675
0.2085 0.1119728 0.15879424
0.209 0.1102829 0.15341268
0.2095 0.1086002 0.14787126
0.21 0.1069251 0.1422372
0.2105 0.1052582 0.1365665
0.211 0.1036001 0.13090561
0.2115 0.1019513 0.12529233
0.212 0.1003122 0.119756944
0.2125 0.09868319 0.11432359
0.213 0.09706478 0.10901084
0.2135 0.09545732 0.10383285
0.214 0.09386114 0.09880001
0.2145 0.09227659 0.09391954
0.215 0.09070397 0.08919618
0.2155 0.08914356 0.08463252
0.216 0.08759561 0.08022956
0.2165 0.08606038 0.075986825
0.217 0.08453807 0.07190285
0.2175 0.08302889 0.06797529
0.218 0.08153302 0.06420118
0.2185 0.08005063 0.060577147
0.219 0.07858186 0.0570992
0.2195 0.07712685 0.053763278
0.22 0.07568572 0.050565116
0.2205 0.07425857 0.04750029
0.221 0.07284548 0.044564344
0.2215 0.07144655 0.041752808
0.222 0.07006182 0.039061226
0.2225 0.06869136 0.036485128
0.223 0.0673352 0.034020223
0.2235 0.06599339 0.031662203
0.224 0.06466593 0.029406896
0.2245 0.06335284 0.027250236
0.225 0.06205413 0.025188243
0.2255 0.06076978 0.023217117
0.226 0.05949979 0.02133306
0.2265 0.05824412 0.019532463
0.227 0.05700276 0.017811855
0.2275 0.05577566 0.016167825
0.228 0.05456279 0.014597198
0.2285 0.05336409 0.0130967405
0.229 0.05217951 0.011663502
0.2295 0.05100898 0.010294532
0.23 0.04985245 0.008987015
0.2305 0.04870985 0.007738298
0.231 0.04758109 0.0065456983
0.2315 0.0464661 0.0054068323
0.232 0.0453648 0.004319271
0.2325 0.0442771 0.0032807048
0.233 0.0432029 0.002288973
0.2335 0.04214212 0.0013419148
0.234 0.04109467 0.0004375931
0.2345 0.04006043 -0.0004260186
0.235 0.03903931 -0.0012506787
0.2355 0.0380312 -0.0020382497
0.236 0.037036 -0.002790371
0.2365 0.0360536 -0.0035086814
0.237 0.03508389 -0.004194746
0.2375 0.03412676 -0.0048500393
0.238 0.03318208 -0.0054759923
0.2385 0.03224976 -0.006073961
0.239 0.03132967 -0.006645182
0.2395 0.03042169 -0.007190967
0.24 0.02952571 -0.0077124927
0.2405 0.0286416 -0.008210862
0.241 0.02776925 -0.008687163
0.2415 0.02690854 -0.009142393
0.242 0.02605935 -0.009577567
0.2425 0.02522155 -0.009993592
0.243 0.02439502 -0.010391379
0.2435 0.02357965 -0.010771805
0.244 0.0227753 -0.011135632
0.2445 0.02198186 -0.011483604
0.245 0.0211992 -0.011816541
0.2455 0.02042721 -0.012135083
0.246 0.01966576 -0.012439901
0.2465 0.01891473 -0.012731696
0.247 0.01817399 -0.013011018
0.2475 0.01744344 -0.013278404
0.248 0.01672294 -0.0135345105
0.2485 0.01601238 -0.013779769
0.249 0.01531163 -0.01401473
0.2495 0.01462058 -0.014239887
0.25 0.01393912 -0.028621728
0.2505 0.01324824 -0.037074037
0.251 0.01252112 -0.04119914
0.2515 0.0117842 -0.04225359
0.252 0.01105232 -0.041203216
0.2525 0.0103289 -0.03877715
0.253 0.009613265 -0.03551735
0.2535 0.008904076 -0.031820677
0.254 0.00820028 -0.027973318
0.2545 0.007501243 -0.024177412
0.255 0.006806623 -0.020571882
0.2555 0.006116253 -0.017248424
0.256 0.00543006 -0.014263244
0.2565 0.004748015 -0.011646623
0.257 0.004070113 -0.009409608
0.2575 0.003396359 -0.0075493474
0.258 0.002726761 -0.0060532335
0.2585 0.002061333 -0.0049018804
0.259 0.001400085 -0.004071461
0.2595 0.0007430307 -0.0035356302
0.26 9.018333e-05 -0.0032666195
0.2605 -0.0005584447 -0.0032365639
0.261 -0.001202841 -0.003417993
0.2615 -0.001842993 -0.0037845615
0.262 -0.002478889 -0.004311336
0.2625 -0.003110517 -0.0049750824
0.263 -0.003737866 -0.005754413
0.2635 -0.004360925 -0.0066298824
0.264 -0.004979685 -0.0075839553
0.2645 -0.005594134 -0.008600978
0.265 -0.006204264 -0.009667145
0.2655 -0.006810066 -0.010770319
0.266 -0.007411531 -0.011899965
0.2665 -0.008008652 -0.013047012
0.267 -0.008601423 -0.014203677
0.2675 -0.009189835 -0.0153634045
0.268 -0.009773884 -0.016520673
0.2685 -0.01035356 -0.017670868
0.269 -0.01092887 -0.018810237
0.2695 -0.0114998 -0.019935677
0.27 -0.01206635 -0.021044718
0.2705 -0.01262852 -0.022135427
0.271 -0.01318631 -0.023206221
0.2715 -0.01373971 -0.024256
0.272 -0.01428872 -0.025283912
0.2725 -0.01483335 -0.026289338
0.273 -0.0153736 -0.027271913
0.2735 -0.01590946 -0.028231407
0.274 -0.01644095 -0.02916777
0.2745 -0.01696805 -0.030081024
0.275 -0.01749079 -0.030971305
0.2755 -0.01800916 -0.031838812
0.276 -0.01852317 -0.032683812
0.2765 -0.01903283 -0.033506595
0.277 -0.01953814 -0.034307502
0.2775 -0.0200391 -0.035086907
0.278 -0.02053574 -0.03584516
0.2785 -0.02102805 -0.036582686
0.279 -0.02151605 -0.037299834
0.2795 -0.02199974 -0.037997067
0.28 -0.02247915 -0.038674764
0.2805 -0.02295427 -0.039333344
0.281 -0.02342512 -0.03997323
0.2815 -0.02389172 -0.040594816
0.282 -0.02435407 -0.041198514
0.2825 -0.0248122 -0.041784726
0.283 -0.02526611 -0.04235389
0.2835 -0.02571582 -0.042906366
0.284 -0.02616135 -0.043442562
0.2845 -0.02660272 -0.043962866
0.285 -0.02703993 -0.044467665
0.2855 -0.02747301 -0.044957325
0.286 -0.02790197 -0.04543224
0.2865 -0.02832684 -0.045892768
0.287 -0.02874763 -0.046339266
0.2875 -0.02916436 -0.0467721
0.288 -0.02957704 -0.047191612
0.2885 -0.02998571 -0.04759816
0.289 -0.03039038 -0.04799208
0.2895 -0.03079107 -0.048373714
0.29 -0.0311878 -0.048743382
0.2905 -0.03158059 -0.049101412
0.291 -0.03196947 -0.04944811
0.2915 -0.03235445 -0.04978379
0.292 -0.03273557 -0.050108768
0.2925 -0.03311283 -0.050423346
0.293 -0.03348627 -0.050727785
0.2935 -0.03385592 -0.051022403
0.294 -0.03422178 -0.051307477
0.2945 -0.03458389 -0.051583268
0.295 -0.03494227 -0.05185005
0.2955 -0.03529694 -0.0521081
0.296 -0.03564794 -0.05235765
0.2965 -0.03599528 -0.05259897
0.297 -0.03633898 -0.052832298
0.2975 -0.03667908 -0.05305788
0.298 -0.0370156 -0.053275935
0.2985 -0.03734857 -0.053486712
0.299 -0.037678 -0.053690426
0.2995 -0.03800394 -0.053887278
0.3 -0.03832639 -0.031399854
0.3005 -0.03862597 -0.022872696
0.301 -0.03886864 -0.02287423
0.3015 -0.03908445 -0.027587803
0.302 -0.03929429 -0.034460388
0.3025 -0.0395035 -0.041901633
0.303 -0.03971137 -0.04900389
0.3035 -0.03991591 -0.05530929
0.304 -0.04011548 -0.060637146
0.3045 -0.04030899 -0.06496664
0.305 -0.04049584 -0.068361916
0.3055 -0.04067564 -0.07092618
0.306 -0.04084818 -0.07277507
0.3065 -0.04101354 -0.07402218
0.307 -0.0411719 -0.07477155
0.3075 -0.04132344 -0.07511478
0.308 -0.04146832 -0.075130284
0.3085 -0.04160669 -0.07488395
0.309 -0.04173868 -0.0744305
0.3095 -0.04186441 -0.07381483
0.31 -0.04198402 -0.07307353
0.3105 -0.04209765 -0.07223625
0.311 -0.04220542 -0.07132701
0.3115 -0.04230741 -0.07036496
0.312 -0.04240394 -0.06936558
0.3125 -0.04249537 -0.0683412
0.313 -0.04258451 -0.06730168
0.3135 -0.042672 -0.06625483
0.314 -0.0427549 -0.06520685
0.3145 -0.04283156 -0.06416271
0.315 -0.04290163 -0.06312632
0.3155 -0.04296546 -0.062100686
0.316 -0.04302356 -0.06108821
0.3165 -0.04307643 -0.060090803
0.317 -0.04312449 -0.05910977
0.3175 -0.04316807 -0.058146276
0.318 -0.04320741 -0.057201095
0.3185 -0.04324272 -0.056274824
0.319 -0.04327415 -0.055367805
0.3195 -0.04330184 -0.054480262
0.32 -0.04332591 -0.053612344
0.3205 -0.04334648 -0.05276405
0.321 -0.04336363 -0.051935323
0.3215 -0.04337749 -0.05112607
0.322 -0.04338813 -0.05033607
0.3225 -0.04339566 -0.04956513
0.323 -0.04340017 -0.048812993
0.3235 -0.04340174 -0.04807941
0.324 -0.04340048 -0.047364064
0.3245 -0.04339646 -0.046666615
0.325 -0.04338978 -0.045986764
0.3255 -0.04338052 -0.045324154
0.326 -0.04336877 -0.044678412
0.3265 -0.0433546 -0.04404924
0.327 -0.0433381 -0.043436296
0.3275 -0.04331935 -0.042839162
0.328 -0.04329843 -0.042257495
0.3285 -0.04327542 -0.041690968
0.329 -0.04325038 -0.041139193
0.3295 -0.04322339 -0.040601842
0.33 -0.04319453 -0.040078543
0.3305 -0.04316387 -0.039569028
0.331 -0.04313147 -0.03907288
0.3315 -0.0430974 -0.03858974
0.332 -0.04306173 -0.038119353
0.3325 -0.04302451 -0.03766132
0.333 -0.04298583 -0.03721545
0.3335 -0.04294572 -0.03678126
0.334 -0.04290128 -0.036358573
0.3345 -0.04284801 -0.035947062
0.335 -0.04279155 -0.03554643
0.3355 -0.04273586 -0.03515636
0.336 -0.04268204 -0.034776576
0.3365 -0.04262984 -0.034406863
0.337 -0.04257867 -0.03404691
0.3375 -0.04252792 -0.03369645
0.338 -0.04247716 -0.033355244
0.3385 -0.04242607 -0.033023037
0.339 -0.04237446 -0.032699607
0.3395 -0.04232222 -0.0323847
0.34 -0.04226931 -0.03207808
0.3405 -0.0422157 -0.03177952
0.341 -0.04216169 -0.03148883
0.3415 -0.04211255 -0.031205768
0.342 -0.04206646 -0.030930126
0.3425 -0.04201863 -0.030661741
0.343 -0.0419674 -0.030400345
0.3435 -0.04191298 -0.030145833
0.344 -0.04185614 -0.029897952
0.3445 -0.04179766 -0.029656554
0.345 -0.04173815 -0.029421428
0.3455 -0.04167801 -0.029192457
0.346 -0.04161751 -0.028969461
0.3465 -0.0415568 -0.028752202
0.347 -0.04149596 -0.02854065
0.3475 -0.04143504 -0.028334567
0.348 -0.04137399 -0.028133804
0.3485 -0.04131159 -0.027938256
0.349 -0.04124828 -0.02774776
0.3495 -0.04118524 -0.02756218
0.35 -0.04112289 -0.041335605
0.3505 -0.04108073 -0.04896667
0.351 -0.04108911 -0.052189462
0.3515 -0.04111699 -0.05234076
0.352 -0.04114706 -0.050434627
0.3525 -0.04117581 -0.047227196
0.353 -0.04120439 -0.04327371
0.3535 -0.0412346 -0.03897529
0.354 -0.04126775 -0.03461641
0.3545 -0.04130463 -0.030394064
0.355 -0.04134562 -0.026439736
0.3555 -0.04139085 -0.0228365
0.356 -0.04144033 -0.019631663
0.3565 -0.04149401 -0.016846413
0.357 -0.04155179 -0.014483163
0.3575 -0.04161357 -0.012531029
0.358 -0.04167923 -0.010969998
0.3585 -0.04174865 -0.009774135
0.359 -0.04182173 -0.008913944
0.3595 -0.04189835 -0.0083580855
0.36 -0.0419784 -0.0080748
0.3605 -0.04206177 -0.008032804
0.361 -0.04214836 -0.008202022
0.3615 -0.04223807 -0.008554036
0.362 -0.04233078 -0.009062467
0.3625 -0.0424264 -0.009703031
0.363 -0.04252484 -0.010453744
0.3635 -0.04262598 -0.011294821
0.364 -0.04272974 -0.012208717
0.3645 -0.04283603 -0.0131799225
0.365 -0.04294474 -0.01419493
0.3655 -0.04305579 -0.015241997
0.366 -0.04316908 -0.016311077
0.3665 -0.04328452 -0.017393583
0.367 -0.04340204 -0.018482285
0.3675 -0.04352154 -0.019571116
0.368 -0.04364293 -0.020655034
0.3685 -0.04376613 -0.021729918
0.369 -0.04389107 -0.022792412
0.3695 -0.04401765 -0.023839818
0.37 -0.04414581 -0.024870006
0.3705 -0.04427545 -0.025881322
0.371 -0.04440652 -0.026872503
0.3715 -0.04453892 -0.027842646
0.372 -0.04467259 -0.028791098
0.3725 -0.04480746 -0.029717429
0.373 -0.04494346 -0.030621389
0.3735 -0.04508051 -0.031502917
0.374 -0.04521854 -0.032362007
0.3745 -0.04535751 -0.033198826
0.375 -0.04549733 -0.03401354
0.3755 -0.04563794 -0.034806445
0.376 -0.04577929 -0.035577804
0.3765 -0.04592132 -0.036327995
0.377 -0.04606396 -0.037057355
0.3775 -0.04620715 -0.0377663
0.378 -0.04635085 -0.03845521
0.3785 -0.046495 -0.03912451
0.379 -0.04663954 -0.039774604
0.3795 -0.04678442 -0.04040592
0.38 -0.0469296 -0.041018896
0.3805 -0.04707501 -0.04161392
0.381 -0.04722063 -0.04219144
0.3815 -0.04736639 -0.04275185
0.382 -0.04751226 -0.04329557
0.3825 -0.04765819 -0.043822996
0.383 -0.04780413 -0.044334568
0.3835 -0.04795006 -0.044830635
0.384 -0.04809592 -0.045311622
0.3845 -0.04824168 -0.045777895
0.385 -0.04838729 -0.046229847
0.3855 -0.04853274 -0.046667844
0.386 -0.04867797 -0.047092266
0.3865 -0.04882295 -0.047503464
0.387 -0.04896766 -0.047901772
0.3875 -0.04911206 -0.048287578
0.388 -0.04925611 -0.048661195
0.3885 -0.04939979 -0.049022965
0.389 -0.04954308 -0.049373217
0.3895 -0.04968593 -0.049712278
0.39 -0.04982833 -0.05004046
0.3905 -0.04997025 -0.050358072
0.391 -0.05011167 -0.0506654
0.3915 -0.05025255 -0.050962746
0.392 -0.05039288 -0.05125042
0.3925 -0.05053264 -0.0515287
0.393 -0.0506718 -0.05179783
0.3935 -0.05081035 -0.052058116
0.394 -0.05094825 -0.05230978
0.3945 -0.05108551 -0.05255314
0.395 -0.05122209 -0.0527884
0.3955 -0.05135798 -0.05301582
0.396 -0.05149317 -0.053235635
0.3965 -0.05162763 -0.05344809
0.397 -0.05176135 -0.05365338
0.3975 -0.05189433 -0.05385177
0.398 -0.05202654 -0.054043435
0.3985 -0.05215797 -0.054228596
0.399 -0.05228861 -0.054407485
0.3995 -0.05241845 -0.054580264
0.4 -0.05254748 -0.05474715
0.4005 -0.05267568 -0.054908328
0.401 -0.05280306 -0.05506397
0.4015 -0.05292959 -0.055214263
0.402 -0.05305527 -0.055359356
0.4025 -0.05318009 -0.055499464
0.403 -0.05330404 -0.0556347
0.4035 -0.05342712 -0.055765264
0.404 -0.05354933 -0.055891298
0.4045 -0.05367064 -0.05601292
0.405 -0.05379107 -0.056130327
0.4055 -0.0539106 -0.05624362
0.406 -0.05402922 -0.056352943
0.4065 -0.05414695 -0.056458436
0.407 -0.05426376 -0.056560226
0.4075 -0.05437966 -0.05665844
0.408 -0.05449464 -0.056753196
0.4085 -0.05460871 -0.056844585
0.409 -0.05472185 -0.056932777
0.4095 -0.05483408 -0.05701784
0.41 -0.05494538 -0.057099886
0.4105 -0.05505575 -0.05717901
0.411 -0.0551652 -0.05725535
0.4115 -0.05527372 -0.05732897
0.412 -0.05538131 -0.057399966
0.4125 -0.05548798 -0.057468437
0.413 -0.05559372 -0.057534456
0.4135 -0.05569854 -0.057598114
0.414 -0.05580243 -0.0576595
0.4145 -0.05590539 -0.057718694
0.415 -0.05600743 -0.057775766
0.4155 -0.05610855 -0.057830773
0.416 -0.05620876 -0.057883814
0.4165 -0.05630804 -0.057934955
0.417 -0.05640641 -0.057984263
0.4175 -0.05650387 -0.05803179
0.418 -0.05660041 -0.058077596
0.4185 -0.05669605 -0.05812175
0.419 -0.05679079 -0.058164336
0.4195 -0.05688462 -0.058205366
0.42 -0.05697756 -0.058244906
0.4205 -0.0570696 -0.058283024
0.421 -0.05716075 -0.05831977
0.4215 -0.05725102 -0.058355175
0.422 -0.0573404 -0.058389314
0.4225 -0.05742891 -0.0584222
0.423 -0.05751654 -0.058453895
0.4235 -0.0576033 -0.05848445
0.424 -0.05768919 -0.058513887
0.4245 -0.05777423 -0.05854226
0.425 -0.0578584 -0.058569603
0.4255 -0.05794173 -0.058595948
0.426 -0.05802421 -0.05862134
0.4265 -0.05810585 -0.058645792
0.427 -0.05818665 -0.05866936
0.4275 -0.05826662 -0.05869206
0.428 -0.05834576 -0.05871395
0.4285 -0.05842409 -0.058735043
0.429 -0.0585016 -0.058755353
0.4295 -0.05857829 -0.058774933
0.43 -0.05865419 -0.058793798
0.4305 -0.05872928 -0.05881197
0.431 -0.05880358 -0.058829464
0.4315 -0.0588771 -0.058846332
0.432 -0.05894983 -0.058862604
0.4325 -0.05902178 -0.05887825
0.433 -0.05909297 -0.058893338
0.4335 -0.05916339 -0.058907866
0.434 -0.05923305 -0.058921866
0.4345 -0.05930195 -0.05893535
0.435 -0.05937011 -0.058948345
0.4355 -0.05943753 -0.058960877
0.436 -0.05950422 -0.058972932
0.4365 -0.05957017 -0.05898454
0.437 -0.0596354 -0.05899573
0.4375 -0.05969991 -0.059006505
0.438 -0.05976372 -0.059016906
0.4385 -0.05982681 -0.05902692
0.439 -0.05988921 -0.059036553
0.4395 -0.05995091 -0.059045836
0.44 -0.06001193 -0.059054792
0.4405 -0.06007226 -0.05906339
0.441 -0.06013192 -0.059071697
0.4415 -0.06019091 -0.05907969
0.442 -0.06024923 -0.05908739
0.4425 -0.0603069 -0.05909481
0.443 -0.06036391 -0.059101947
0.4435 -0.06042028 -0.05910883
0.444 -0.06047602 -0.059115462
0.4445 -0.06053111 -0.05912184
0.445 -0.06058558 -0.05912801
0.4455 -0.06063943 -0.05913394
0.446 -0.06069266 -0.05913963
0.4465 -0.06074528 -0.059145145
0.447 -0.0607973 -0.059150428
0.4475 -0.06084871 -0.05915553
0.448 -0.06089954 -0.05916045
0.4485 -0.06094978 -0.05916518
0.449 -0.06099944 -0.059169747
0.4495 -0.06104852 -0.059174128
0.45 -0.06109703 -0.059178375
0.4505 -0.06114498 -0.059182428
0.451 -0.06119237 -0.059186354
0.4515 -0.0612392 -0.059190147
0.452 -0.06128549 -0.059193775
0.4525 -0.06133124 -0.059197284
0.453 -0.06137645 -0.05920066
0.4535 -0.06142113 -0.059203923
0.454 -0.06146529 -0.059207045
0.4545 -0.06150892 -0.059210062
0.455 -0.06155204 -0.059212968
0.4555 -0.06159466 -0.05921577
0.456 -0.06163676 -0.059218466
0.4565 -0.06167837 -0.059221074
0.457 -0.06171949 -0.05922357
0.4575 -0.06176012 -0.059225984
0.458 -0.06180026 -0.0592283
0.4585 -0.06183993 -0.059230536
0.459 -0.06187913 -0.059232697
0.4595 -0.06191786 -0.05923476
0.46 -0.06195612 -0.059236765
0.4605 -0.06199393 -0.059238687
0.461 -0.06203128 -0.059240542
0.4615 -0.06206819 -0.059242338
0.462 -0.06210466 -0.059244044
0.4625 -0.06214068 -0.0592457
0.463 -0.06217628 -0.059247293
0.4635 -0.06221144 -0.059248827
0.464 -0.06224618 -0.05925031
0.4645 -0.06228051 -0.05925174
0.465 -0.06231441 -0.05925311
0.4655 -0.06234791 -0.05925443
0.466 -0.06238101 -0.059255704
0.4665 -0.0624137 -0.059256926
0.467 -0.06244599 -0.059258103
0.4675 -0.0624779 -0.059259243
0.468 -0.06250942 -0.05926034
0.4685 -0.06254055 -0.059261397
0.469 -0.06257131 -0.05926241
0.4695 -0.06260169 -0.059263393
0.47 -0.0626317 -0.059264332
0.4705 -0.06266134 -0.05926524
0.471 -0.06269063 -0.05926612
0.4715 -0.06271955 -0.059266955
0.472 -0.06274813 -0.05926776
0.4725 -0.06277635 -0.05926854
0.473 -0.06280423 -0.0592693
0.4735 -0.06283176 -0.05927003
0.474 -0.06285896 -0.059270717
0.4745 -0.06288582 -0.059271403
0.475 -0.06291236 -0.059272036
0.4755 -0.06293857 -0.05927266
0.476 -0.06296446 -0.059273265
0.4765 -0.06299002 -0.059273854
0.477 -0.06301528 -0.059274405
0.4775 -0.06304022 -0.05927495
0.478 -0.06306486 -0.05927547
0.4785 -0.06308919 -0.059275962
0.479 -0.06311322 -0.059276447
0.4795 -0.06313695 -0.0592769
0.48 -0.06316039 -0.059277333
0.4805 -0.06318354 -0.059277773
0.481 -0.06320641 -0.059278183
0.4815 -0.06322899 -0.059278578
0.482 -0.06325129 -0.059278958
0.4825 -0.06327332 -0.059279323
0.483 -0.06329507 -0.05927968
0.4835 -0.06331656 -0.05928003
0.484 -0.06333777 -0.05928035
0.4845 -0.06335873 -0.059280664
0.485 -0.06337942 -0.05928097
0.4855 -0.06339986 -0.059281267
0.486 -0.06342004 -0.05928155
0.4865 -0.06343997 -0.05928182
0.487 -0.06345965 -0.059282072
0.4875 -0.06347909 -0.059282333
0.488 -0.06349829 -0.05928258
0.4885 -0.06351724 -0.05928281
0.489 -0.06353596 -0.05928304
0.4895 -0.06355445 -0.05928325
0.49 -0.0635727 -0.059283465
0.4905 -0.06359073 -0.059283674
0.491 -0.06360854 -0.059283867
0.4915 -0.06362612 -0.059284054
0.492 -0.06364348 -0.059284247
0.4925 -0.06366062 -0.05928441
0.493 -0.06367755 -0.059284575
0.4935 -0.06369427 -0.05928474
0.494 -0.06371078 -0.05928489
0.4945 -0.06372708 -0.059285052
0.495 -0.06374318 -0.059285194
0.4955 -0.06375907 -0.059285328
0.496 -0.06377477 -0.05928547
0.4965 -0.06379027 -0.059285596
0.497 -0.06380557 -0.05928573
0.4975 -0.06382069 -0.05928585
0.498 -0.06383561 -0.05928596
0.4985 -0.06385035 -0.059286073
0.499 -0.0638649 -0.059286177
0.4995 -0.06387927 -0.05928628
