0.0 -0.065 0.009322076
0.0005 -0.065 -0.0020812918
0.001 -0.065 -0.013193218
0.0015 -0.065 -0.023212919
0.002 -0.065 -0.03182216
0.0025 -0.065 -0.03897831
0.003 -0.065 -0.044781804
0.0035 -0.065 -0.04939685
0.004 -0.065 -0.053006113
0.0045 -0.065 -0.05578641
0.005 -0.065 -0.05789704
0.0055 -0.065 -0.059475176
0.006 -0.065 -0.060635515
0.0065 -0.065 -0.061471708
0.007 -0.065 -0.062059015
0.0075 -0.065 -0.062457018
0.008 -0.065 -0.06271238
0.0085 -0.065 -0.06286127
0.009 -0.065 -0.06293147
0.0095 -0.065 -0.062944144
0.01 -0.065 -0.06291532
0.0105 -0.065 -0.06285702
0.011 -0.065 -0.06277825
0.0115 -0.065 -0.06268566
0.012 -0.065 -0.0625842
0.0125 -0.065 -0.062477432
0.013 -0.065 -0.062367983
0.0135 -0.065 -0.062257774
0.014 -0.065 -0.06214811
0.0145 -0.065 -0.06203997
0.015 -0.065 -0.06193404
0.0155 -0.065 -0.06183075
0.016 -0.065 -0.061730407
0.0165 -0.065 -0.061633207
0.017 -0.065 -0.061539255
0.0175 -0.065 -0.06144858
0.018 -0.065 -0.061361216
0.0185 -0.065 -0.0612771
0.019 -0.065 -0.061196215
0.0195 -0.065 -0.06111849
0.02 -0.065 -0.06104385
0.0205 -0.065 -0.060972214
0.021 -0.065 -0.060903482
0.0215 -0.065 -0.06083756
0.022 -0.065 -0.06077435
0.0225 -0.065 -0.06071379
0.023 -0.065 -0.060655735
0.0235 -0.065 -0.060600124
0.024 -0.065 -0.060546853
0.0245 -0.065 -0.060495824
0.025 -0.065 -0.060446948
0.0255 -0.065 -0.06040015
0.026 -0.065 -0.060355328
0.0265 -0.065 -0.060312405
0.027 -0.065 -0.0602713
0.0275 -0.065 -0.06023193
0.028 -0.065 -0.060194224
0.0285 -0.065 -0.060158096
0.029 -0.065 -0.060123518
0.0295 -0.065 -0.06009037
0.03 -0.065 -0.060058616
0.0305 -0.065 -0.060028195
0.031 -0.065 -0.05999904
0.0315 -0.065 -0.0599711
0.032 -0.065 -0.0599443
0.0325 -0.065 -0.059918627
0.033 -0.065 -0.05989401
0.0335 -0.065 -0.059870407
0.034 -0.065 -0.059847765
0.0345 -0.065 -0.05982607
0.035 -0.065 -0.059805237
0.0355 -0.065 -0.059785247
0.036 -0.065 -0.059766077
0.0365 -0.065 -0.05974766
0.037 -0.065 -0.05973
0.0375 -0.065 -0.059713043
0.038 -0.065 -0.059696764
0.0385 -0.065 -0.059681147
0.039 -0.065 -0.059666134
0.0395 -0.065 -0.059651725
0.04 -0.065 -0.059637897
0.0405 -0.065 -0.059624597
0.041 -0.065 -0.059611835
0.0415 -0.065 -0.05959957
0.042 -0.065 -0.059587784
0.0425 -0.065 -0.05957645
0.043 -0.065 -0.059565566
0.0435 -0.065 -0.059555106
0.044 -0.065 -0.059545055
0.0445 -0.065 -0.05953539
0.045 -0.065 -0.059526093
0.0455 -0.065 -0.059517153
0.046 -0.065 -0.05950857
0.0465 -0.065 -0.059500307
0.047 -0.065 -0.059492372
0.0475 -0.065 -0.059484728
0.048 -0.065 -0.05947738
0.0485 -0.065 -0.059470333
0.049 -0.065 -0.059463523
0.0495 -0.065 -0.059456997
0.05 -0.065 -0.05945071
0.0505 -0.065 -0.05944466
0.051 -0.065 -0.059438854
0.0515 -0.065 -0.05943325
0.052 -0.065 -0.059427865
0.0525 -0.065 -0.05942268
0.053 -0.065 -0.059417702
0.0535 -0.065 -0.059412904
0.054 -0.065 -0.059408285
0.0545 -0.065 -0.059403837
0.055 -0.065 -0.05939956
0.0555 -0.065 -0.059395447
0.056 -0.065 -0.05939149
0.0565 -0.065 -0.059387676
0.057 -0.065 -0.05938401
0.0575 -0.065 -0.059380464
0.058 -0.065 -0.059377074
0.0585 -0.065 -0.059373803
0.059 -0.065 -0.05937065
0.0595 -0.065 -0.05936762
0.06 -0.065 -0.059364706
0.0605 -0.065 -0.059361897
0.061 -0.065 -0.0593592
0.0615 -0.065 -0.059356578
0.062 -0.065 -0.059354074
0.0625 -0.065 -0.059351675
0.063 -0.065 -0.059349343
0.0635 -0.065 -0.059347115
0.064 -0.065 -0.059344955
0.0645 -0.065 -0.059342884
0.065 -0.065 -0.059340872
0.0655 -0.065 -0.05933895
0.066 -0.065 -0.059337102
0.0665 -0.065 -0.05933532
0.067 -0.065 -0.059333608
0.0675 -0.065 -0.059331954
0.068 -0.065 -0.059330367
0.0685 -0.065 -0.05932883
0.069 -0.065 -0.059327364
0.0695 -0.065 -0.05932594
0.07 -0.065 -0.05932457
0.0705 -0.065 -0.05932326
0.071 -0.065 -0.059321992
0.0715 -0.065 -0.05932077
0.072 -0.065 -0.059319593
0.0725 -0.065 -0.05931846
0.073 -0.065 -0.059317373
0.0735 -0.065 -0.059316322
0.074 -0.065 -0.0593153
0.0745 -0.065 -0.059314333
0.075 -0.065 -0.0593134
0.0755 -0.065 -0.059312485
0.076 -0.065 -0.059311613
0.0765 -0.065 -0.05931078
0.077 -0.065 -0.05930998
0.0775 -0.065 -0.059309207
0.078 -0.065 -0.05930846
0.0785 -0.065 -0.059307747
0.079 -0.065 -0.05930704
0.0795 -0.065 -0.059306383
0.08 -0.065 -0.059305727
0.0805 -0.065 -0.05930511
0.081 -0.065 -0.05930452
0.0815 -0.065 -0.059303947
0.082 -0.065 -0.059303395
0.0825 -0.065 -0.059302866
0.083 -0.065 -0.059302352
0.0835 -0.065 -0.059301853
0.084 -0.065 -0.059301384
0.0845 -0.065 -0.05930092
0.085 -0.065 -0.059300467
0.0855 -0.065 -0.059300043
0.086 -0.065 -0.05929964
0.0865 -0.065 -0.059299245
0.087 -0.065 -0.059298858
0.0875 -0.065 -0.059298493
0.088 -0.065 -0.059298135
0.0885 -0.065 -0.059297808
0.089 -0.065 -0.059297487
0.0895 -0.065 -0.059297167
0.09 -0.065 -0.059296854
0.0905 -0.065 -0.059296563
0.091 -0.065 -0.059296288
0.0915 -0.065 -0.059296004
0.092 -0.065 -0.05929576
0.0925 -0.065 -0.059295513
0.093 -0.065 -0.05929526
0.0935 -0.065 -0.059295036
0.094 -0.065 -0.059294812
0.0945 -0.065 -0.05929459
0.095 -0.065 -0.059294388
0.0955 -0.065 -0.05929418
0.096 -0.065 -0.059293978
0.0965 -0.065 -0.05929379
0.097 -0.065 -0.059293613
0.0975 -0.065 -0.05929345
0.098 -0.065 -0.059293278
0.0985 -0.065 -0.059293114
0.099 -0.065 -0.059292965
0.0995 -0.065 -0.059292816
0.1 -0.065 -0.045925148
0.1005 -0.06490931 -0.042678997
0.101 -0.06459041 -0.044786416
0.1015 -0.06412416 -0.049449645
0.102 -0.06357079 -0.055082075
0.1025 -0.06295184 -0.060811438
0.103 -0.06227563 -0.06618106
0.1035 -0.06154685 -0.07097394
0.104 -0.06077438 -0.075108744
0.1045 -0.05996042 -0.07857866
0.105 -0.05910016 -0.08141532
0.1055 -0.05818633 -0.08366805
0.106 -0.05722594 -0.08539207
0.1065 -0.05622177 -0.086642236
0.107 -0.0551669 -0.087469675
0.1075 -0.05406833 -0.08792066
0.108 -0.05293315 -0.08803599
0.1085 -0.05176191 -0.08785149
0.109 -0.05055305 -0.087398134
0.1095 -0.04930495 -0.08670283
0.11 -0.0480166 -0.08578885
0.1105 -0.04668754 -0.08467644
0.111 -0.04531779 -0.08338309
0.1115 -0.04390853 -0.08192428
0.112 -0.04246399 -0.08031347
0.1125 -0.0409826 -0.078562655
0.113 -0.03946195 -0.07668241
0.1135 -0.03790136 -0.07468229
0.114 -0.03630114 -0.07257087
0.1145 -0.03466211 -0.07035596
0.115 -0.03298532 -0.06804464
0.1155 -0.0312718 -0.06564345
0.116 -0.02952247 -0.063158385
0.1165 -0.02773811 -0.060595028
0.117 -0.02591933 -0.05795867
0.1175 -0.02406667 -0.05525423
0.118 -0.02218166 -0.052486278
0.1185 -0.02026827 -0.0496592
0.119 -0.01832251 -0.046777107
0.1195 -0.01634279 -0.043843977
0.12 -0.01432973 -0.04086352
0.1205 -0.01228447 -0.037839346
0.121 -0.01020818 -0.03477492
0.1215 -0.008101809 -0.031673603
0.122 -0.005966088 -0.02853846
0.1225 -0.003801721 -0.025372678
0.123 -0.001613021 -0.022179032
0.1235 0.0005907917 -0.01896056
0.124 0.002803108 -0.015719855
0.1245 0.005038454 -0.01245966
0.125 0.00730515 -0.009182477
0.1255 0.009609664 -0.0058909003
0.126 0.01195154 -0.0025871638
0.1265 0.01432664 0.000726318
0.127 0.01673013 0.004047459
0.1275 0.01915242 0.0073739346
0.128 0.02158674 0.010703718
0.1285 0.02402222 0.014034843
0.129 0.02647977 0.017365342
0.1295 0.02897244 0.020693397
0.13 0.03150123 0.024017042
0.1305 0.0340626 0.027334815
0.131 0.03665249 0.03064487
0.1315 0.03926761 0.033945568
0.132 0.04190516 0.037235476
0.1325 0.04455206 0.040513106
0.133 0.04720935 0.043776996
0.1335 0.04988692 0.047025837
0.134 0.0525847 0.050258286
0.1345 0.05530428 0.053473063
0.135 0.05804692 0.056669064
0.1355 0.06081198 0.059845038
0.136 0.06359788 0.06300006
0.1365 0.06640306 0.06613294
0.137 0.06922639 0.06924287
0.1375 0.07206177 0.07232881
0.138 0.07489182 0.07538984
0.1385 0.07773631 0.078425206
0.139 0.08060558 0.08143417
0.1395 0.08350011 0.08441583
0.14 0.08641725 0.08736969
0.1405 0.0893541 0.090294965
0.141 0.09230835 0.093191124
0.1415 0.09527832 0.09605757
0.142 0.0982627 0.09889371
0.1425 0.1012606 0.10169912
0.143 0.1042713 0.1044733
0.1435 0.1072944 0.10721583
0.144 0.11033 0.10992629
0.1445 0.1133783 0.11260448
0.145 0.1164394 0.11524994
0.1455 0.1195132 0.11786244
0.146 0.122589 0.1204418
0.1465 0.1256601 0.122987665
0.147 0.1287419 0.12549984
0.1475 0.1318419 0.1279782
0.148 0.1349602 0.13042265
0.1485 0.1380948 0.13283303
0.149 0.1412437 0.13520923
0.1495 0.1444027 0.13755119
0.15 0.1475664 0.14754507
0.1505 0.15058 0.15554008
0.151 0.15324 0.16207501
0.1515 0.1556734 0.16748062
0.152 0.1579802 0.17198595
0.1525 0.1601996 0.17575976
0.153 0.1623473 0.17893139
0.1535 0.1644172 0.18160278
0.154 0.1663944 0.18385527
0.1545 0.1682833 0.18575516
0.155 0.1701184 0.18735692
0.1555 0.1719161 0.18870565
0.156 0.1736764 0.18983921
0.1565 0.1753935 0.19078904
0.157 0.1770616 0.19158208
0.1575 0.1786764 0.1922409
0.158 0.1802354 0.1927847
0.1585 0.1817372 0.19322988
0.159 0.1831815 0.19359037
0.1595 0.1845685 0.19387808
0.16 0.1858985 0.19410318
0.1605 0.1871682 0.19427454
0.161 0.1883472 0.19439933
0.1615 0.1894627 0.19448414
0.162 0.1905367 0.19453433
0.1625 0.1915723 0.19455463
0.163 0.1923711 0.19454888
0.1635 0.1930798 0.1945205
0.164 0.1938284 0.19447222
0.1645 0.1946171 0.1944066
0.165 0.1954206 0.19432548
0.1655 0.1962138 0.19423077
0.166 0.1969779 0.19412377
0.1665 0.197701 0.19400564
0.167 0.1983765 0.19387722
0.1675 0.1990011 0.19373935
0.168 0.1995736 0.19359258
0.1685 0.2000934 0.19343737
0.169 0.2005616 0.19327387
0.1695 0.2009806 0.19310245
0.17 0.2013523 0.19292316
0.1705 0.2016782 0.19273603
0.171 0.2019597 0.19254088
0.1715 0.2021974 0.19233784
0.172 0.2023742 0.19212672
0.1725 0.2024942 0.19190714
0.173 0.2025776 0.191679
0.1735 0.2026325 0.19144204
0.174 0.2026594 0.1911959
0.1745 0.2026559 0.19094032
0.175 0.2026198 0.19067505
0.1755 0.2025497 0.19039965
0.176 0.2024448 0.19011375
0.1765 0.2023049 0.1898171
0.177 0.2021302 0.18950936
0.1775 0.2019212 0.18919012
0.178 0.2016782 0.18885913
0.1785 0.2014019 0.18851602
0.179 0.2010925 0.18816045
0.1795 0.2007349 0.18779206
0.18 0.2003299 0.18741056
0.1805 0.199896 0.18701586
0.181 0.1994414 0.18660736
0.1815 0.1989664 0.18618497
0.182 0.1984687 0.18574837
0.1825 0.197946 0.18529728
0.183 0.1973971 0.18483165
0.1835 0.1968211 0.18435103
0.184 0.196211 0.18385535
0.1845 0.1955353 0.1833444
0.185 0.1948121 0.182818
0.1855 0.1940786 0.18227601
0.186 0.1933419 0.18171829
0.1865 0.1925974 0.18114468
0.187 0.1918392 0.18055508
0.1875 0.1910628 0.17994934
0.188 0.1902652 0.1793274
0.1885 0.1894449 0.17868921
0.189 0.1886011 0.1780346
0.1895 0.1877338 0.17736363
0.19 0.1868431 0.17667603
0.1905 0.1859296 0.17597201
0.191 0.1849936 0.17525133
0.1915 0.1840357 0.17451414
0.192 0.1830559 0.17376027
0.1925 0.1820547 0.17298964
0.193 0.1810328 0.17220229
0.1935 0.1799901 0.17139825
0.194 0.1789267 0.17057753
0.1945 0.177844 0.16973999
0.195 0.1767429 0.16888568
0.1955 0.1756242 0.16801447
0.196 0.1744882 0.16712654
0.1965 0.1733351 0.16622183
0.197 0.1721652 0.16530019
0.1975 0.1709784 0.16436166
0.198 0.1697751 0.16340622
0.1985 0.1685554 0.1624338
0.199 0.1673195 0.16144443
0.1995 0.1660678 0.16043794
0.2 0.1648003 0.16153961
0.2005 0.1620785 0.16427708
0.201 0.1580661 0.16789135
0.2015 0.1546608 0.17181146
0.202 0.151965 0.17562923
0.2025 0.1497098 0.17906862
0.203 0.1476933 0.1819568
0.2035 0.145807 0.18419771
0.204 0.1439992 0.18575181
0.2045 0.1422463 0.18661907
0.205 0.1405377 0.18682668
0.2055 0.138869 0.18641979
0.206 0.1372382 0.1854543
0.2065 0.1356445 0.18399175
0.207 0.1340879 0.18209599
0.2075 0.1325682 0.17982991
0.208 0.1310859 0.17725398
0.2085 0.129641 0.17442475
0.209 0.1282338 0.1713943
0.2095 0.1268645 0.16820978
0.21 0.1255333 0.16491325
0.2105 0.1242403 0.16154177
0.211 0.1229856 0.15812777
0.2115 0.1217694 0.15469912
0.212 0.1205917 0.1512798
0.2125 0.1194525 0.14789012
0.213 0.1183519 0.1445472
0.2135 0.1172898 0.14126532
0.214 0.1162663 0.13805634
0.2145 0.1152811 0.13492996
0.215 0.1143343 0.13189413
0.2155 0.1134258 0.12895508
0.216 0.1125554 0.12611797
0.2165 0.111723 0.1233866
0.217 0.1109284 0.12076389
0.2175 0.1101714 0.118252
0.218 0.1094519 0.115852304
0.2185 0.1087697 0.11356566
0.219 0.1081246 0.11139236
0.2195 0.1075162 0.10933227
0.22 0.1069445 0.10738491
0.2205 0.106409 0.10554943
0.221 0.1059097 0.1038248
0.2215 0.1054461 0.102209575
0.222 0.105018 0.10070229
0.2225 0.1046252 0.09930111
0.223 0.1042674 0.098004244
0.2235 0.1039441 0.09680954
0.224 0.1036552 0.09571498
0.2245 0.1034004 0.09471824
0.225 0.1031792 0.09381693
0.2255 0.1029914 0.093008704
0.226 0.1028366 0.092291124
0.2265 0.1027146 0.09166164
0.227 0.102625 0.09111779
0.2275 0.1025674 0.09065684
0.228 0.1025415 0.09027634
0.2285 0.102547 0.08997362
0.229 0.1025835 0.08974617
0.2295 0.1026507 0.08959133
0.23 0.1027482 0.089506514
0.2305 0.1028757 0.08948917
0.231 0.1030328 0.089536734
0.2315 0.1032192 0.08964675
0.232 0.1034346 0.08981673
0.2325 0.1036786 0.09004413
0.233 0.1039507 0.090326644
0.2335 0.1042508 0.0906618
0.234 0.1045784 0.09104741
0.2345 0.1049333 0.09148108
0.235 0.1053149 0.09196053
0.2355 0.1057231 0.09248362
0.236 0.1061575 0.09304822
0.2365 0.1066176 0.093652226
0.237 0.1071033 0.09429351
0.2375 0.1076141 0.094970204
0.238 0.1081497 0.095680214
0.2385 0.1087098 0.09642168
0.239 0.1092941 0.097192846
0.2395 0.1099022 0.09799185
0.24 0.1105338 0.09881688
0.2405 0.1111885 0.09966635
0.241 0.1118661 0.10053856
0.2415 0.1125663 0.101431854
0.242 0.1132886 0.10234477
0.2425 0.1140329 0.10327568
0.243 0.1147987 0.10422323
0.2435 0.1155859 0.1051859
0.244 0.116394 0.10616244
0.2445 0.1172228 0.107151486
0.245 0.118072 0.108151756
0.2455 0.1189413 0.10916192
0.246 0.1198304 0.11018088
0.2465 0.120739 0.1112074
0.247 0.1216665 0.11224037
0.2475 0.1226126 0.11327877
0.248 0.1235774 0.11432148
0.2485 0.1245606 0.11536751
0.249 0.125562 0.116415896
0.2495 0.1265815 0.11746568
0.25 0.1276187 0.10139873
0.2505 0.12856 0.09108264
0.251 0.1292115 0.08435988
0.2515 0.1296668 0.080116875
0.252 0.1300139 0.077691816
0.2525 0.1302941 0.076646246
0.253 0.1305246 0.07666505
0.2535 0.1307117 0.07750859
0.254 0.1308497 0.078988455
0.2545 0.1309316 0.08095308
0.255 0.1309746 0.08327932
0.2555 0.130988 0.08586654
0.256 0.1309729 0.08863225
0.2565 0.1309277 0.0915088
0.257 0.1308507 0.09444084
0.2575 0.1307404 0.09738321
0.258 0.1305962 0.10029927
0.2585 0.1304178 0.103159465
0.259 0.1302052 0.105940185
0.2595 0.1299589 0.10862284
0.26 0.1296792 0.111193076
0.2605 0.1293667 0.11363994
0.261 0.1290218 0.11595552
0.2615 0.1286452 0.1181343
0.262 0.1282373 0.12017277
0.2625 0.1277987 0.12206922
0.263 0.1273299 0.12382325
0.2635 0.1268314 0.12543559
0.264 0.1263037 0.12690796
0.2645 0.1257472 0.12824275
0.265 0.1251626 0.12944297
0.2655 0.1245501 0.1305121
0.266 0.1239104 0.13145393
0.2665 0.1232437 0.13227251
0.267 0.1225507 0.13297209
0.2675 0.1218316 0.13355699
0.268 0.121087 0.13403161
0.2685 0.1203173 0.13440032
0.269 0.1195228 0.13466752
0.2695 0.118704 0.1348375
0.27 0.1178613 0.13491447
0.2705 0.1169951 0.13490258
0.271 0.1161058 0.13480583
0.2715 0.1151938 0.13462806
0.272 0.1142595 0.13437302
0.2725 0.1133032 0.13404427
0.273 0.1123254 0.13364525
0.2735 0.1113263 0.1331792
0.274 0.1103064 0.13264929
0.2745 0.1092661 0.13205843
0.275 0.1082056 0.13140945
0.2755 0.1071253 0.13070501
0.276 0.1060257 0.12994765
0.2765 0.1049069 0.1291397
0.277 0.1037694 0.12828343
0.2775 0.1026134 0.1273809
0.278 0.1014394 0.1264341
0.2785 0.1002476 0.1254449
0.279 0.09903835 0.12441502
0.2795 0.09781194 0.123346046
0.28 0.09656868 0.12223953
0.2805 0.09530888 0.12109686
0.281 0.09403284 0.11991935
0.2815 0.09274084 0.11870822
0.282 0.09143318 0.117464654
0.2825 0.09011013 0.11618965
0.283 0.08877197 0.114884235
0.2835 0.08741898 0.113549285
0.284 0.08605142 0.11218568
0.2845 0.08466957 0.11079419
0.285 0.08327367 0.10937554
0.2855 0.08186399 0.107930414
0.286 0.08044077 0.10645943
0.2865 0.07900427 0.10496319
0.287 0.07755473 0.1034422
0.2875 0.07609238 0.10189698
0.288 0.07461746 0.10032797
0.2885 0.07313021 0.09873561
0.289 0.07163084 0.09712029
0.2895 0.07011959 0.095482394
0.29 0.06859666 0.09382225
0.2905 0.06706228 0.09214019
0.291 0.06551666 0.090436496
0.2915 0.06396 0.08871146
0.292 0.06239251 0.08696535
0.2925 0.06081439 0.08519839
0.293 0.05922583 0.08341082
0.2935 0.05762704 0.08160287
0.294 0.05601819 0.079774745
0.2945 0.05439948 0.07792664
0.295 0.05277109 0.07605876
0.2955 0.0511332 0.074171275
0.296 0.04948598 0.07226439
0.2965 0.04782962 0.070338264
0.297 0.04616427 0.068393074
0.2975 0.04449011 0.066429
0.298 0.0428073 0.06444622
0.2985 0.041116 0.06244491
0.299 0.03941637 0.06042526
0.2995 0.03770857 0.058387443
0.3 0.03599274 0.080068424
0.3005 0.03438231 0.09093333
0.301 0.03307104 0.09448668
0.3015 0.03196521 0.09314464
0.302 0.03097681 0.08863475
0.3025 0.03006414 0.082212
0.303 0.02921022 0.07478461
0.3035 0.02840837 0.06699661
0.304 0.02765572 0.059289083
0.3045 0.02695084 0.051949076
0.305 0.02629274 0.045149475
0.3055 0.02568064 0.03898097
0.306 0.02511384 0.033477224
0.3065 0.02459165 0.028633928
0.307 0.02411344 0.024422815
0.3075 0.02367855 0.020801773
0.308 0.02328637 0.017721778
0.3085 0.02293628 0.015131613
0.309 0.02262768 0.012980869
0.3095 0.02235996 0.011221712
0.31 0.02213252 0.009810111
0.3105 0.02194478 0.008705979
0.311 0.02179615 0.007873451
0.3115 0.02168606 0.0072807577
0.312 0.02161392 0.0068999883
0.3125 0.02157917 0.0067065116
0.313 0.02158124 0.006679019
0.3135 0.02161958 0.006798839
0.314 0.02169364 0.007049745
0.3145 0.02180286 0.007417714
0.315 0.0219467 0.007890498
0.3155 0.02212462 0.008457368
0.316 0.0223361 0.009109056
0.3165 0.02258061 0.009837499
0.317 0.02285762 0.010635575
0.3175 0.02316662 0.011497011
0.318 0.02350711 0.012416309
0.3185 0.02387858 0.013388654
0.319 0.02428053 0.0144097265
0.3195 0.02471247 0.015475711
0.32 0.02517391 0.01658312
0.3205 0.02566438 0.0177289
0.321 0.02618292 0.018910235
0.3215 0.02672332 0.02012465
0.322 0.02728786 0.021369806
0.3225 0.02788124 0.022643616
0.323 0.02850449 0.02394419
0.3235 0.0291568 0.025269708
0.324 0.0298369 0.026618516
0.3245 0.03054358 0.02798908
0.325 0.03127587 0.029379984
0.3255 0.03203299 0.030789843
0.326 0.03281431 0.03221745
0.3265 0.03361762 0.03366155
0.327 0.03443682 0.035121
0.3275 0.03527681 0.036594816
0.328 0.03613237 0.038081862
0.3285 0.03700662 0.039581187
0.329 0.0378999 0.041091867
0.3295 0.03882129 0.042612948
0.33 0.03977224 0.04414361
0.3305 0.04075034 0.04568296
0.331 0.04175275 0.04723019
0.3315 0.04277721 0.0487845
0.332 0.04382176 0.050345175
0.3325 0.04487685 0.05191139
0.333 0.04594341 0.05348245
0.3335 0.04702929 0.055057682
0.334 0.04813753 0.05663634
0.3345 0.04926785 0.0582178
0.335 0.05041881 0.059801318
0.3355 0.05158893 0.06138634
0.336 0.052777 0.06297221
0.3365 0.05398215 0.06455829
0.337 0.05520372 0.066144
0.3375 0.05644125 0.067728676
0.338 0.05769438 0.069311835
0.3385 0.05895977 0.07089291
0.339 0.06021616 0.07247124
0.3395 0.06148061 0.07404641
0.34 0.06276838 0.07561774
0.3405 0.06408167 0.07718483
0.341 0.06541788 0.078747146
0.3415 0.06677367 0.08030409
0.342 0.06814631 0.08185526
0.3425 0.06953388 0.08340011
0.343 0.0709351 0.084938206
0.3435 0.07234917 0.086469136
0.344 0.07377554 0.08799224
0.3445 0.07521367 0.089507304
0.345 0.07666331 0.09101375
0.3455 0.07812442 0.092511214
0.346 0.07959696 0.09399926
0.3465 0.08108089 0.095477425
0.347 0.08257617 0.09694535
0.3475 0.08408262 0.0984026
0.348 0.08560006 0.09984883
0.3485 0.08712826 0.10128372
0.349 0.08866706 0.10270677
0.3495 0.09021627 0.104117714
0.35 0.0917757 0.088660516
0.3505 0.09323193 0.079121195
0.351 0.09439109 0.07319895
0.3515 0.09534677 0.069731854
0.352 0.09618693 0.06803956
0.3525 0.09695333 0.06767673
0.353 0.09766304 0.06832612
0.3535 0.09832278 0.069748424
0.354 0.09893543 0.0717567
0.3545 0.09950239 0.074201785
0.355 0.1000246 0.07696325
0.3555 0.1005029 0.07994347
0.356 0.1009378 0.08306303
0.3565 0.10133 0.086257376
0.357 0.1016802 0.0894742
0.3575 0.1019889 0.0926712
0.358 0.1022565 0.09581449
0.3585 0.1024833 0.098877065
0.359 0.1026699 0.101837724
0.3595 0.1028171 0.10468017
0.36 0.1029258 0.10739199
0.3605 0.1029964 0.10996422
0.361 0.1030294 0.11239054
0.3615 0.1030255 0.114667125
0.362 0.1029854 0.116791844
0.3625 0.1029097 0.11876429
0.363 0.1027989 0.12058522
0.3635 0.1026536 0.122256406
0.364 0.1024742 0.123780504
0.3645 0.1022614 0.12516083
0.365 0.1020155 0.12640108
0.3655 0.1017369 0.12750544
0.366 0.1014261 0.12847832
0.3665 0.1010837 0.12932429
0.367 0.1007102 0.13004811
0.3675 0.1003061 0.13065451
0.368 0.09987196 0.13114832
0.3685 0.09940825 0.1315342
0.369 0.09891544 0.13181686
0.3695 0.09839399 0.13200088
0.37 0.09784436 0.13209066
0.3705 0.09726699 0.1320906
0.371 0.09666234 0.13200483
0.3715 0.09603086 0.13183737
0.372 0.09537297 0.1315921
0.3725 0.09468912 0.1312727
0.373 0.09397974 0.13088271
0.3735 0.09324524 0.13042547
0.374 0.09248605 0.1299042
0.3745 0.09170258 0.12932186
0.375 0.09089524 0.1286814
0.3755 0.09006443 0.12798549
0.376 0.08921055 0.12723666
0.3765 0.08833399 0.12643734
0.377 0.08743514 0.12558977
0.3775 0.08651437 0.124696076
0.378 0.08557206 0.123758234
0.3785 0.08460858 0.12277812
0.379 0.0836243 0.12175745
0.3795 0.08261957 0.120697886
0.38 0.08159475 0.1196009
0.3805 0.08055018 0.11846794
0.381 0.07948622 0.117300294
0.3815 0.07840318 0.1160992
0.382 0.07730142 0.11486579
0.3825 0.07618124 0.11360111
0.383 0.07504299 0.11230615
0.3835 0.07388696 0.11098183
0.384 0.07271349 0.10962895
0.3845 0.07152286 0.10824833
0.385 0.07031538 0.10684069
0.3855 0.06909136 0.105406694
0.386 0.06785108 0.103946954
0.3865 0.06659482 0.10246207
0.387 0.06532288 0.10095254
0.3875 0.06403553 0.09941889
0.388 0.06273304 0.09786156
0.3885 0.06141568 0.09628097
0.389 0.06008371 0.094677545
0.3895 0.05873741 0.09305162
0.39 0.05737701 0.09140354
0.3905 0.05600277 0.08973364
0.391 0.05461495 0.0880422
0.3915 0.05321377 0.08632951
0.392 0.05179948 0.08459584
0.3925 0.05037232 0.08284142
0.393 0.04893251 0.081066474
0.3935 0.04748028 0.07927124
0.394 0.04601586 0.07745594
0.3945 0.04453945 0.07562075
0.395 0.04305128 0.073765896
0.3955 0.04155156 0.07189153
0.396 0.04004049 0.06999787
0.3965 0.03851827 0.0680851
0.397 0.03698511 0.06615336
0.3975 0.03544121 0.06420288
0.398 0.03388675 0.06223382
0.3985 0.03232193 0.06024637
0.399 0.03074693 0.05824072
0.3995 0.02916194 0.056217067
0.4 0.02756712 0.054175615
0.4005 0.02600987 0.0517388
0.401 0.0245738 0.049087748
0.4015 0.02322544 0.046340093
0.402 0.02192834 0.043571107
0.4025 0.02066351 0.04082807
0.403 0.0194223 0.038139857
0.4035 0.01820083 0.035523325
0.404 0.01699729 0.032987468
0.4045 0.01581077 0.030536206
0.405 0.01464078 0.028170152
0.4055 0.01348697 0.025887841
0.406 0.01234909 0.023686493
0.4065 0.01122692 0.02156254
0.407 0.01012027 0.019511988
0.4075 0.009028953 0.017530655
0.408 0.007952793 0.015614329
0.4085 0.006891618 0.013758866
0.409 0.005845254 0.011960281
0.4095 0.004813532 0.0102148
0.41 0.003796284 0.008518862
0.4105 0.002793342 0.006869184
0.411 0.001804539 0.0052627306
0.4115 0.0008297083 0.0036967155
0.412 -0.0001313152 0.0021686312
0.4125 -0.001078697 0.0006762091
0.413 -0.0020126 -0.0007825885
0.4135 -0.002933189 -0.0022095721
0.414 -0.003840627 -0.003606325
0.4145 -0.004735075 -0.0049742665
0.415 -0.005616695 -0.006314637
0.4155 -0.006485646 -0.0076284986
0.416 -0.007342089 -0.008916801
0.4165 -0.008186182 -0.010180343
0.417 -0.009018082 -0.011419823
0.4175 -0.009837946 -0.012635848
0.418 -0.01064593 -0.013828931
0.4185 -0.01144219 -0.014999503
0.419 -0.01222687 -0.016147966
0.4195 -0.01300013 -0.017274646
0.42 -0.01376212 -0.018379832
0.4205 -0.014513 -0.019463753
0.421 -0.0152529 -0.02052666
0.4215 -0.01598197 -0.021568747
0.422 -0.01670037 -0.0225902
0.4225 -0.01740823 -0.023591192
0.423 -0.0181057 -0.02457189
0.4235 -0.01879292 -0.025532437
0.424 -0.01947003 -0.026473017
0.4245 -0.02013718 -0.027393764
0.425 -0.02079449 -0.02829484
0.4255 -0.02144211 -0.029176416
0.426 -0.02208016 -0.030038642
0.4265 -0.0227088 -0.030881697
0.427 -0.02332813 -0.031705767
0.4275 -0.02393831 -0.03251102
0.428 -0.02453945 -0.03329765
0.4285 -0.02513168 -0.034065858
0.429 -0.02571514 -0.03481584
0.4295 -0.02628994 -0.035547823
0.43 -0.02685622 -0.036262013
0.4305 -0.02741408 -0.036958635
0.431 -0.02796366 -0.037637927
0.4315 -0.02850507 -0.038300127
0.432 -0.02903843 -0.03894548
0.4325 -0.02956385 -0.03957423
0.433 -0.03008146 -0.040186644
0.4335 -0.03059136 -0.040782943
0.434 -0.03109367 -0.04136344
0.4345 -0.0315885 -0.041928373
0.435 -0.03207595 -0.042478025
0.4355 -0.03255615 -0.043012656
0.436 -0.03302918 -0.043532565
0.4365 -0.03349516 -0.044038013
0.437 -0.0339542 -0.04452929
0.4375 -0.03440638 -0.045006678
0.438 -0.03485183 -0.04547043
0.4385 -0.03529063 -0.04592087
0.439 -0.03572288 -0.046358272
0.4395 -0.03614868 -0.046782896
0.44 -0.03656813 -0.04719504
0.4405 -0.03698132 -0.047594987
0.441 -0.03738835 -0.047983006
0.4415 -0.0377893 -0.048359387
0.442 -0.03818427 -0.048724383
0.4425 -0.03857335 -0.049078293
0.443 -0.03895662 -0.049421355
0.4435 -0.03933417 -0.049753882
0.444 -0.03970609 -0.05007612
0.4445 -0.04007247 -0.050388314
0.445 -0.04043338 -0.05069074
0.4455 -0.0407889 -0.05098366
0.446 -0.04113913 -0.05126732
0.4465 -0.04148413 -0.051541954
0.447 -0.041824 -0.051807836
0.4475 -0.04215879 -0.052065186
0.448 -0.0424886 -0.052314214
0.4485 -0.0428135 -0.052555203
0.449 -0.04313356 -0.052788347
0.4495 -0.04344885 -0.053013906
0.45 -0.04375945 -0.05323205
0.4505 -0.04406542 -0.053443015
0.451 -0.04436684 -0.053647026
0.4515 -0.04466378 -0.053844266
0.452 -0.0449563 -0.05403494
0.4525 -0.04524448 -0.054219276
0.453 -0.04552837 -0.05439742
0.4535 -0.04580805 -0.05456958
0.454 -0.04608357 -0.054735936
0.4545 -0.04635499 -0.054896653
0.455 -0.0466224 -0.055051945
0.4555 -0.04688583 -0.05520197
0.456 -0.04714536 -0.055346854
0.4565 -0.04740103 -0.0554868
0.457 -0.04765292 -0.055621937
0.4575 -0.04790108 -0.055752434
0.458 -0.04814556 -0.055878453
0.4585 -0.04838643 -0.056000106
0.459 -0.04862373 -0.056117564
0.4595 -0.04885752 -0.056230962
0.46 -0.04908785 -0.056340396
0.4605 -0.04931478 -0.05644603
0.461 -0.04953836 -0.056547977
0.4615 -0.04975863 -0.05664637
0.462 -0.04997566 -0.05674132
0.4625 -0.05018948 -0.056832924
0.463 -0.05040015 -0.056921326
0.4635 -0.05060771 -0.057006612
0.464 -0.05081222 -0.05708889
0.4645 -0.05101371 -0.057168268
0.465 -0.05121224 -0.057244837
0.4655 -0.05140785 -0.057318695
0.466 -0.05160058 -0.057389937
0.4665 -0.05179048 -0.057458647
0.467 -0.05197759 -0.057524912
0.4675 -0.05216196 -0.057588823
0.468 -0.05234361 -0.057650454
0.4685 -0.05252261 -0.057709888
0.469 -0.05269898 -0.057767205
0.4695 -0.05287276 -0.05782246
0.47 -0.053044 -0.05787576
0.4705 -0.05321273 -0.057927117
0.471 -0.05337899 -0.05797665
0.4715 -0.05354283 -0.0580244
0.472 -0.05370427 -0.058070436
0.4725 -0.05386335 -0.05811482
0.473 -0.0540201 -0.058157615
0.4735 -0.05417457 -0.058198854
0.474 -0.05432679 -0.05823861
0.4745 -0.05447679 -0.058276936
0.475 -0.0546246 -0.05831387
0.4755 -0.05477026 -0.05834946
0.476 -0.0549138 -0.058383785
0.4765 -0.05505526 -0.05841686
0.477 -0.05519466 -0.058448724
0.4775 -0.05533203 -0.058479443
0.478 -0.05546741 -0.05850906
0.4785 -0.05560082 -0.058537588
0.479 -0.0557323 -0.05856508
0.4795 -0.05586187 -0.058591567
0.48 -0.05598956 -0.0586171
0.4805 -0.05611541 -0.05864171
0.481 -0.05623943 -0.058665417
0.4815 -0.05636166 -0.058688268
0.482 -0.05648213 -0.05871027
0.4825 -0.05660085 -0.058731496
0.483 -0.05671786 -0.05875192
0.4835 -0.05683318 -0.058771625
0.484 -0.05694684 -0.0587906
0.4845 -0.05705886 -0.058808886
0.485 -0.05716926 -0.05882649
0.4855 -0.05727808 -0.058843464
0.486 -0.05738533 -0.058859818
0.4865 -0.05749104 -0.058875576
0.487 -0.05759522 -0.058890752
0.4875 -0.05769792 -0.058905378
0.488 -0.05779913 -0.058919467
0.4885 -0.0578989 -0.058933035
0.489 -0.05799723 -0.058946125
0.4895 -0.05809416 -0.058958724
0.49 -0.05818969 -0.05897086
0.4905 -0.05828386 -0.058982544
0.491 -0.05837668 -0.0589938
0.4915 -0.05846817 -0.059004657
0.492 -0.05855836 -0.05901511
0.4925 -0.05864726 -0.05902519
0.493 -0.05873489 -0.0590349
0.4935 -0.05882127 -0.059044227
0.494 -0.05890641 -0.059053242
0.4945 -0.05899035 -0.059061907
0.495 -0.05907308 -0.059070267
0.4955 -0.05915464 -0.0590783
0.496 -0.05923504 -0.059086062
0.4965 -0.0593143 -0.059093527
0.497 -0.05939243 -0.059100717
0.4975 -0.05946945 -0.059107646
0.498 -0.05954538 -0.059114322
0.4985 -0.05962023 -0.05912076
0.499 -0.05969402 -0.05912695
0.4995 -0.05976676 -0.05913291
