0.0 -0.065 0.0072019957
0.0005 -0.065 0.0058930703
0.001 -0.065 0.009130936
0.0015 -0.065 0.011923708
0.002 -0.065 0.013119053
0.0025 -0.065 0.012747962
0.003 -0.065 0.0111576095
0.0035 -0.065 0.008722842
0.004 -0.065 0.005759485
0.0045 -0.065 0.0025088787
0.005 -0.065 -0.0008544028
0.0055 -0.065 -0.004209146
0.006 -0.065 -0.0074744374
0.0065 -0.065 -0.01059895
0.007 -0.065 -0.013552319
0.0075 -0.065 -0.016319104
0.008 -0.065 -0.018893942
0.0085 -0.065 -0.0212783
0.009 -0.065 -0.023477986
0.0095 -0.065 -0.025501601
0.01 -0.065 -0.02735924
0.0105 -0.065 -0.02906172
0.011 -0.065 -0.030620128
0.0115 -0.065 -0.032045305
0.012 -0.065 -0.03334766
0.0125 -0.065 -0.03453722
0.013 -0.065 -0.035623237
0.0135 -0.065 -0.03661447
0.014 -0.065 -0.037518978
0.0145 -0.065 -0.038344152
0.015 -0.065 -0.039096914
0.0155 -0.065 -0.039783493
0.016 -0.065 -0.04040966
0.0165 -0.065 -0.04098072
0.017 -0.065 -0.041501522
0.0175 -0.065 -0.041976407
0.018 -0.065 -0.042409442
0.0185 -0.065 -0.04280431
0.019 -0.065 -0.043164313
0.0195 -0.065 -0.043492585
0.02 -0.065 -0.04379189
0.0205 -0.065 -0.04406479
0.021 -0.065 -0.044313602
0.0215 -0.065 -0.04454045
0.022 -0.065 -0.044747278
0.0225 -0.065 -0.044935837
0.023 -0.065 -0.045107767
0.0235 -0.065 -0.04526449
0.024 -0.065 -0.045407392
0.0245 -0.065 -0.04553763
0.025 -0.065 -0.045656383
0.0255 -0.065 -0.045764662
0.026 -0.065 -0.045863353
0.0265 -0.065 -0.04595331
0.027 -0.065 -0.046035364
0.0275 -0.065 -0.04611013
0.028 -0.065 -0.04617832
0.0285 -0.065 -0.046240464
0.029 -0.065 -0.046297096
0.0295 -0.065 -0.046348743
0.03 -0.065 -0.04639586
0.0305 -0.065 -0.04643876
0.031 -0.065 -0.04647792
0.0315 -0.065 -0.046513565
0.032 -0.065 -0.046546064
0.0325 -0.065 -0.046575688
0.033 -0.065 -0.04660272
0.0335 -0.065 -0.04662735
0.034 -0.065 -0.04664979
0.0345 -0.065 -0.046670288
0.035 -0.065 -0.04668895
0.0355 -0.065 -0.046705954
0.036 -0.065 -0.04672146
0.0365 -0.065 -0.0467356
0.037 -0.065 -0.04674848
0.0375 -0.065 -0.04676023
0.038 -0.065 -0.04677093
0.0385 -0.065 -0.046780683
0.039 -0.065 -0.0467896
0.0395 -0.065 -0.0467977
0.04 -0.065 -0.04680509
0.0405 -0.065 -0.046811834
0.041 -0.065 -0.04681799
0.0415 -0.065 -0.046823606
0.042 -0.065 -0.046828702
0.0425 -0.065 -0.04683336
0.043 -0.065 -0.046837613
0.0435 -0.065 -0.046841465
0.044 -0.065 -0.04684499
0.0445 -0.065 -0.0468482
0.045 -0.065 -0.046851106
0.0455 -0.065 -0.04685379
0.046 -0.065 -0.046856217
0.0465 -0.065 -0.046858452
0.047 -0.065 -0.04686045
0.0475 -0.065 -0.04686234
0.048 -0.065 -0.04686401
0.0485 -0.065 -0.046865515
0.049 -0.065 -0.0468669
0.0495 -0.065 -0.046868183
0.05 -0.065 -0.046869352
0.0505 -0.065 -0.04687041
0.051 -0.065 -0.046871394
0.0515 -0.065 -0.046872243
0.052 -0.065 -0.046873063
0.0525 -0.065 -0.046873808
0.053 -0.065 -0.04687447
0.0535 -0.065 -0.04687506
0.054 -0.065 -0.04687564
0.0545 -0.065 -0.04687611
0.055 -0.065 -0.046876602
0.0555 -0.065 -0.04687702
0.056 -0.065 -0.046877384
0.0565 -0.065 -0.046877734
0.057 -0.065 -0.04687804
0.0575 -0.065 -0.046878353
0.058 -0.065 -0.046878614
0.0585 -0.065 -0.04687886
0.059 -0.065 -0.046879098
0.0595 -0.065 -0.04687926
0.06 -0.065 -0.04687941
0.0605 -0.065 -0.04687959
0.061 -0.065 -0.04687974
0.0615 -0.065 -0.046879895
0.062 -0.065 -0.046880037
0.0625 -0.065 -0.04688012
0.063 -0.065 -0.046880238
0.0635 -0.065 -0.046880357
0.064 -0.065 -0.046880484
0.0645 -0.065 -0.046880543
0.065 -0.065 -0.046880618
0.0655 -0.065 -0.046880677
0.066 -0.065 -0.04688075
0.0665 -0.065 -0.046880797
0.067 -0.065 -0.046880856
0.0675 -0.065 -0.04688088
0.068 -0.065 -0.046880923
0.0685 -0.065 -0.046880938
0.069 -0.065 -0.046880968
0.0695 -0.065 -0.046881005
0.07 -0.065 -0.04688102
0.0705 -0.065 -0.04688105
0.071 -0.065 -0.046881065
0.0715 -0.065 -0.046881095
0.072 -0.065 -0.04688111
0.0725 -0.065 -0.046881124
0.073 -0.065 -0.04688114
0.0735 -0.065 -0.046881154
0.074 -0.065 -0.04688117
0.0745 -0.065 -0.046881184
0.075 -0.065 -0.0468812
0.0755 -0.065 -0.0468812
0.076 -0.065 -0.046881214
0.0765 -0.065 -0.04688123
0.077 -0.065 -0.04688123
0.0775 -0.065 -0.04688123
0.078 -0.065 -0.04688123
0.0785 -0.065 -0.04688123
0.079 -0.065 -0.04688123
0.0795 -0.065 -0.04688123
0.08 -0.065 -0.04688123
0.0805 -0.065 -0.04688123
0.081 -0.065 -0.04688123
0.0815 -0.065 -0.04688123
0.082 -0.065 -0.04688123
0.0825 -0.065 -0.04688123
0.083 -0.065 -0.04688123
0.0835 -0.065 -0.04688123
0.084 -0.065 -0.04688123
0.0845 -0.065 -0.04688123
0.085 -0.065 -0.04688123
0.0855 -0.065 -0.04688123
0.086 -0.065 -0.04688123
0.0865 -0.065 -0.04688123
0.087 -0.065 -0.04688123
0.0875 -0.065 -0.04688123
0.088 -0.065 -0.04688123
0.0885 -0.065 -0.04688123
0.089 -0.065 -0.04688123
0.0895 -0.065 -0.04688123
0.09 -0.065 -0.04688123
0.0905 -0.065 -0.04688123
0.091 -0.065 -0.04688123
0.0915 -0.065 -0.04688123
0.092 -0.065 -0.04688123
0.0925 -0.065 -0.04688123
0.093 -0.065 -0.04688123
0.0935 -0.065 -0.04688123
0.094 -0.065 -0.04688123
0.0945 -0.065 -0.04688123
0.095 -0.065 -0.04688123
0.0955 -0.065 -0.04688123
0.096 -0.065 -0.04688123
0.0965 -0.065 -0.04688123
0.097 -0.065 -0.04688123
0.0975 -0.065 -0.04688123
0.098 -0.065 -0.04688123
0.0985 -0.065 -0.04688123
0.099 -0.065 -0.04688123
0.0995 -0.065 -0.04688123
0.1 -0.065 -0.04690589
0.1005 -0.06494761 -0.048119955
0.101 -0.06473782 -0.04924147
0.1015 -0.06439992 -0.049839713
0.102 -0.06397623 -0.049834937
0.1025 -0.06349078 -0.049274802
0.103 -0.06295507 -0.048241653
0.1035 -0.06237442 -0.046817318
0.104 -0.06175127 -0.04507245
0.1045 -0.06108685 -0.043064766
0.105 -0.06038183 -0.040840708
0.1055 -0.05963665 -0.03843762
0.106 -0.05884941 -0.035885602
0.1065 -0.05801833 -0.03320919
0.107 -0.05714869 -0.030428886
0.1075 -0.05624245 -0.02756175
0.108 -0.05529956 -0.024622127
0.1085 -0.05431948 -0.021622423
0.109 -0.05330176 -0.018573351
0.1095 -0.05224614 -0.015484218
0.11 -0.05115262 -0.012363136
0.1105 -0.05002133 -0.009217419
0.111 -0.04885252 -0.006053485
0.1115 -0.04764648 -0.0028769895
0.112 -0.04640353 0.00030693412
0.1125 -0.04512382 0.0034935214
0.113 -0.04380529 0.0066786557
0.1135 -0.04244963 0.009858537
0.114 -0.04105945 0.013029709
0.1145 -0.03963534 0.016189002
0.115 -0.03817725 0.019333549
0.1155 -0.03668506 0.022460662
0.116 -0.03515878 0.025567949
0.1165 -0.03359878 0.028653242
0.117 -0.03200773 0.031714447
0.1175 -0.0303851 0.03474977
0.118 -0.02872922 0.03775742
0.1185 -0.02704341 0.04073581
0.119 -0.02532789 0.04368358
0.1195 -0.0235804 0.046599388
0.12 -0.02180001 0.049481876
0.1205 -0.0199867 0.052330054
0.121 -0.01813975 0.055142857
0.1215 -0.01625946 0.05791933
0.122 -0.01434701 0.06065867
0.1225 -0.01240944 0.0633601
0.123 -0.0104471 0.06602282
0.1235 -0.008463332 0.06864626
0.124 -0.006456354 0.07122988
0.1245 -0.004417142 0.07377311
0.125 -0.002343218 0.076275475
0.1255 -0.0002425777 0.07873658
0.126 0.001875091 0.08115608
0.1265 0.004021204 0.08353376
0.127 0.006203786 0.08586914
0.1275 0.008423155 0.088162206
0.128 0.01067145 0.0904127
0.1285 0.0129432 0.0926205
0.129 0.01524392 0.09478546
0.1295 0.01757546 0.09690759
0.13 0.01993689 0.09898681
0.1305 0.02232646 0.101023085
0.131 0.02474259 0.10301658
0.1315 0.02718407 0.1049672
0.132 0.02965003 0.10687513
0.1325 0.03213992 0.10874043
0.133 0.03465353 0.110563196
0.1335 0.03718376 0.11234372
0.134 0.0397233 0.11408197
0.1345 0.0422838 0.115778334
0.135 0.04487206 0.11743296
0.1355 0.04748887 0.11904619
0.136 0.05013269 0.12061808
0.1365 0.05280156 0.122149
0.137 0.05549383 0.12363935
0.1375 0.05820829 0.12508926
0.138 0.06094405 0.12649915
0.1385 0.0637004 0.12786925
0.139 0.06647679 0.12919998
0.1395 0.06927262 0.1304917
0.14 0.07207516 0.13174477
0.1405 0.07488636 0.13295954
0.141 0.0777195 0.13413641
0.1415 0.0805789 0.13527578
0.142 0.08345116 0.13637805
0.1425 0.0863235 0.13744363
0.143 0.08921314 0.13847283
0.1435 0.09213138 0.13946632
0.144 0.09507975 0.14042422
0.1445 0.09805558 0.14134714
0.145 0.1010554 0.14223555
0.1455 0.1040761 0.14308974
0.146 0.1071154 0.14391032
0.1465 0.110172 0.14469755
0.147 0.1132381 0.14545202
0.1475 0.1162957 0.14617413
0.148 0.1193632 0.1468643
0.1485 0.1224547 0.14752308
0.149 0.1255719 0.1481508
0.1495 0.1286954 0.14874807
0.15 0.131829 0.14931536
0.1505 0.1348813 0.14988115
0.151 0.1376447 0.15054512
0.1515 0.1401745 0.15136445
0.152 0.1425519 0.15236661
0.1525 0.1448223 0.15355971
0.153 0.1470076 0.15493885
0.1535 0.1491178 0.15649149
0.154 0.1511571 0.1582005
0.1545 0.1531272 0.1600466
0.155 0.1550272 0.1620098
0.1555 0.1568554 0.16407052
0.156 0.1585942 0.16620988
0.1565 0.1602565 0.16841054
0.157 0.1618421 0.17065647
0.1575 0.1633532 0.17293277
0.158 0.1647847 0.17522657
0.1585 0.1661462 0.17752567
0.159 0.1674605 0.17981967
0.1595 0.1687323 0.18209895
0.16 0.1699345 0.18435475
0.1605 0.1710704 0.18657938
0.161 0.1721576 0.18876591
0.1615 0.1731995 0.19090801
0.162 0.1741926 0.19299984
0.1625 0.1751326 0.19503623
0.163 0.1760158 0.19701225
0.1635 0.17684 0.19892359
0.164 0.1776039 0.20076606
0.1645 0.1783072 0.20253587
0.165 0.1789498 0.20422935
0.1655 0.1795322 0.20584303
0.166 0.1800548 0.20737395
0.1665 0.1805182 0.20881894
0.167 0.1809229 0.21017516
0.1675 0.1812676 0.21143973
0.168 0.1815247 0.21261021
0.1685 0.1817145 0.21368396
0.169 0.1818588 0.2146585
0.1695 0.1819616 0.21553147
0.17 0.1820207 0.21630064
0.1705 0.1820328 0.2169638
0.171 0.1819951 0.21751857
0.1715 0.181906 0.21796298
0.172 0.1817409 0.21829501
0.1725 0.1813172 0.21851248
0.173 0.1808496 0.2186136
0.1735 0.1804269 0.21859634
0.174 0.1800385 0.21845886
0.1745 0.1796547 0.21819934
0.175 0.1792504 0.21781603
0.1755 0.1788088 0.21730718
0.176 0.1783198 0.2166712
0.1765 0.1777778 0.2159065
0.177 0.177181 0.2150116
0.1775 0.1765301 0.21398503
0.178 0.1758264 0.2128255
0.1785 0.1750713 0.21153179
0.179 0.174266 0.2101028
0.1795 0.173412 0.20853746
0.18 0.1725103 0.20683473
0.1805 0.1715619 0.20499417
0.181 0.170568 0.20301491
0.1815 0.1695293 0.20089656
0.182 0.1684468 0.19863892
0.1825 0.1673211 0.19624165
0.183 0.166153 0.19370493
0.1835 0.1649432 0.19102895
0.184 0.1636923 0.18821415
0.1845 0.1624009 0.18526101
0.185 0.1610696 0.18217048
0.1855 0.159699 0.17894343
0.186 0.1582895 0.17558116
0.1865 0.1568416 0.17208502
0.187 0.155356 0.1684567
0.1875 0.153833 0.16469786
0.188 0.1522731 0.16081074
0.1885 0.1506769 0.15679735
0.189 0.1490447 0.15266013
0.1895 0.147377 0.14840174
0.19 0.1456744 0.14402485
0.1905 0.1439371 0.13953242
0.191 0.1421658 0.13492754
0.1915 0.1403607 0.13021344
0.192 0.1385223 0.12539363
0.1925 0.136651 0.120471545
0.193 0.1347474 0.11545087
0.1935 0.1328116 0.11033542
0.194 0.1308443 0.1051291
0.1945 0.1288457 0.09983592
0.195 0.1268164 0.09446001
0.1955 0.1247566 0.08900569
0.196 0.1226667 0.08347714
0.1965 0.1205472 0.07787888
0.197 0.1183985 0.072215416
0.1975 0.1162209 0.06649121
0.198 0.1140147 0.06071102
0.1985 0.1117804 0.05487949
0.199 0.1095184 0.04900138
0.1995 0.1072289 0.043081522
0.2 0.1049124 0.037099082
0.2005 0.102674 0.028544396
0.201 0.100724 0.020025209
0.2015 0.09900424 0.01255602
0.202 0.09743039 0.006402049
0.2025 0.09595474 0.0015199445
0.203 0.09455461 -0.0022374392
0.2035 0.09321974 -0.0050348155
0.204 0.09194552 -0.007022757
0.2045 0.09072982 -0.008329023
0.205 0.08957164 -0.0090591945
0.2055 0.08847043 -0.009299722
0.206 0.08742586 -0.0091216415
0.2065 0.0864377 -0.008583739
0.207 0.08550576 -0.007734984
0.2075 0.08462984 -0.006616924
0.208 0.08380975 -0.005264595
0.2085 0.0830453 -0.003708329
0.209 0.08233628 -0.0019741654
0.2095 0.08168244 -8.493662e-05
0.21 0.08108356 0.0019394346
0.2105 0.08053938 0.0040814653
0.211 0.08004962 0.0063254386
0.2115 0.07961402 0.008657686
0.212 0.07923226 0.011065736
0.2125 0.07890405 0.013538554
0.213 0.07862907 0.01606625
0.2135 0.07840699 0.018639967
0.214 0.07823746 0.021251582
0.2145 0.07812014 0.023893751
0.215 0.07805468 0.026559994
0.2155 0.0780407 0.029244252
0.216 0.07807783 0.03194113
0.2165 0.07816569 0.0346457
0.217 0.07830389 0.03735339
0.2175 0.07849204 0.040060088
0.218 0.07872974 0.04276205
0.2185 0.07901657 0.04545585
0.219 0.07935214 0.048138373
0.2195 0.07973603 0.050806798
0.22 0.08016781 0.05345846
0.2205 0.08064707 0.056090944
0.221 0.08117337 0.05870215
0.2215 0.0817463 0.061290033
0.222 0.08236542 0.063852675
0.2225 0.08303029 0.066388525
0.223 0.08374048 0.06889605
0.2235 0.08449534 0.07137377
0.224 0.08529429 0.07382051
0.2245 0.08613699 0.07623512
0.225 0.0870232 0.07861648
0.2255 0.08795263 0.08096383
0.226 0.0889249 0.083276145
0.2265 0.08993957 0.08555267
0.227 0.09099618 0.08779288
0.2275 0.09209427 0.08999605
0.228 0.09323337 0.09216169
0.2285 0.09441301 0.09428931
0.229 0.09563276 0.09637845
0.2295 0.09689215 0.0984289
0.23 0.09819075 0.1004403
0.2305 0.09952812 0.10241238
0.231 0.1009038 0.10434491
0.2315 0.1023174 0.10623775
0.232 0.103768 0.108090855
0.2325 0.1052553 0.10990424
0.233 0.106779 0.111677684
0.2335 0.1083382 0.113411255
0.234 0.1099314 0.11510501
0.2345 0.1115443 0.11675898
0.235 0.1131808 0.11837319
0.2355 0.1148549 0.11994798
0.236 0.1165711 0.1214833
0.2365 0.1183271 0.12297944
0.237 0.1201215 0.124436475
0.2375 0.1219531 0.12585467
0.238 0.1238203 0.12723428
0.2385 0.1257216 0.12857562
0.239 0.1276557 0.12987879
0.2395 0.1296149 0.1311442
0.24 0.1315733 0.13237211
0.2405 0.1335374 0.13356283
0.241 0.1355371 0.13471675
0.2415 0.1375848 0.13583404
0.242 0.1396798 0.1369153
0.2425 0.1418168 0.1379607
0.243 0.1439907 0.13897058
0.2435 0.1461976 0.13994548
0.244 0.1484347 0.14088565
0.2445 0.1507001 0.1417915
0.245 0.1529926 0.14266351
0.2455 0.1553115 0.14350209
0.246 0.1576562 0.14430758
0.2465 0.1600264 0.14508036
0.247 0.1624218 0.14582098
0.2475 0.1648422 0.14652964
0.248 0.1672872 0.14720702
0.2485 0.1697448 0.14785343
0.249 0.1721196 0.14846933
0.2495 0.1743618 0.1490551
0.25 0.176684 0.14961153
0.2505 0.1790243 0.15016636
0.251 0.1811549 0.15081984
0.2515 0.1831057 0.15162891
0.252 0.1849371 0.15262127
0.2525 0.1866801 0.15380499
0.253 0.1883473 0.15517536
0.2535 0.1899435 0.15671957
0.254 0.1914706 0.15842065
0.2545 0.1929188 0.16025916
0.255 0.1942738 0.16221508
0.2555 0.1955587 0.16426882
0.256 0.1967892 0.1664016
0.2565 0.1979689 0.16859588
0.257 0.1990959 0.17083564
0.2575 0.2001678 0.17310622
0.258 0.2011828 0.17539439
0.2585 0.20214 0.17768821
0.259 0.2030388 0.17997709
0.2595 0.2038792 0.18225136
0.26 0.2046613 0.18450236
0.2605 0.2053853 0.18672234
0.261 0.2060486 0.18890443
0.2615 0.2066303 0.19104221
0.262 0.2071431 0.19312987
0.2625 0.2076063 0.19516227
0.263 0.2080256 0.1971345
0.2635 0.2083999 0.19904208
0.264 0.2087219 0.20088091
0.2645 0.2089603 0.20264715
0.265 0.2091431 0.20433718
0.2655 0.2092871 0.20594773
0.266 0.2093918 0.2074754
0.2665 0.2094528 0.20891732
0.267 0.2094665 0.2102705
0.2675 0.2094307 0.2115322
0.268 0.2093442 0.21269986
0.2685 0.2092063 0.21377087
0.269 0.2090171 0.21474281
0.2695 0.2087768 0.21561325
0.27 0.2084859 0.21637997
0.2705 0.2081446 0.21704063
0.271 0.2077535 0.21759307
0.2715 0.2073058 0.21803528
0.272 0.20678 0.21836504
0.2725 0.2062077 0.2185804
0.273 0.2056021 0.21867952
0.2735 0.2049622 0.21866018
0.274 0.2042728 0.2185207
0.2745 0.2035222 0.2182593
0.275 0.2027285 0.21787411
0.2755 0.2019004 0.21736345
0.276 0.2010381 0.21672577
0.2765 0.2001391 0.21595934
0.277 0.1992006 0.21506274
0.2775 0.1982211 0.21403456
0.278 0.1971996 0.21287346
0.2785 0.1961358 0.21157807
0.279 0.1950297 0.2101475
0.2795 0.1938818 0.20858061
0.28 0.1926925 0.20687649
0.2805 0.1914623 0.2050344
0.281 0.1901918 0.2030538
0.2815 0.1888815 0.20093405
0.282 0.187532 0.198675
0.2825 0.1861438 0.19627646
0.283 0.1847174 0.19373843
0.2835 0.1832533 0.19106111
0.284 0.1817521 0.18824497
0.2845 0.180214 0.1852907
0.285 0.1786398 0.18219888
0.2855 0.1770297 0.17897063
0.286 0.1753842 0.1756072
0.2865 0.1737037 0.17210993
0.287 0.1719888 0.16848046
0.2875 0.1702398 0.1647206
0.288 0.1684571 0.16083238
0.2885 0.1666411 0.15681791
0.289 0.1647923 0.15267971
0.2895 0.162911 0.1484203
0.29 0.1609977 0.14404243
0.2905 0.1590527 0.13954908
0.291 0.1570765 0.1349433
0.2915 0.1550694 0.13022834
0.292 0.1530318 0.12540767
0.2925 0.1509641 0.12048478
0.293 0.1488667 0.115463324
0.2935 0.1467399 0.110347055
0.294 0.1445841 0.10514006
0.2945 0.1423998 0.099846184
0.295 0.1401871 0.09446964
0.2955 0.1379466 0.08901465
0.296 0.1356785 0.08348554
0.2965 0.1333832 0.0778867
0.297 0.1310611 0.07222269
0.2975 0.1287125 0.06649795
0.298 0.1263378 0.060717255
0.2985 0.1239372 0.054885242
0.299 0.1215111 0.049006693
0.2995 0.1190599 0.04308644
0.3 0.1165838 0.037103653
0.3005 0.1141881 0.028548598
0.301 0.1120829 0.020029064
0.3015 0.1102101 0.012559503
0.302 0.1084853 0.006405242
0.3025 0.1068608 0.001522895
0.303 0.1053139 -0.0022347607
0.3035 0.1038342 -0.005032357
0.304 0.1024171 -0.007020477
0.3045 0.1010606 -0.008326899
0.305 0.09976347 -0.009057257
0.3055 0.09852524 -0.009297922
0.306 0.09734552 -0.009119961
0.3065 0.09622407 -0.0085821785
0.307 0.09516066 -0.007733602
0.3075 0.09415508 -0.0066156387
0.308 0.0932071 -0.0052634254
0.3085 0.09231651 -0.00370723
0.309 0.09148307 -0.001973115
0.3095 0.09070653 -8.393079e-05
0.31 0.08998661 0.001940392
0.3105 0.08932305 0.004082322
0.311 0.08871556 0.006326262
0.3115 0.08816381 0.008658394
0.312 0.08766751 0.011066407
0.3125 0.08722632 0.0135392025
0.313 0.08683989 0.016066883
0.3135 0.08650789 0.018640526
0.314 0.08622994 0.021252073
0.3145 0.08600568 0.023894288
0.315 0.08583473 0.026560463
0.3155 0.08571671 0.029244773
0.316 0.08565122 0.0319416
0.3165 0.08563785 0.034646124
0.317 0.0856762 0.03735377
0.3175 0.08576586 0.040060416
0.318 0.08590641 0.0427624
0.3185 0.08609742 0.04545621
0.319 0.08633847 0.048138782
0.3195 0.08662912 0.050807133
0.32 0.08696894 0.053458773
0.3205 0.08735748 0.056091227
0.321 0.0877943 0.0587024
0.3215 0.08827896 0.061290227
0.322 0.08881101 0.063852884
0.3225 0.08939 0.066388704
0.323 0.09001548 0.06889621
0.3235 0.09068699 0.07137395
0.324 0.09140409 0.07382063
0.3245 0.09216631 0.07623529
0.325 0.0929732 0.07861666
0.3255 0.09382431 0.08096396
0.326 0.09471918 0.08327628
0.3265 0.09565727 0.085552864
0.327 0.09663785 0.08779303
0.3275 0.09766052 0.08999617
0.328 0.09872508 0.09216172
0.3285 0.09983126 0.09428931
0.329 0.1009786 0.0963785
0.3295 0.1021668 0.09842888
0.33 0.1033951 0.10044027
0.3305 0.1046618 0.102412306
0.331 0.1059664 0.10434488
0.3315 0.1073101 0.10623778
0.332 0.1086929 0.108090855
0.3325 0.1101145 0.10990418
0.333 0.1115742 0.111677684
0.3335 0.1130656 0.113411196
0.334 0.1145765 0.115104966
0.3345 0.1161199 0.11675892
0.335 0.1177048 0.11837319
0.3355 0.1193298 0.11994792
0.336 0.1209932 0.121483244
0.3365 0.1226946 0.12297938
0.337 0.1244201 0.124436446
0.3375 0.1261735 0.12585464
0.338 0.1279657 0.12723428
0.3385 0.1297995 0.12857556
0.339 0.131673 0.12987882
0.3395 0.1335835 0.13114417
0.34 0.1355284 0.13237208
0.3405 0.1375061 0.1335629
0.341 0.1395151 0.13471675
0.3415 0.1415545 0.13583413
0.342 0.1436238 0.13691524
0.3425 0.1457223 0.1379607
0.343 0.1478497 0.13897061
0.3435 0.1500056 0.13994548
0.344 0.1521898 0.14088562
0.3445 0.1544019 0.14179146
0.345 0.1566416 0.14266354
0.3455 0.1589084 0.14350209
0.346 0.1612022 0.14430752
0.3465 0.1635059 0.14508036
0.347 0.1658065 0.14582095
0.3475 0.1681301 0.14652964
0.348 0.1704905 0.14720702
0.3485 0.1728903 0.14785346
0.349 0.1753269 0.14846936
0.3495 0.1777966 0.1490551
0.35 0.1802959 0.14961153
0.3505 0.1827176 0.15016639
0.351 0.1848499 0.15081984
0.3515 0.1867502 0.15162891
0.352 0.1885022 0.15262127
0.3525 0.1901451 0.15380499
0.353 0.1916819 0.15517536
0.3535 0.1931433 0.1567196
0.354 0.1945507 0.15842065
0.3545 0.1959097 0.16025916
0.355 0.1972189 0.16221508
0.3555 0.1984757 0.16426882
0.356 0.1996778 0.1664016
0.3565 0.2008236 0.16859588
0.357 0.2019124 0.17083564
0.3575 0.2029435 0.17310622
0.358 0.2039146 0.17539442
0.3585 0.2048037 0.17768821
0.359 0.2056206 0.17997709
0.3595 0.206386 0.18225136
0.36 0.2071065 0.18450236
0.3605 0.207781 0.18672234
0.361 0.2083925 0.18890443
0.3615 0.2089237 0.19104221
0.362 0.2094071 0.19312987
0.3625 0.2098511 0.19516227
0.363 0.2102526 0.1971345
0.3635 0.210607 0.19904208
0.364 0.2109111 0.20088091
0.3645 0.2111629 0.20264715
0.365 0.2113615 0.20433718
0.3655 0.2115064 0.20594773
0.366 0.2115977 0.2074754
0.3665 0.2116189 0.20891732
0.367 0.2115664 0.2102705
0.3675 0.2114632 0.2115322
0.368 0.2113194 0.21269986
0.3685 0.2111253 0.21377087
0.369 0.2108601 0.21474281
0.3695 0.2105534 0.21561325
0.37 0.2102135 0.21637997
0.3705 0.2098377 0.21704063
0.371 0.2094217 0.21759307
0.3715 0.2089622 0.21803528
0.372 0.2084569 0.21836504
0.3725 0.2079048 0.2185804
0.373 0.2073047 0.21867952
0.3735 0.2066557 0.21866018
0.374 0.2059591 0.2185207
0.3745 0.2052164 0.2182593
0.375 0.2044286 0.21787411
0.3755 0.2035965 0.21736345
0.376 0.2027206 0.21672577
0.3765 0.2018013 0.21595934
0.377 0.2008382 0.21506274
0.3775 0.1998315 0.21403456
0.378 0.198782 0.21287346
0.3785 0.1976906 0.21157807
0.379 0.196558 0.2101475
0.3795 0.1953847 0.20858061
0.38 0.1941712 0.20687649
0.3805 0.1929179 0.2050344
0.381 0.1916251 0.2030538
0.3815 0.1902934 0.20093405
0.382 0.1889231 0.198675
0.3825 0.1875147 0.19627646
0.383 0.1860687 0.19373843
0.3835 0.1845855 0.19106111
0.384 0.1830655 0.18824497
0.3845 0.1814919 0.1852907
0.385 0.1798596 0.18219888
0.3855 0.1781983 0.17897063
0.386 0.1765159 0.1756072
0.3865 0.1748108 0.17210993
0.387 0.1730794 0.16848046
0.3875 0.1713184 0.1647206
0.388 0.1695261 0.16083238
0.3885 0.1677012 0.15681791
0.389 0.1658435 0.15267971
0.3895 0.1639528 0.1484203
0.39 0.1620296 0.14404243
0.3905 0.1600741 0.13954908
0.391 0.1580869 0.1349433
0.3915 0.1560685 0.13022834
0.392 0.1540192 0.12540767
0.3925 0.1519396 0.12048478
0.393 0.1498302 0.115463324
0.3935 0.1476913 0.110347055
0.394 0.1455234 0.10514006
0.3945 0.143327 0.099846184
0.395 0.1411023 0.09446964
0.3955 0.1388498 0.08901465
0.396 0.1365699 0.08348554
0.3965 0.1342629 0.0778867
0.397 0.1319291 0.07222269
0.3975 0.1295691 0.06649795
0.398 0.127183 0.060717255
0.3985 0.1247712 0.054885242
0.399 0.1223341 0.049006693
0.3995 0.1198719 0.04308644
0.4 0.1173851 0.037129305
0.4005 0.1149263 0.029839218
0.401 0.1126009 0.022511307
0.4015 0.1103799 0.015674882
0.402 0.1082212 0.009494998
0.4025 0.1061012 0.0039783344
0.403 0.1040087 -0.0009288974
0.4035 0.1019385 -0.0052971058
0.404 0.09988872 -0.009195361
0.4045 0.09785825 -0.012685105
0.405 0.09584675 -0.015818939
0.4055 0.09385409 -0.018641196
0.406 0.09188022 -0.021189168
0.4065 0.08992516 -0.023494273
0.407 0.08798893 -0.025583342
0.4075 0.08607156 -0.027479261
0.408 0.08417307 -0.02920185
0.4085 0.0822935 -0.030768402
0.409 0.08043284 -0.032194003
0.4095 0.0785911 -0.033492073
0.41 0.07676828 -0.03467454
0.4105 0.07496436 -0.035752043
0.411 0.07317932 -0.03673412
0.4115 0.07141313 -0.037629373
0.412 0.06966576 -0.038445577
0.4125 0.06793716 -0.03918978
0.413 0.06622728 -0.03986831
0.4135 0.06453605 -0.04048708
0.414 0.06286342 -0.04105135
0.4145 0.06120932 -0.041565873
0.415 0.05957366 -0.04203502
0.4155 0.05795637 -0.04246281
0.416 0.05635735 -0.04285294
0.4165 0.05477652 -0.04320866
0.417 0.05321377 -0.043532968
0.4175 0.05166902 -0.04382865
0.418 0.05014214 -0.044098288
0.4185 0.04863304 -0.044344135
0.419 0.04714159 -0.044568285
0.4195 0.04566769 -0.04477264
0.42 0.04421121 -0.044958964
0.4205 0.04277203 -0.045128815
0.421 0.04135003 -0.04528366
0.4215 0.03994508 -0.045424834
0.422 0.03855705 -0.045553565
0.4225 0.0371858 -0.04567092
0.423 0.0358312 -0.04577791
0.4235 0.03449311 -0.045875423
0.424 0.03317141 -0.045964345
0.4245 0.03186594 -0.046045385
0.425 0.03057657 -0.046119288
0.4255 0.02930315 -0.046186633
0.426 0.02804555 -0.04624804
0.4265 0.02680361 -0.04630404
0.427 0.02557719 -0.046355084
0.4275 0.02436615 -0.046401612
0.428 0.02317034 -0.046444006
0.4285 0.02198961 -0.046482682
0.429 0.02082381 -0.04651793
0.4295 0.0196728 -0.046550058
0.43 0.01853643 -0.04657934
0.4305 0.01741455 -0.04660604
0.431 0.01630701 -0.046630375
0.4315 0.01521366 -0.046652555
0.432 0.01413436 -0.0466728
0.4325 0.01306895 -0.046691217
0.433 0.01201729 -0.046708025
0.4335 0.01097924 -0.04672335
0.434 0.009954629 -0.04673733
0.4345 0.008943329 -0.046750054
0.435 0.007945187 -0.046761647
0.4355 0.006960059 -0.046772234
0.436 0.005987798 -0.04678186
0.4365 0.00502826 -0.04679066
0.437 0.004081299 -0.04679867
0.4375 0.003146773 -0.046805985
0.438 0.002224539 -0.046812646
0.4385 0.001314455 -0.04681872
0.439 0.0004163788 -0.046824254
0.4395 -0.0004698295 -0.0468293
0.44 -0.001344309 -0.046833888
0.4405 -0.0022072 -0.046838105
0.441 -0.003058638 -0.04684192
0.4415 -0.003898762 -0.046845384
0.442 -0.004727706 -0.046848565
0.4425 -0.005545606 -0.046851456
0.443 -0.006352596 -0.046854116
0.4435 -0.007148807 -0.046856515
0.444 -0.007934373 -0.046858683
0.4445 -0.008709423 -0.046860717
0.445 -0.009474088 -0.046862558
0.4455 -0.01022849 -0.04686419
0.446 -0.01097277 -0.0468657
0.4465 -0.01170705 -0.046867065
0.447 -0.01243144 -0.046868347
0.4475 -0.01314608 -0.046869487
0.448 -0.01385109 -0.046870552
0.4485 -0.01454659 -0.046871506
0.449 -0.0152327 -0.04687234
0.4495 -0.01590953 -0.046873152
0.45 -0.01657722 -0.04687392
0.4505 -0.01723587 -0.046874523
0.451 -0.0178856 -0.04687514
0.4515 -0.01852653 -0.0468757
0.452 -0.01915877 -0.046876177
0.4525 -0.01978242 -0.04687666
0.453 -0.02039761 -0.046877064
0.4535 -0.02100445 -0.04687743
0.454 -0.02160303 -0.04687778
0.4545 -0.02219347 -0.04687807
0.455 -0.02277588 -0.046878383
0.4555 -0.02335035 -0.04687863
0.456 -0.023917 -0.046878874
0.4565 -0.02447593 -0.046879113
0.457 -0.02502724 -0.046879277
0.4575 -0.02557103 -0.046879426
0.458 -0.02610739 -0.046879604
0.4585 -0.02663643 -0.046879753
0.459 -0.02715825 -0.04687991
0.4595 -0.02767294 -0.046880037
0.46 -0.02818059 -0.04688012
0.4605 -0.02868131 -0.046880238
0.461 -0.02917517 -0.046880357
0.4615 -0.02966228 -0.046880484
0.462 -0.03014272 -0.046880543
0.4625 -0.03061659 -0.046880618
0.463 -0.03108396 -0.046880677
0.4635 -0.03154494 -0.04688075
0.464 -0.0319996 -0.046880797
0.4645 -0.03244804 -0.046880856
0.465 -0.03289032 -0.04688088
0.4655 -0.03332655 -0.046880923
0.466 -0.03375679 -0.046880938
0.4665 -0.03418114 -0.046880968
0.467 -0.03459966 -0.046881005
0.4675 -0.03501244 -0.04688102
0.468 -0.03541957 -0.04688105
0.4685 -0.0358211 -0.046881065
0.469 -0.03621713 -0.046881095
0.4695 -0.03660772 -0.04688111
0.47 -0.03699295 -0.046881124
0.4705 -0.0373729 -0.04688114
0.471 -0.03774763 -0.046881154
0.4715 -0.03811721 -0.04688117
0.472 -0.03848172 -0.046881184
0.4725 -0.03884123 -0.0468812
0.473 -0.0391958 -0.0468812
0.4735 -0.0395455 -0.046881214
0.474 -0.03989041 -0.04688123
0.4745 -0.04023057 -0.04688123
0.475 -0.04056607 -0.04688123
0.4755 -0.04089696 -0.04688123
0.476 -0.04122331 -0.04688123
0.4765 -0.04154517 -0.04688123
0.477 -0.04186262 -0.04688123
0.4775 -0.04217571 -0.04688123
0.478 -0.0424845 -0.04688123
0.4785 -0.04278906 -0.04688123
0.479 -0.04308943 -0.04688123
0.4795 -0.04338568 -0.04688123
0.48 -0.04367786 -0.04688123
0.4805 -0.04396604 -0.04688123
0.481 -0.04425026 -0.04688123
0.4815 -0.04453058 -0.04688123
0.482 -0.04480705 -0.04688123
0.4825 -0.04507973 -0.04688123
0.483 -0.04534867 -0.04688123
0.4835 -0.04561393 -0.04688123
0.484 -0.04587554 -0.04688123
0.4845 -0.04613357 -0.04688123
0.485 -0.04638806 -0.04688123
0.4855 -0.04663906 -0.04688123
0.486 -0.04688662 -0.04688123
0.4865 -0.04713078 -0.04688123
0.487 -0.0473716 -0.04688123
0.4875 -0.04760912 -0.04688123
0.488 -0.04784339 -0.04688123
0.4885 -0.04807445 -0.04688123
0.489 -0.04830234 -0.04688123
0.4895 -0.04852712 -0.04688123
0.49 -0.04874881 -0.04688123
0.4905 -0.04896748 -0.04688123
0.491 -0.04918315 -0.04688123
0.4915 -0.04939586 -0.04688123
0.492 -0.04960567 -0.04688123
0.4925 -0.04981261 -0.04688123
0.493 -0.05001672 -0.04688123
0.4935 -0.05021803 -0.04688123
0.494 -0.0504166 -0.04688123
0.4945 -0.05061245 -0.04688123
0.495 -0.05080562 -0.04688123
0.4955 -0.05099616 -0.04688123
0.496 -0.05118409 -0.04688123
0.4965 -0.05136946 -0.04688123
0.497 -0.05155229 -0.04688123
0.4975 -0.05173263 -0.04688123
0.498 -0.05191051 -0.04688123
0.4985 -0.05208596 -0.04688123
0.499 -0.05225902 -0.04688123
0.4995 -0.05242971 -0.04688123
