0.0 -0.065 -0.057742864
0.0005 -0.06491978 -0.057232052
0.001 -0.06465769 -0.056848146
0.0015 -0.06426001 -0.05655258
0.002 -0.06375221 -0.05631496
0.0025 -0.06314429 -0.056111284
0.003 -0.06244159 -0.055922627
0.0035 -0.06164809 -0.055734094
0.004 -0.06076727 -0.05553402
0.0045 -0.05980237 -0.05531331
0.005 -0.05875643 -0.055064954
0.0055 -0.05763234 -0.054783568
0.006 -0.05643283 -0.054465145
0.0065 -0.05515894 -0.054106735
0.007 -0.05381309 -0.05370626
0.0075 -0.05239941 -0.053262316
0.008 -0.05092105 -0.05277408
0.0085 -0.04938024 -0.05224115
0.009 -0.0477785 -0.051663473
0.0095 -0.04611745 -0.051041283
0.01 -0.04439877 -0.050375007
0.0105 -0.04262412 -0.04966525
0.011 -0.04079515 -0.048912734
0.0115 -0.03891347 -0.048118267
0.012 -0.0369806 -0.047282748
0.0125 -0.03499804 -0.046407074
0.013 -0.03296721 -0.045492195
0.0135 -0.03088948 -0.04453907
0.014 -0.02876615 -0.04354864
0.0145 -0.0265985 -0.042521864
0.015 -0.02438771 -0.041459665
0.0155 -0.02213495 -0.040362965
0.016 -0.01984134 -0.03923264
0.0165 -0.01750778 -0.03806956
0.017 -0.0151354 -0.036874577
0.0175 -0.01272528 -0.03564848
0.018 -0.01027835 -0.034392066
0.0185 -0.007795462 -0.033106063
0.019 -0.005277514 -0.031791206
0.0195 -0.002725377 -0.03044819
0.02 -0.0001399285 -0.029077679
0.0205 0.002474779 -0.027680293
0.021 0.005109993 -0.026256666
0.0215 0.007773966 -0.024807379
0.022 0.01047049 -0.023333006
0.0225 0.01319964 -0.021834083
0.023 0.01596048 -0.02031114
0.0235 0.01875187 -0.018764667
0.024 0.02157277 -0.017195158
0.0245 0.02442222 -0.0156030655
0.025 0.0272994 -0.01398886
0.0255 0.0302054 -0.012352958
0.026 0.03313442 -0.010695808
0.0265 0.03607339 -0.009017773
0.027 0.03903157 -0.007319264
0.0275 0.04201635 -0.005600691
0.028 0.04502867 -0.0038623959
0.0285 0.0480672 -0.0021047443
0.029 0.05113026 -0.00032811612
0.0295 0.05421757 0.0014671907
0.03 0.05732856 0.0032808036
0.0305 0.06046245 0.0051124245
0.031 0.06361848 0.006961696
0.0315 0.06679594 0.00882832
0.032 0.06999418 0.010712013
0.0325 0.07321255 0.012612417
0.033 0.07645031 0.014529295
0.0335 0.07970663 0.016462304
0.034 0.08296515 0.018411182
0.0345 0.08622976 0.020375632
0.035 0.08951431 0.022355363
0.0355 0.09282199 0.024350122
0.036 0.09615223 0.026359595
0.0365 0.09950373 0.02838356
0.037 0.1028752 0.030421726
0.0375 0.1062655 0.03247378
0.038 0.1096736 0.03453955
0.0385 0.1130988 0.036618687
0.039 0.1165401 0.03871099
0.0395 0.1199882 0.04081618
0.04 0.1234496 0.042933963
0.0405 0.1269283 0.045064136
0.041 0.1304238 0.047206394
0.0415 0.1339352 0.049360506
0.042 0.1374617 0.05152625
0.0425 0.1410028 0.053703316
0.043 0.1445577 0.055891477
0.0435 0.148126 0.058090486
0.044 0.1517073 0.06030009
0.0445 0.1553012 0.062520064
0.045 0.1589075 0.06475014
0.0455 0.1625259 0.06699004
0.046 0.1660918 0.06923955
0.0465 0.1694888 0.0714984
0.047 0.1729248 0.07376639
0.0475 0.1764296 0.07604327
0.048 0.1799959 0.07832872
0.0485 0.1836127 0.08062256
0.049 0.1872702 0.08292448
0.0495 0.1909492 0.08523431
0.05 0.1946318 0.087550454
0.0505 0.1982289 0.08980849
0.051 0.201611 0.09201004
0.0515 0.2047956 0.094156645
0.052 0.2076243 0.09624984
0.0525 0.2103681 0.09829115
0.053 0.213071 0.10028193
0.0535 0.2157235 0.10222358
0.054 0.2183137 0.104117386
0.0545 0.2208329 0.10596467
0.055 0.2232748 0.107766666
0.0555 0.2256357 0.1095246
0.056 0.2279132 0.111239664
0.0565 0.2301068 0.11291299
0.057 0.2322144 0.11454571
0.0575 0.2342228 0.11613887
0.058 0.236127 0.11769358
0.0585 0.2379307 0.11921088
0.059 0.239622 0.12069177
0.0595 0.2412324 0.12213718
0.06 0.2427799 0.12354808
0.0605 0.2442567 0.12492546
0.061 0.245654 0.12627009
0.0615 0.2469603 0.12758294
0.062 0.2480289 0.12886491
0.0625 0.2489361 0.1301167
0.063 0.2498565 0.13133916
0.0635 0.2508028 0.1325331
0.064 0.2517655 0.13369933
0.0645 0.2527282 0.13483852
0.065 0.2536777 0.1359514
0.0655 0.254523 0.13703874
0.066 0.2551079 0.13810113
0.0665 0.2557257 0.13913926
0.067 0.256389 0.14015386
0.0675 0.2570745 0.14114541
0.068 0.2577626 0.14211464
0.0685 0.2584389 0.14306211
0.069 0.2590518 0.14398843
0.0695 0.2595844 0.14489406
0.07 0.2600646 0.14577964
0.0705 0.2604991 0.14664564
0.071 0.2609156 0.14749265
0.0715 0.2613179 0.14832115
0.072 0.2617015 0.14913154
0.0725 0.2620607 0.14992437
0.073 0.262391 0.15070009
0.0735 0.2626897 0.15145916
0.074 0.2629549 0.15220195
0.0745 0.2631854 0.15292889
0.075 0.2633808 0.15364045
0.0755 0.2635408 0.15433693
0.076 0.2636656 0.1550188
0.0765 0.2637553 0.15568638
0.077 0.2638099 0.15634012
0.0775 0.2638302 0.15698037
0.078 0.263817 0.15760732
0.0785 0.2637709 0.15822145
0.079 0.2636927 0.15882298
0.0795 0.2635824 0.15941226
0.08 0.2634404 0.15998954
0.0805 0.2632682 0.16055524
0.081 0.2630673 0.16110963
0.0815 0.2628385 0.16165292
0.082 0.2625827 0.1621854
0.0825 0.2623004 0.16270727
0.083 0.2619924 0.16321889
0.0835 0.2616589 0.16372049
0.084 0.2613 0.16421226
0.0845 0.260916 0.16469449
0.085 0.260508 0.1651673
0.0855 0.2600767 0.16563109
0.086 0.2596228 0.16608596
0.0865 0.2591468 0.16653213
0.087 0.258649 0.16696972
0.0875 0.25813 0.16739905
0.088 0.2575901 0.1678203
0.0885 0.2570297 0.16823366
0.089 0.2564492 0.16863924
0.0895 0.255849 0.16903731
0.09 0.2552295 0.16942793
0.0905 0.254591 0.1698114
0.091 0.253934 0.17018774
0.0915 0.2532586 0.17055723
0.092 0.2525654 0.1709199
0.0925 0.2518546 0.17127603
0.093 0.2511265 0.17162567
0.0935 0.2503815 0.17196897
0.094 0.2496198 0.17230612
0.0945 0.2488419 0.17263725
0.095 0.248048 0.17296246
0.0955 0.2472383 0.17328185
0.096 0.2464132 0.17359558
0.0965 0.245573 0.1739038
0.097 0.2447179 0.17420655
0.0975 0.2438483 0.17450401
0.098 0.2429643 0.17479631
0.0985 0.2420662 0.17508343
0.099 0.2411543 0.17536557
0.0995 0.2402288 0.17564282
0.1 0.2392899 0.16780305
0.1005 0.226265 0.1602956
0.101 0.2146594 0.15310991
0.1015 0.2059195 0.14623466
0.102 0.1983364 0.13965872
0.1025 0.1913125 0.13337073
0.103 0.184673 0.12735948
0.1035 0.1783593 0.12161375
0.104 0.172347 0.11612251
0.1045 0.1666189 0.11087494
0.105 0.1611597 0.105860494
0.1055 0.1559546 0.10106886
0.106 0.1509903 0.09649011
0.1065 0.1462571 0.09211447
0.107 0.1417442 0.08793261
0.1075 0.137441 0.08393555
0.108 0.1333377 0.080114596
0.1085 0.1294251 0.0764614
0.109 0.1256943 0.07296794
0.1095 0.1221371 0.06962658
0.11 0.1187457 0.06642999
0.1105 0.1155122 0.063371174
0.111 0.1124306 0.060443364
0.1115 0.1094946 0.057640232
0.112 0.1066983 0.054955654
0.1125 0.1040357 0.052383862
0.113 0.1015016 0.04991927
0.1135 0.09909065 0.047556616
0.114 0.09679812 0.045290954
0.1145 0.0946194 0.04311744
0.115 0.09255015 0.041031606
0.1155 0.09058627 0.03902913
0.116 0.08872386 0.03710591
0.1165 0.08695924 0.035258137
0.117 0.08528891 0.033481993
0.1175 0.08370955 0.03177411
0.118 0.08221799 0.030131064
0.1185 0.08081125 0.028549783
0.119 0.07948642 0.027027287
0.1195 0.07824084 0.0255607
0.12 0.07707199 0.024147384
0.1205 0.07597734 0.022784732
0.121 0.0749545 0.021470405
0.1215 0.07400121 0.020201974
0.122 0.07311531 0.018977486
0.1225 0.07229477 0.017794691
0.123 0.07153764 0.016651742
0.1235 0.07084203 0.015546732
0.124 0.07020617 0.014477931
0.1245 0.06962835 0.013443612
0.125 0.06910692 0.012442343
0.1255 0.06864021 0.011472516
0.126 0.06822654 0.010532729
0.1265 0.06786457 0.009621672
0.127 0.067553 0.008738004
0.1275 0.06729053 0.007880591
0.128 0.06707591 0.0070482716
0.1285 0.06690792 0.0062398836
0.129 0.06678536 0.005454503
0.1295 0.06670711 0.004691057
0.13 0.06667206 0.0039486513
0.1305 0.06667913 0.0032264814
0.131 0.06672731 0.0025235638
0.1315 0.06681559 0.0018391833
0.132 0.06694302 0.0011725649
0.1325 0.06710811 0.0005229935
0.133 0.06729936 -0.00011024624
0.1335 0.06752254 -0.00072769076
0.134 0.06778361 -0.0013300553
0.1345 0.06808279 -0.0019179359
0.135 0.06841893 -0.002491869
0.1355 0.06879067 -0.0030523315
0.136 0.06919675 -0.0035998598
0.1365 0.06963603 -0.0041349903
0.137 0.07010748 -0.00465817
0.1375 0.07061017 -0.005169727
0.138 0.07114325 -0.0056701973
0.1385 0.07170592 -0.0061598793
0.139 0.07229505 -0.00663922
0.1395 0.07289837 -0.007108487
0.14 0.07352686 -0.007568188
0.1405 0.07418554 -0.0080184415
0.141 0.0748744 -0.0084597245
0.1415 0.07559231 -0.008892246
0.142 0.07633803 -0.009316273
0.1425 0.07711048 -0.009732164
0.143 0.07790866 -0.010140128
0.1435 0.07873172 -0.010540344
0.144 0.07957892 -0.010933198
0.1445 0.08044955 -0.0113187805
0.145 0.08134297 -0.01169733
0.1455 0.0822524 -0.012069114
0.146 0.08310492 -0.012434252
0.1465 0.08395616 -0.012792952
0.147 0.08485537 -0.013145365
0.1475 0.0857028 -0.013491727
0.148 0.08658611 -0.013832189
0.1485 0.08752889 -0.014166839
0.149 0.08851494 -0.014495887
0.1495 0.08954762 -0.014819421
0.15 0.09062203 -0.01513762
0.1505 0.09167953 -0.015449591
0.151 0.09264869 -0.015755631
0.1515 0.09355407 -0.016056098
0.152 0.0944069 -0.01635126
0.1525 0.0952097 -0.016641594
0.153 0.09596307 -0.01692722
0.1535 0.09666728 -0.017208405
0.154 0.09732235 -0.017485596
0.1545 0.09792853 -0.017758913
0.155 0.0984869 -0.018028624
0.1555 0.09899847 -0.018294998
0.156 0.09946418 -0.018558301
0.1565 0.09988496 -0.018818714
0.157 0.1002617 -0.019076355
0.1575 0.1005955 -0.019331552
0.158 0.1008871 -0.019584514
0.1585 0.1011376 -0.0198353
0.159 0.1013478 -0.02008424
0.1595 0.1015187 -0.02033142
0.16 0.1016513 -0.02057711
0.1605 0.1017462 -0.0208214
0.161 0.1018045 -0.021064349
0.1615 0.101827 -0.021306314
0.162 0.1018069 -0.021547325
0.1625 0.1017497 -0.021787502
0.163 0.1016616 -0.022027053
0.1635 0.1015357 -0.022266157
0.164 0.1013724 -0.022504814
0.1645 0.1011802 -0.022743173
0.165 0.1009615 -0.022981443
0.1655 0.1007163 -0.023219712
0.166 0.1004444 -0.0234581
0.1665 0.100145 -0.023696668
0.167 0.09981881 -0.023935504
0.1675 0.09946612 -0.024174757
0.168 0.09908721 -0.024414577
0.1685 0.0986823 -0.024654932
0.169 0.09825151 -0.024896003
0.1695 0.09779534 -0.025137879
0.17 0.09731433 -0.02538056
0.1705 0.09680895 -0.025624223
0.171 0.09627965 -0.02586893
0.1715 0.09572683 -0.02611462
0.172 0.09515088 -0.026361503
0.1725 0.0945522 -0.026609696
0.173 0.09393118 -0.026859082
0.1735 0.09328821 -0.027109839
0.174 0.09262368 -0.027361967
0.1745 0.09193796 -0.027615614
0.175 0.09123142 -0.027870692
0.1755 0.09050444 -0.02812741
0.176 0.08975738 -0.028385706
0.1765 0.08899058 -0.028645642
0.177 0.08820441 -0.028907247
0.1775 0.08739918 -0.02917058
0.178 0.08657525 -0.029435612
0.1785 0.08573293 -0.029702522
0.179 0.08487255 -0.02997116
0.1795 0.0839944 -0.030241646
0.18 0.08309881 -0.030514069
0.1805 0.08218607 -0.03078828
0.181 0.08125648 -0.031064458
0.1815 0.08031031 -0.031342484
0.182 0.07934785 -0.031622477
0.1825 0.07836937 -0.031904437
0.183 0.07737514 -0.032188304
0.1835 0.07636543 -0.032474197
0.184 0.07534049 -0.032762
0.1845 0.07430058 -0.033051796
0.185 0.07324594 -0.03334359
0.1855 0.07217681 -0.033637293
0.186 0.07109344 -0.03393302
0.1865 0.06999605 -0.034230687
0.187 0.06888488 -0.03453029
0.1875 0.06776014 -0.03483183
0.188 0.066622 -0.035135306
0.1885 0.06547057 -0.03544072
0.189 0.06430611 -0.035748012
0.1895 0.06312892 -0.03605724
0.19 0.06193923 -0.036368348
0.1905 0.06073727 -0.03668133
0.191 0.05952323 -0.036996134
0.1915 0.05829731 -0.037312813
0.192 0.05705969 -0.03763125
0.1925 0.05581055 -0.037951477
0.193 0.05455006 -0.03827346
0.1935 0.0532784 -0.038597234
0.194 0.05199573 -0.038922675
0.1945 0.05070224 -0.039249875
0.195 0.04939808 -0.039578654
0.1955 0.04808342 -0.03990913
0.196 0.04675841 -0.04024113
0.1965 0.04542322 -0.040574767
0.197 0.04407801 -0.040909924
0.1975 0.04272291 -0.04124663
0.198 0.04135809 -0.041584767
0.1985 0.03998369 -0.041924395
0.199 0.03859986 -0.042265438
0.1995 0.03720673 -0.042607896
0.2 0.03580446 -0.042951696
0.2005 0.03442746 -0.043279015
0.201 0.03314617 -0.043591224
0.2015 0.03194197 -0.0438895
0.202 0.03080001 -0.044174932
0.2025 0.02971493 -0.044448696
0.203 0.02868409 -0.044711657
0.2035 0.02770568 -0.044964798
0.204 0.02677817 -0.045208998
0.2045 0.02590018 -0.045445003
0.205 0.0250704 -0.04567354
0.2055 0.02428758 -0.0458953
0.206 0.02355052 -0.046110906
0.2065 0.02285809 -0.046320938
0.207 0.02220915 -0.04652589
0.2075 0.02160265 -0.046726264
0.208 0.02103756 -0.046922512
0.2085 0.02051287 -0.047115006
0.209 0.02002763 -0.0473041
0.2095 0.0195809 -0.047490172
0.21 0.0191718 -0.047673456
0.2105 0.01879945 -0.04785431
0.211 0.01846302 -0.048032917
0.2115 0.01816171 -0.048209466
0.212 0.01789473 -0.048384197
0.2125 0.01766133 -0.04855729
0.213 0.01746078 -0.048728876
0.2135 0.01729236 -0.048899107
0.214 0.01715541 -0.04906807
0.2145 0.01704924 -0.049235903
0.215 0.01697323 -0.049402677
0.2155 0.01692675 -0.049568467
0.216 0.0169092 -0.049733333
0.2165 0.01691998 -0.049897335
0.217 0.01695854 -0.050060533
0.2175 0.01702433 -0.05022294
0.218 0.0171168 -0.05038459
0.2185 0.01723544 -0.05054549
0.219 0.01737974 -0.050705664
0.2195 0.01754921 -0.05086512
0.22 0.01774337 -0.05102388
0.2205 0.01796177 -0.051181875
0.221 0.01820394 -0.051339187
0.2215 0.01846945 -0.051495753
0.222 0.01875787 -0.05165156
0.2225 0.01906877 -0.051806606
0.223 0.01940176 -0.051960878
0.2235 0.0197562 -0.05211436
0.224 0.02013043 -0.052267022
0.2245 0.02052508 -0.05241882
0.225 0.02094044 -0.052569784
0.2255 0.02137633 -0.052719854
0.226 0.0218324 -0.052869
0.2265 0.02230828 -0.05301722
0.227 0.02280358 -0.05316449
0.2275 0.02331792 -0.05331076
0.228 0.02385097 -0.053456046
0.2285 0.02440236 -0.053600274
0.229 0.02497177 -0.053743474
0.2295 0.02555888 -0.053885616
0.23 0.02616338 -0.054026626
0.2305 0.02678497 -0.054166533
0.231 0.02742335 -0.054305308
0.2315 0.02807825 -0.05444292
0.232 0.02874939 -0.05457937
0.2325 0.02943651 -0.054714613
0.233 0.03013933 -0.054848664
0.2335 0.0308576 -0.054981492
0.234 0.03159108 -0.05511307
0.2345 0.03233952 -0.05524341
0.235 0.03310267 -0.05537247
0.2355 0.0338802 -0.055500276
0.236 0.03466571 -0.055626802
0.2365 0.03546061 -0.055752017
0.237 0.03627012 -0.055875935
0.2375 0.03709536 -0.05599854
0.238 0.03793602 -0.056119807
0.2385 0.03879156 -0.05623976
0.239 0.03966142 -0.05635842
0.2395 0.04054511 -0.056475736
0.24 0.0414422 -0.056591697
0.2405 0.0423523 -0.056706347
0.241 0.04327509 -0.05681964
0.2415 0.04421026 -0.056931607
0.242 0.04515754 -0.057042234
0.2425 0.04611662 -0.057151534
0.243 0.04708704 -0.057259493
0.2435 0.0480687 -0.057366125
0.244 0.0490615 -0.05747143
0.2445 0.0500653 -0.057575412
0.245 0.05107996 -0.05767808
0.2455 0.05210531 -0.05777941
0.246 0.05314125 -0.057879455
0.2465 0.05418763 -0.057978176
0.247 0.05524429 -0.058075614
0.2475 0.05631107 -0.058171757
0.248 0.0573878 -0.058266625
0.2485 0.05847433 -0.058360204
0.249 0.05957051 -0.05845254
0.2495 0.06067619 -0.058543608
0.25 0.06179122 -0.058633424
0.2505 0.06286407 -0.05872201
0.251 0.06383071 -0.058809347
0.2515 0.06471965 -0.05889549
0.252 0.06554514 -0.058980413
0.2525 0.06631228 -0.059064135
0.253 0.06702361 -0.059146665
0.2535 0.06768094 -0.05922801
0.254 0.06828599 -0.059308194
0.2545 0.06884035 -0.059387244
0.255 0.0693455 -0.059465133
0.2555 0.06980287 -0.05954189
0.256 0.07021382 -0.059617527
0.2565 0.07057964 -0.059692048
0.257 0.07090159 -0.05976548
0.2575 0.07118088 -0.059837826
0.258 0.07141868 -0.059909083
0.2585 0.07161609 -0.059979312
0.259 0.07177421 -0.06004849
0.2595 0.07189408 -0.06011661
0.26 0.07197672 -0.06018371
0.2605 0.07202309 -0.060249805
0.261 0.07203414 -0.0603149
0.2615 0.07201078 -0.060379013
0.262 0.07195388 -0.060442142
0.2625 0.07186429 -0.060504302
0.263 0.07174282 -0.06056551
0.2635 0.07159028 -0.060625784
0.264 0.07140743 -0.060685143
0.2645 0.07119501 -0.06074357
0.265 0.07095374 -0.060801096
0.2655 0.0706843 -0.060857736
0.266 0.07038739 -0.060913496
0.2665 0.07006365 -0.06096839
0.267 0.06971371 -0.061022423
0.2675 0.06933818 -0.061075613
0.268 0.06893767 -0.061127983
0.2685 0.06851274 -0.06117952
0.269 0.06806396 -0.061230257
0.2695 0.06759187 -0.061280176
0.27 0.067097 -0.06132932
0.2705 0.06657987 -0.06137769
0.271 0.06604096 -0.061425284
0.2715 0.06548076 -0.06147214
0.272 0.06489976 -0.061518252
0.2725 0.06429839 -0.061563626
0.273 0.06367711 -0.061608255
0.2735 0.06303635 -0.0616522
0.274 0.06237653 -0.06169544
0.2745 0.06169806 -0.061737977
0.275 0.06100134 -0.06177985
0.2755 0.06028675 -0.06182105
0.276 0.05955468 -0.061861575
0.2765 0.0588055 -0.061901473
0.277 0.05803956 -0.061940722
0.2775 0.05725721 -0.06197934
0.278 0.0564588 -0.062017314
0.2785 0.05564465 -0.062054694
0.279 0.05481509 -0.06209147
0.2795 0.05397043 -0.062127672
0.28 0.05311099 -0.062163264
0.2805 0.05223706 -0.06219828
0.281 0.05134894 -0.062232725
0.2815 0.05044692 -0.06226664
0.282 0.04953126 -0.06229998
0.2825 0.04860225 -0.062332787
0.283 0.04766015 -0.06236504
0.2835 0.04670522 -0.06239678
0.284 0.04573771 -0.06242802
0.2845 0.04475788 -0.06245873
0.285 0.04376595 -0.062488936
0.2855 0.04276218 -0.06251868
0.286 0.04174678 -0.06254791
0.2865 0.04071999 -0.062576674
0.287 0.03968203 -0.062604964
0.2875 0.03863311 -0.062632784
0.288 0.03757343 -0.06266016
0.2885 0.03650322 -0.06268707
0.289 0.03542266 -0.062713556
0.2895 0.03433196 -0.0627396
0.29 0.0332313 -0.06276523
0.2905 0.03212088 -0.06279044
0.291 0.03100087 -0.06281523
0.2915 0.02987146 -0.062839605
0.292 0.02873283 -0.06286358
0.2925 0.02758515 -0.06288718
0.293 0.02642857 -0.06291037
0.2935 0.02526328 -0.062933184
0.294 0.02408943 -0.062955625
0.2945 0.02290717 -0.0629777
0.295 0.02171667 -0.062999405
0.2955 0.02051807 -0.06302075
0.296 0.01931152 -0.06304176
0.2965 0.01809716 -0.0630624
0.297 0.01687515 -0.06308271
0.2975 0.01564561 -0.063102685
0.298 0.01440868 -0.06312232
0.2985 0.0131645 -0.063141644
0.299 0.0119132 -0.06316065
0.2995 0.01065489 -0.06317932
0.3 0.009389719 -0.063197695
0.3005 0.008143516 -0.063215755
0.301 0.006948389 -0.06323353
0.3015 0.005790156 -0.063250996
0.302 0.004661746 -0.06326818
0.3025 0.003560665 -0.063285075
0.303 0.002485681 -0.06330169
0.3035 0.001435907 -0.06331802
0.304 0.0004105695 -0.0633341
0.3045 -0.0005910487 -0.063349895
0.305 -0.00156963 -0.06336543
0.3055 -0.002525826 -0.06338071
0.306 -0.003460265 -0.063395746
0.3065 -0.004373548 -0.06341052
0.307 -0.005266255 -0.06342505
0.3075 -0.006138946 -0.06343935
0.308 -0.006992157 -0.0634534
0.3085 -0.007826406 -0.06346721
0.309 -0.008642193 -0.06348079
0.3095 -0.009439999 -0.063494146
0.31 -0.01022029 -0.063507296
0.3105 -0.01098351 -0.06352021
0.311 -0.01173009 -0.06353291
0.3115 -0.01246045 -0.0635454
0.312 -0.01317499 -0.06355768
0.3125 -0.01387409 -0.06356976
0.313 -0.01455814 -0.06358163
0.3135 -0.0152275 -0.06359331
0.314 -0.01588251 -0.063604794
0.3145 -0.01652352 -0.0636161
0.315 -0.01715085 -0.06362719
0.3155 -0.01776483 -0.06363809
0.316 -0.01836575 -0.06364882
0.3165 -0.01895391 -0.06365938
0.317 -0.01952961 -0.06366975
0.3175 -0.02009312 -0.063679956
0.318 -0.02064471 -0.06368999
0.3185 -0.02118465 -0.06369986
0.319 -0.02171319 -0.06370955
0.3195 -0.02223058 -0.063719094
0.32 -0.02273706 -0.06372846
0.3205 -0.02323299 -0.06373768
0.321 -0.02371859 -0.06374674
0.3215 -0.02419391 -0.06375564
0.322 -0.02465915 -0.06376441
0.3225 -0.02511454 -0.06377302
0.323 -0.02556028 -0.06378149
0.3235 -0.02599658 -0.063789815
0.324 -0.02642363 -0.063798
0.3245 -0.02684163 -0.06380607
0.325 -0.02725076 -0.06381398
0.3255 -0.0276512 -0.06382176
0.326 -0.02804314 -0.063829415
0.3265 -0.02842673 -0.06383693
0.327 -0.02880215 -0.06384433
0.3275 -0.02916956 -0.06385159
0.328 -0.02952912 -0.06385875
0.3285 -0.02988097 -0.063865766
0.329 -0.03022527 -0.063872695
0.3295 -0.03056217 -0.06387948
0.33 -0.03089179 -0.06388615
0.3305 -0.0312143 -0.06389273
0.331 -0.0315298 -0.06389918
0.3315 -0.03183845 -0.06390552
0.332 -0.03214037 -0.06391176
0.3325 -0.03243568 -0.06391788
0.333 -0.0327245 -0.06392391
0.3335 -0.03300696 -0.06392985
0.334 -0.03328287 -0.063935675
0.3345 -0.0335159 -0.063941404
0.335 -0.0337408 -0.06394704
0.3355 -0.03397108 -0.06395259
0.336 -0.03420524 -0.06395804
0.3365 -0.03444101 -0.063963406
0.337 -0.03467657 -0.06396866
0.3375 -0.03491053 -0.06397385
0.338 -0.03514187 -0.063978925
0.3385 -0.03536985 -0.06398394
0.339 -0.03559393 -0.06398885
0.3395 -0.03581372 -0.063993685
0.34 -0.03602897 -0.06399843
0.3405 -0.03623951 -0.0640031
0.341 -0.03644524 -0.06400769
0.3415 -0.03664611 -0.06401221
0.342 -0.03684212 -0.06401665
0.3425 -0.03703328 -0.064021006
0.343 -0.03721964 -0.06402529
0.3435 -0.03740124 -0.064029515
0.344 -0.03757816 -0.06403366
0.3445 -0.03775046 -0.06403773
0.345 -0.03791824 -0.06404174
0.3455 -0.03808156 -0.064045675
0.346 -0.03824051 -0.06404956
0.3465 -0.03839518 -0.06405335
0.347 -0.03854565 -0.064057104
0.3475 -0.03869199 -0.06406077
0.348 -0.03883429 -0.06406439
0.3485 -0.03897263 -0.06406794
0.349 -0.03910708 -0.06407144
0.3495 -0.03923772 -0.06407487
0.35 -0.03936463 -0.06407825
0.3505 -0.03950565 -0.06408157
0.351 -0.03965576 -0.06408483
0.3515 -0.03980512 -0.06408805
0.352 -0.03995441 -0.06409121
0.3525 -0.04010406 -0.06409432
0.353 -0.0402543 -0.06409738
0.3535 -0.04040523 -0.06410037
0.354 -0.0405569 -0.06410332
0.3545 -0.0407093 -0.0641062
0.355 -0.04086243 -0.064109065
0.3555 -0.04101626 -0.064111866
0.356 -0.04117078 -0.06411463
0.3565 -0.04132596 -0.06411733
0.357 -0.04148177 -0.06411998
0.3575 -0.04163818 -0.0641226
0.358 -0.04179516 -0.06412516
0.3585 -0.04195268 -0.06412769
0.359 -0.04211072 -0.06413018
0.3595 -0.04226922 -0.06413263
0.36 -0.04242818 -0.064135015
0.3605 -0.04258754 -0.06413737
0.361 -0.04274728 -0.0641397
0.3615 -0.04290737 -0.064141974
0.362 -0.04306776 -0.064144224
0.3625 -0.04322843 -0.06414642
0.363 -0.04338933 -0.06414859
0.3635 -0.04355045 -0.06415071
0.364 -0.04371174 -0.064152814
0.3645 -0.04387316 -0.064154856
0.365 -0.04403469 -0.06415688
0.3655 -0.04419629 -0.06415886
0.366 -0.04435793 -0.0641608
0.3665 -0.04451957 -0.06416272
0.367 -0.04468118 -0.064164616
0.3675 -0.04484273 -0.06416647
0.368 -0.04500419 -0.06416829
0.3685 -0.04516553 -0.06417008
0.369 -0.04532672 -0.06417184
0.3695 -0.04548772 -0.064173564
0.37 -0.0456485 -0.06417527
0.3705 -0.04580904 -0.06417693
0.371 -0.04596932 -0.06417858
0.3715 -0.04612929 -0.0641802
0.372 -0.04628893 -0.0641818
0.3725 -0.04644822 -0.06418335
0.373 -0.04660714 -0.06418488
0.3735 -0.04676564 -0.06418639
0.374 -0.04692372 -0.06418787
0.3745 -0.04708134 -0.064189345
0.375 -0.04723849 -0.06419077
0.3755 -0.04739513 -0.06419216
0.376 -0.04755125 -0.06419356
0.3765 -0.04770682 -0.064194925
0.377 -0.04786183 -0.064196266
0.3775 -0.04801626 -0.06419758
0.378 -0.04817008 -0.064198874
0.3785 -0.04832327 -0.06420015
0.379 -0.04847582 -0.0642014
0.3795 -0.04862771 -0.06420263
0.38 -0.04877892 -0.06420383
0.3805 -0.04892943 -0.06420501
0.381 -0.04907923 -0.06420619
0.3815 -0.04922831 -0.06420734
0.382 -0.04937665 -0.06420847
0.3825 -0.04952423 -0.06420957
0.383 -0.04967104 -0.06421065
0.3835 -0.04981707 -0.064211726
0.384 -0.0499623 -0.064212784
0.3845 -0.05010673 -0.06421381
0.385 -0.05025034 -0.064214826
0.3855 -0.05039312 -0.06421584
0.386 -0.05053506 -0.06421681
0.3865 -0.05067615 -0.064217776
0.387 -0.05081638 -0.06421872
0.3875 -0.05095574 -0.06421966
0.388 -0.05109423 -0.06422058
0.3885 -0.05123184 -0.06422148
0.389 -0.05136855 -0.06422238
0.3895 -0.05150436 -0.064223245
0.39 -0.05163927 -0.06422409
0.3905 -0.05177327 -0.064224936
0.391 -0.05190635 -0.06422577
0.3915 -0.05203851 -0.06422658
0.392 -0.05216974 -0.06422738
0.3925 -0.05230004 -0.06422818
0.393 -0.05242941 -0.06422893
0.3935 -0.05255783 -0.0642297
0.394 -0.05268532 -0.06423045
0.3945 -0.05281185 -0.06423119
0.395 -0.05293744 -0.0642319
0.3955 -0.05306207 -0.06423261
0.396 -0.05318576 -0.064233296
0.3965 -0.05330848 -0.06423398
0.397 -0.05343026 -0.06423465
0.3975 -0.05355107 -0.06423531
0.398 -0.05367092 -0.06423596
0.3985 -0.05378982 -0.0642366
0.399 -0.05390776 -0.06423723
0.3995 -0.05402474 -0.06423783
0.4 -0.05414076 -0.064238444
0.4005 -0.05425579 -0.06423905
0.401 -0.05436973 -0.06423963
0.4015 -0.05448256 -0.064240195
0.402 -0.05459425 -0.064240776
0.4025 -0.05470481 -0.064241335
0.403 -0.0548142 -0.06424188
0.4035 -0.05492242 -0.06424241
0.404 -0.05502945 -0.06424294
0.4045 -0.05513526 -0.06424346
0.405 -0.05523985 -0.064243965
0.4055 -0.0553432 -0.06424446
0.406 -0.05544529 -0.06424494
0.4065 -0.05554612 -0.064245425
0.407 -0.05564566 -0.0642459
0.4075 -0.05574391 -0.064246364
0.408 -0.05584085 -0.06424683
0.4085 -0.05593648 -0.06424729
0.409 -0.05603078 -0.06424772
0.4095 -0.05612374 -0.06424817
0.41 -0.05621536 -0.0642486
0.4105 -0.05630562 -0.06424902
0.411 -0.05639452 -0.064249426
0.4115 -0.05648204 -0.064249836
0.412 -0.05656819 -0.06425024
0.4125 -0.05665294 -0.06425064
0.413 -0.05673631 -0.06425103
0.4135 -0.05681828 -0.0642514
0.414 -0.05689885 -0.06425176
0.4145 -0.056978 -0.06425213
0.415 -0.05705575 -0.064252496
0.4155 -0.05713208 -0.06425285
0.416 -0.05720699 -0.0642532
0.4165 -0.05728048 -0.06425355
0.417 -0.05735255 -0.06425389
0.4175 -0.05742319 -0.06425423
0.418 -0.0574924 -0.064254545
0.4185 -0.05756018 -0.06425486
0.419 -0.05762653 -0.064255156
0.4195 -0.05769145 -0.06425547
0.42 -0.05775494 -0.06425577
0.4205 -0.057817 -0.064256065
0.421 -0.05787764 -0.064256355
0.4215 -0.05793684 -0.06425665
0.422 -0.05799461 -0.06425694
0.4225 -0.05805096 -0.06425722
0.423 -0.05810589 -0.06425748
0.4235 -0.05815939 -0.06425775
0.424 -0.05821148 -0.06425802
0.4245 -0.05826215 -0.06425827
0.425 -0.0583114 -0.06425853
0.4255 -0.05835925 -0.064258784
0.426 -0.05840569 -0.06425904
0.4265 -0.05845073 -0.06425928
0.427 -0.05849437 -0.06425952
0.4275 -0.05853662 -0.064259745
0.428 -0.05857748 -0.06425997
0.4285 -0.05861695 -0.06426019
0.429 -0.05865504 -0.06426043
0.4295 -0.05869177 -0.06426065
0.43 -0.05872712 -0.06426086
0.4305 -0.05876111 -0.06426108
0.431 -0.05879374 -0.064261295
0.4315 -0.05882502 -0.064261496
0.432 -0.05885496 -0.0642617
0.4325 -0.05888355 -0.06426189
0.433 -0.05891082 -0.06426208
0.4335 -0.05893675 -0.06426227
0.434 -0.05896137 -0.06426245
0.4345 -0.05898468 -0.06426262
0.435 -0.05900668 -0.0642628
0.4355 -0.05902739 -0.064262986
0.436 -0.0590468 -0.06426317
0.4365 -0.05906479 -0.06426334
0.437 -0.05907599 -0.064263515
0.4375 -0.05908273 -0.06426367
0.438 -0.05908872 -0.06426385
0.4385 -0.05909482 -0.064264014
0.439 -0.05910107 -0.06426416
0.4395 -0.05910726 -0.06426431
0.44 -0.05911319 -0.064264484
0.4405 -0.05911868 -0.06426463
0.441 -0.05912356 -0.06426478
0.4415 -0.05912773 -0.064264916
0.442 -0.05913109 -0.06426506
0.4425 -0.05913356 -0.0642652
0.443 -0.0591351 -0.06426534
0.4435 -0.05913566 -0.064265475
0.444 -0.05913521 -0.0642656
0.4445 -0.05913374 -0.064265735
0.445 -0.05913123 -0.06426587
0.4455 -0.05912767 -0.06426599
0.446 -0.05912306 -0.06426611
0.4465 -0.05911738 -0.06426623
0.447 -0.05911064 -0.06426635
0.4475 -0.05910284 -0.064266466
0.448 -0.05909384 -0.064266585
0.4485 -0.05908345 -0.06426669
0.449 -0.05907199 -0.0642668
0.4495 -0.05905955 -0.06426691
0.45 -0.05904615 -0.064267024
0.4505 -0.05903178 -0.06426712
0.451 -0.05901642 -0.064267226
0.4515 -0.05900009 -0.06426732
0.452 -0.05898277 -0.064267434
0.4525 -0.05896444 -0.064267516
0.453 -0.05894466 -0.06426761
0.4535 -0.05892359 -0.06426772
0.454 -0.05890152 -0.06426781
0.4545 -0.05887855 -0.064267896
0.455 -0.05885473 -0.06426799
0.4555 -0.05883004 -0.06426809
0.456 -0.05880448 -0.06426818
0.4565 -0.05877805 -0.06426827
0.457 -0.05875072 -0.06426834
0.4575 -0.05872251 -0.06426843
0.458 -0.05869342 -0.06426851
0.4585 -0.05866343 -0.0642686
0.459 -0.05863256 -0.064268686
0.4595 -0.05860082 -0.06426875
0.46 -0.05856819 -0.06426884
0.4605 -0.05853471 -0.06426892
0.461 -0.05850035 -0.06426899
0.4615 -0.05846515 -0.064269066
0.462 -0.05842909 -0.064269125
0.4625 -0.0583922 -0.0642692
0.463 -0.05835447 -0.06426927
0.4635 -0.05831591 -0.06426933
0.464 -0.05827653 -0.0642694
0.4645 -0.05823634 -0.06426946
0.465 -0.05819535 -0.064269535
0.4655 -0.05815356 -0.0642696
0.466 -0.05811098 -0.06426966
0.4665 -0.05806761 -0.06426972
0.467 -0.05802347 -0.06426978
0.4675 -0.05797856 -0.064269826
0.468 -0.05793288 -0.06426989
0.4685 -0.05788645 -0.064269945
0.469 -0.05783928 -0.06427
0.4695 -0.05779136 -0.06427004
0.47 -0.05774271 -0.0642701
0.4705 -0.05769333 -0.06427015
0.471 -0.05764323 -0.064270206
0.4715 -0.05759242 -0.06427026
0.472 -0.0575409 -0.064270295
0.4725 -0.05748868 -0.06427035
0.473 -0.05743577 -0.064270385
0.4735 -0.05738217 -0.06427044
0.474 -0.0573279 -0.06427049
0.4745 -0.05727295 -0.06427053
0.475 -0.05721733 -0.06427057
0.4755 -0.05716106 -0.064270616
0.476 -0.05710413 -0.06427066
0.4765 -0.05704656 -0.064270705
0.477 -0.0569886 -0.06427075
0.4775 -0.05693254 -0.06427079
0.478 -0.05687657 -0.06427083
0.4785 -0.05681958 -0.06427087
0.479 -0.05676164 -0.064270906
0.4795 -0.05670272 -0.06427093
0.48 -0.0566427 -0.06427097
0.4805 -0.05658165 -0.06427101
0.481 -0.05651966 -0.06427106
0.4815 -0.05645682 -0.06427109
0.482 -0.05639317 -0.064271145
0.4825 -0.05632877 -0.06427118
0.483 -0.05626368 -0.064271204
0.4835 -0.05619791 -0.064271234
0.484 -0.0561315 -0.064271264
0.4845 -0.05606448 -0.06427129
0.485 -0.05599686 -0.064271316
0.4855 -0.05592867 -0.06427135
0.486 -0.05585992 -0.06427138
0.4865 -0.05579062 -0.06427141
0.487 -0.05572079 -0.06427143
0.4875 -0.05565043 -0.06427146
0.488 -0.05557956 -0.06427148
0.4885 -0.05550818 -0.06427151
0.489 -0.0554363 -0.06427155
0.4895 -0.05536393 -0.06427157
0.49 -0.05529108 -0.064271584
0.4905 -0.05521774 -0.06427162
0.491 -0.05514394 -0.06427165
0.4915 -0.05506966 -0.06427168
0.492 -0.05499493 -0.06427171
0.4925 -0.05491973 -0.06427173
0.493 -0.05484409 -0.06427175
0.4935 -0.054768 -0.06427177
0.494 -0.05469147 -0.0642718
0.4945 -0.0546145 -0.06427182
0.495 -0.0545371 -0.064271845
0.4955 -0.05445927 -0.06427186
0.496 -0.05438102 -0.06427189
0.4965 -0.05430235 -0.06427192
0.497 -0.05422327 -0.06427196
0.4975 -0.05414378 -0.06427198
0.498 -0.05406389 -0.06427202
0.4985 -0.05398359 -0.06427204
0.499 -0.05390291 -0.06427206
0.4995 -0.05382183 -0.06427208
