0.0 -0.065 -0.042138502
0.0005 -0.065 -0.052442603
0.001 -0.065 -0.053744346
0.0015 -0.065 -0.052037798
0.002 -0.065 -0.04974089
0.0025 -0.065 -0.047717355
0.003 -0.065 -0.04619108
0.0035 -0.065 -0.045146592
0.004 -0.065 -0.044496305
0.0045 -0.065 -0.044145085
0.005 -0.065 -0.044011556
0.0055 -0.065 -0.044032328
0.006 -0.065 -0.04416029
0.0065 -0.065 -0.044361323
0.007 -0.065 -0.044611096
0.0075 -0.065 -0.044892475
0.008 -0.065 -0.045193486
0.0085 -0.065 -0.04550585
0.009 -0.065 -0.045823865
0.0095 -0.065 -0.04614365
0.01 -0.065 -0.046462595
0.0105 -0.065 -0.046778962
0.011 -0.065 -0.04709162
0.0115 -0.065 -0.047399826
0.012 -0.065 -0.04770314
0.0125 -0.065 -0.048001267
0.013 -0.065 -0.048294052
0.0135 -0.065 -0.04858142
0.014 -0.065 -0.04886332
0.0145 -0.065 -0.049139775
0.015 -0.065 -0.04941079
0.0155 -0.065 -0.049676403
0.016 -0.065 -0.049936652
0.0165 -0.065 -0.050191566
0.017 -0.065 -0.05044122
0.0175 -0.065 -0.05068565
0.018 -0.065 -0.050924905
0.0185 -0.065 -0.051159054
0.019 -0.065 -0.051388122
0.0195 -0.065 -0.051612206
0.02 -0.065 -0.051831342
0.0205 -0.065 -0.05204559
0.021 -0.065 -0.052255012
0.0215 -0.065 -0.052459687
0.022 -0.065 -0.05265966
0.0225 -0.065 -0.052855015
0.023 -0.065 -0.05304581
0.0235 -0.065 -0.053232104
0.024 -0.065 -0.05341398
0.0245 -0.065 -0.053591505
0.025 -0.065 -0.053764753
0.0255 -0.065 -0.053933777
0.026 -0.065 -0.054098673
0.0265 -0.065 -0.054259494
0.027 -0.065 -0.05441632
0.0275 -0.065 -0.054569222
0.028 -0.065 -0.05471828
0.0285 -0.065 -0.054863565
0.029 -0.065 -0.05500514
0.0295 -0.065 -0.055143073
0.03 -0.065 -0.05527746
0.0305 -0.065 -0.05540836
0.031 -0.065 -0.055535845
0.0315 -0.065 -0.055659972
0.032 -0.065 -0.055780828
0.0325 -0.065 -0.055898495
0.033 -0.065 -0.056013018
0.0335 -0.065 -0.05612447
0.034 -0.065 -0.05623293
0.0345 -0.065 -0.05633846
0.035 -0.065 -0.056441113
0.0355 -0.065 -0.05654098
0.036 -0.065 -0.05663812
0.0365 -0.065 -0.056732588
0.037 -0.065 -0.056824446
0.0375 -0.065 -0.056913763
0.038 -0.065 -0.057000592
0.0385 -0.065 -0.057085007
0.039 -0.065 -0.057167076
0.0395 -0.065 -0.05724681
0.04 -0.065 -0.057324305
0.0405 -0.065 -0.057399616
0.041 -0.065 -0.057472803
0.0415 -0.065 -0.05754389
0.042 -0.065 -0.057612956
0.0425 -0.065 -0.057680055
0.043 -0.065 -0.05774522
0.0435 -0.065 -0.057808533
0.044 -0.065 -0.05787
0.0445 -0.065 -0.057929695
0.045 -0.065 -0.057987675
0.0455 -0.065 -0.058043964
0.046 -0.065 -0.0580986
0.0465 -0.065 -0.05815167
0.047 -0.065 -0.05820317
0.0475 -0.065 -0.058253184
0.048 -0.065 -0.05830171
0.0485 -0.065 -0.058348827
0.049 -0.065 -0.05839455
0.0495 -0.065 -0.058438927
0.05 -0.065 -0.058481976
0.0505 -0.065 -0.058523774
0.051 -0.065 -0.05856432
0.0515 -0.065 -0.05860366
0.052 -0.065 -0.058641836
0.0525 -0.065 -0.058678873
0.053 -0.065 -0.058714814
0.0535 -0.065 -0.058749676
0.054 -0.065 -0.058783494
0.0545 -0.065 -0.05881629
0.055 -0.065 -0.058848128
0.0555 -0.065 -0.058878995
0.056 -0.065 -0.058908924
0.0565 -0.065 -0.058937974
0.057 -0.065 -0.058966145
0.0575 -0.065 -0.05899345
0.058 -0.065 -0.059019938
0.0585 -0.065 -0.059045628
0.059 -0.065 -0.059070535
0.0595 -0.065 -0.059094705
0.06 -0.065 -0.05911813
0.0605 -0.065 -0.059140824
0.061 -0.065 -0.059162848
0.0615 -0.065 -0.0591842
0.062 -0.065 -0.05920492
0.0625 -0.065 -0.059225008
0.063 -0.065 -0.05924446
0.0635 -0.065 -0.059263334
0.064 -0.065 -0.059281647
0.0645 -0.065 -0.059299372
0.065 -0.065 -0.059316568
0.0655 -0.065 -0.059333242
0.066 -0.065 -0.059349395
0.0665 -0.065 -0.059365064
0.067 -0.065 -0.059380256
0.0675 -0.065 -0.05939497
0.068 -0.065 -0.05940923
0.0685 -0.065 -0.059423067
0.069 -0.065 -0.059436478
0.0695 -0.065 -0.05944947
0.07 -0.065 -0.059462063
0.0705 -0.065 -0.059474267
0.071 -0.065 -0.059486106
0.0715 -0.065 -0.059497572
0.072 -0.065 -0.059508674
0.0725 -0.065 -0.059519447
0.073 -0.065 -0.059529908
0.0735 -0.065 -0.05954001
0.074 -0.065 -0.059549823
0.0745 -0.065 -0.059559323
0.075 -0.065 -0.05956853
0.0755 -0.065 -0.059577458
0.076 -0.065 -0.059586115
0.0765 -0.065 -0.05959449
0.077 -0.065 -0.059602626
0.0775 -0.065 -0.0596105
0.078 -0.065 -0.059618123
0.0785 -0.065 -0.05962553
0.079 -0.065 -0.059632696
0.0795 -0.065 -0.05963964
0.08 -0.065 -0.059646368
0.0805 -0.065 -0.05965288
0.081 -0.065 -0.059659198
0.0815 -0.065 -0.059665345
0.082 -0.065 -0.059671275
0.0825 -0.065 -0.059677012
0.083 -0.065 -0.059682593
0.0835 -0.065 -0.059687972
0.084 -0.065 -0.05969321
0.0845 -0.065 -0.059698284
0.085 -0.065 -0.0597032
0.0855 -0.065 -0.059707962
0.086 -0.065 -0.059712566
0.0865 -0.065 -0.059717037
0.087 -0.065 -0.059721358
0.0875 -0.065 -0.059725553
0.088 -0.065 -0.05972962
0.0885 -0.065 -0.059733555
0.089 -0.065 -0.059737384
0.0895 -0.065 -0.05974108
0.09 -0.065 -0.059744656
0.0905 -0.065 -0.059748136
0.091 -0.065 -0.059751496
0.0915 -0.065 -0.05975475
0.092 -0.065 -0.05975791
0.0925 -0.065 -0.059760973
0.093 -0.065 -0.059763946
0.0935 -0.065 -0.059766807
0.094 -0.065 -0.059769593
0.0945 -0.065 -0.059772283
0.095 -0.065 -0.059774905
0.0955 -0.065 -0.05977743
0.096 -0.065 -0.059779875
0.0965 -0.065 -0.05978226
0.097 -0.065 -0.05978457
0.0975 -0.065 -0.05978679
0.098 -0.065 -0.05978895
0.0985 -0.065 -0.059791036
0.099 -0.065 -0.05979307
0.0995 -0.065 -0.059795037
0.1 -0.065 -0.049188875
0.1005 -0.05364023 -0.045112677
0.101 -0.04157442 -0.044130288
0.1015 -0.03399742 -0.043140337
0.102 -0.02910543 -0.04101044
0.1025 -0.02547948 -0.03775143
0.103 -0.0224232 -0.033734635
0.1035 -0.01962909 -0.029328113
0.104 -0.01696454 -0.02479337
0.1045 -0.0143766 -0.02028714
0.105 -0.01185248 -0.015891252
0.1055 -0.009373864 -0.011641188
0.106 -0.006917896 -0.007546393
0.1065 -0.004476812 -0.003603248
0.107 -0.002054487 0.00019768067
0.1075 0.000349272 0.0038675386
0.108 0.002732798 0.007417457
0.1085 0.005087009 0.010857375
0.109 0.007420988 0.014196323
0.1095 0.009741419 0.017441811
0.11 0.0120475 0.020600455
0.1105 0.01433793 0.023677828
0.111 0.01661243 0.026678832
0.1115 0.01887011 0.029607894
0.112 0.02111023 0.03246869
0.1125 0.0233313 0.0352647
0.113 0.0255316 0.03799911
0.1135 0.02771385 0.040674835
0.114 0.0298791 0.043294564
0.1145 0.03202759 0.045860782
0.115 0.03415295 0.048375905
0.1155 0.03624133 0.050842136
0.116 0.03831053 0.053261623
0.1165 0.04037172 0.05563648
0.117 0.04242662 0.0579686
0.1175 0.04447343 0.060259894
0.118 0.04650941 0.0625121
0.1185 0.04850918 0.06472692
0.119 0.05044703 0.066906095
0.1195 0.05235222 0.06905106
0.12 0.05425055 0.071163476
0.1205 0.05613872 0.07324469
0.121 0.05803453 0.07529618
0.1215 0.05994227 0.077319294
0.122 0.06185704 0.079315275
0.1225 0.06377222 0.08128539
0.123 0.06568247 0.08323082
0.1235 0.06758414 0.08515273
0.124 0.06947489 0.08705224
0.1245 0.07135346 0.08893037
0.125 0.07321929 0.090788186
0.1255 0.07507222 0.09262669
0.126 0.07691236 0.09444681
0.1265 0.07873999 0.0962494
0.127 0.0805555 0.098035455
0.1275 0.08235927 0.0998057
0.128 0.08415151 0.101561114
0.1285 0.08593244 0.10330233
0.129 0.08770255 0.105030134
0.1295 0.08946236 0.1067453
0.13 0.09121223 0.108448505
0.1305 0.09295239 0.11014047
0.131 0.09468304 0.1118218
0.1315 0.09639811 0.113493145
0.132 0.09808528 0.11515513
0.1325 0.09976075 0.116808295
0.133 0.1014324 0.118453145
0.1335 0.1031025 0.120090395
0.134 0.104771 0.1217204
0.1345 0.1064366 0.123343796
0.135 0.1080843 0.12496099
0.1355 0.1097097 0.1265724
0.136 0.1113303 0.12817855
0.1365 0.1129533 0.12977988
0.137 0.1145783 0.13137674
0.1375 0.1162028 0.13296963
0.138 0.1178134 0.13455884
0.1385 0.1193989 0.13614476
0.139 0.1209777 0.13772783
0.1395 0.1225593 0.1393083
0.14 0.1241443 0.14088649
0.1405 0.1257301 0.1424627
0.141 0.1273139 0.14403735
0.1415 0.128894 0.14561057
0.142 0.1304692 0.14718275
0.1425 0.1320387 0.14875409
0.143 0.1336023 0.15032494
0.1435 0.1351565 0.15189543
0.144 0.1366825 0.15346591
0.1445 0.1381735 0.15503646
0.145 0.1396525 0.15660739
0.1455 0.1411414 0.15817893
0.146 0.1426437 0.15975118
0.1465 0.1441543 0.16132429
0.147 0.145668 0.16289862
0.1475 0.1471817 0.16447416
0.148 0.1486936 0.16605118
0.1485 0.1502025 0.16762969
0.149 0.1517079 0.16920996
0.1495 0.1532094 0.17079213
0.15 0.1547065 0.17237726
0.1505 0.1561976 0.17417105
0.151 0.1576826 0.17589626
0.1515 0.1591622 0.1775198
0.152 0.1606332 0.17906626
0.1525 0.1620923 0.1805643
0.153 0.1635369 0.1820356
0.1535 0.164952 0.18349418
0.154 0.1663545 0.18494868
0.1545 0.1677413 0.18640365
0.155 0.1690961 0.18786138
0.1555 0.1704584 0.18932281
0.156 0.1718437 0.19078767
0.1565 0.1732297 0.19225529
0.157 0.1746068 0.19372496
0.1575 0.1759914 0.19519559
0.158 0.1773879 0.19666626
0.1585 0.1787898 0.19813597
0.159 0.1801925 0.199604
0.1595 0.1815946 0.20106947
0.16 0.1829944 0.20253181
0.1605 0.1843902 0.20399058
0.161 0.1857808 0.20544522
0.1615 0.1871651 0.20689547
0.162 0.1885428 0.20834103
0.1625 0.1899136 0.20978156
0.163 0.1912774 0.21121706
0.1635 0.1926344 0.2126472
0.164 0.1939845 0.2140722
0.1645 0.1953279 0.21549173
0.165 0.1966532 0.21690598
0.1655 0.1979404 0.21831486
0.166 0.1992145 0.21971826
0.1665 0.2004934 0.22111647
0.167 0.2016793 0.22250935
0.1675 0.2027028 0.22389692
0.168 0.2037968 0.22527933
0.1685 0.2049954 0.22665668
0.169 0.2062708 0.22802883
0.1695 0.2075625 0.22939602
0.17 0.2088527 0.23075822
0.1705 0.2101532 0.23211552
0.171 0.2114617 0.23346807
0.1715 0.2127716 0.23481573
0.172 0.2140768 0.23615873
0.1725 0.2153736 0.23749703
0.173 0.2166599 0.23883066
0.1735 0.2179342 0.24015972
0.174 0.2191955 0.24148428
0.1745 0.2204448 0.24280432
0.175 0.2216839 0.24411997
0.1755 0.2229137 0.24543107
0.176 0.2241349 0.24673775
0.1765 0.2253479 0.24804014
0.177 0.226553 0.24933821
0.1775 0.2277508 0.25063187
0.178 0.2289416 0.25192118
0.1785 0.2301257 0.2532062
0.179 0.2313031 0.25448692
0.1795 0.2324442 0.25576344
0.18 0.2335623 0.2570356
0.1805 0.2346642 0.25830352
0.181 0.2357556 0.25956708
0.1815 0.2368571 0.26082635
0.182 0.2379732 0.2620813
0.1825 0.2391 0.263332
0.183 0.2402318 0.26457828
0.1835 0.2413637 0.26582026
0.184 0.2424925 0.26705775
0.1845 0.2436158 0.2682908
0.185 0.2447322 0.2695195
0.1855 0.2458419 0.27074364
0.186 0.2469448 0.27196327
0.1865 0.2480389 0.2731783
0.187 0.2490974 0.27438882
0.1875 0.2501325 0.27559462
0.188 0.2511683 0.27679566
0.1885 0.2521913 0.277992
0.189 0.2531938 0.27918354
0.1895 0.2542076 0.28037018
0.19 0.2552376 0.28155187
0.1905 0.2562772 0.28272855
0.191 0.2573201 0.2839001
0.1915 0.258363 0.28506666
0.192 0.2594034 0.2862278
0.1925 0.2604392 0.28738374
0.193 0.2614199 0.28853437
0.1935 0.2623496 0.2896795
0.194 0.2632889 0.290819
0.1945 0.2642541 0.29195297
0.195 0.2652409 0.2930812
0.1955 0.2662402 0.29420358
0.196 0.2672447 0.29532006
0.1965 0.2682486 0.29643047
0.197 0.2692482 0.29753476
0.1975 0.2702422 0.2986329
0.198 0.2712301 0.2997247
0.1985 0.2722112 0.30081004
0.199 0.2731857 0.3018889
0.1995 0.2741542 0.30296105
0.2 0.275117 0.2982252
0.2005 0.2631447 0.27879846
0.201 0.2488361 0.2637639
0.2015 0.2394025 0.25359622
0.202 0.2332454 0.24667388
0.2025 0.2287225 0.2416662
0.203 0.2249523 0.23773947
0.2035 0.2215244 0.23442
0.204 0.2182567 0.23145163
0.2045 0.215069 0.22869799
0.205 0.211926 0.22608513
0.2055 0.2088119 0.22356924
0.206 0.2057198 0.22112048
0.2065 0.2026467 0.21871519
0.207 0.1995914 0.21633303
0.2075 0.1965538 0.21395563
0.208 0.193534 0.2115668
0.2085 0.1905324 0.20915255
0.209 0.1875496 0.20670126
0.2095 0.1845862 0.20420384
0.21 0.1816427 0.2016538
0.2105 0.1787196 0.19904688
0.211 0.1758176 0.19638094
0.2115 0.1729371 0.19365594
0.212 0.1700786 0.19087301
0.2125 0.1672425 0.18803509
0.213 0.1644295 0.18514585
0.2135 0.1616397 0.18221003
0.214 0.1588736 0.17923282
0.2145 0.1561315 0.17621969
0.215 0.1534138 0.17317691
0.2155 0.1507208 0.17011046
0.216 0.1480527 0.1670264
0.2165 0.1454097 0.1639309
0.217 0.1427922 0.16082975
0.2175 0.1402002 0.15772869
0.218 0.1376339 0.1546334
0.2185 0.1350936 0.15154897
0.219 0.1325793 0.14848042
0.2195 0.1300912 0.14543219
0.22 0.1276293 0.14240879
0.2205 0.1251938 0.13941413
0.221 0.1227847 0.13645196
0.2215 0.120402 0.13352552
0.222 0.1180458 0.13063799
0.2225 0.1157161 0.127792
0.223 0.1134129 0.124990016
0.2235 0.1111362 0.122234344
0.224 0.1088859 0.11952676
0.2245 0.1066621 0.11686891
0.225 0.1044647 0.11426228
0.2255 0.1022935 0.11170803
0.226 0.1001487 0.10920709
0.2265 0.09803003 0.10676031
0.227 0.09593746 0.104368225
0.2275 0.09387089 0.10203123
0.228 0.09183021 0.099749625
0.2285 0.08981531 0.09752348
0.229 0.08782607 0.095352724
0.2295 0.08586236 0.09323728
0.23 0.08392405 0.09117678
0.2305 0.08201101 0.0891709
0.231 0.08012307 0.08721922
0.2315 0.0782601 0.08532108
0.232 0.07642194 0.08347581
0.2325 0.07460842 0.08168292
0.233 0.07281937 0.07994144
0.2335 0.07105463 0.07825069
0.234 0.06931403 0.07660982
0.2345 0.06759737 0.075017884
0.235 0.06590449 0.073474064
0.2355 0.06423519 0.07197738
0.236 0.0625893 0.0705269
0.2365 0.06096661 0.06912164
0.237 0.05936694 0.06776059
0.2375 0.05779008 0.06644285
0.238 0.05623585 0.06516741
0.2385 0.05470405 0.0639333
0.239 0.05319446 0.062739454
0.2395 0.0517069 0.061585
0.24 0.05024116 0.060468987
0.2405 0.04879703 0.059390448
0.241 0.0473743 0.058348402
0.2415 0.04597278 0.05734195
0.242 0.04459225 0.056370333
0.2425 0.0432325 0.055432484
0.243 0.04189334 0.05452755
0.2435 0.04057454 0.05365473
0.244 0.03927591 0.052813232
0.2445 0.03799723 0.052002132
0.245 0.0367383 0.051220834
0.2455 0.0354989 0.050468415
0.246 0.03427883 0.04974412
0.2465 0.03307789 0.049047254
0.247 0.03189586 0.048377097
0.2475 0.03073254 0.047732957
0.248 0.02958772 0.047114097
0.2485 0.0284612 0.04651995
0.249 0.02735277 0.045949757
0.2495 0.02626224 0.045403063
0.25 0.02518939 0.044879712
0.2505 0.02413647 0.044524655
0.251 0.02311324 0.04422678
0.2515 0.02212127 0.04390268
0.252 0.02115741 0.043501556
0.2525 0.02021898 0.043000147
0.253 0.01930439 0.042394653
0.2535 0.01841274 0.041692585
0.254 0.01754348 0.04090757
0.2545 0.01669624 0.04005512
0.255 0.01587071 0.03915091
0.2555 0.01506664 0.038209207
0.256 0.01428377 0.037242733
0.2565 0.01352185 0.03626205
0.257 0.01278064 0.03527624
0.2575 0.01205991 0.034292646
0.258 0.0113594 0.033317104
0.2585 0.01067887 0.03235446
0.259 0.01001808 0.03140837
0.2595 0.00937678 0.030481817
0.26 0.008754727 0.029577153
0.2605 0.008151674 0.028696017
0.261 0.007567374 0.027839812
0.2615 0.00700158 0.027009549
0.262 0.006454048 0.026205884
0.2625 0.00592453 0.02542931
0.263 0.005412781 0.024680125
0.2635 0.004918557 0.02395855
0.264 0.004441614 0.023264514
0.2645 0.003981709 0.022598015
0.265 0.0035386 0.021958994
0.2655 0.003112047 0.021347167
0.266 0.00270181 0.020762296
0.2665 0.002307652 0.020204129
0.267 0.001929336 0.019672232
0.2675 0.001566628 0.019166427
0.268 0.001219294 0.018686267
0.2685 0.0008871022 0.018231304
0.269 0.0005698243 0.017801167
0.2695 0.000267232 0.017395483
0.27 -2.090016e-05 0.017013805
0.2705 -0.000294796 0.01665576
0.271 -0.000554677 0.016320886
0.2715 -0.0008007629 0.016008751
0.272 -0.001033271 0.015718909
0.2725 -0.001252416 0.015451023
0.273 -0.001458411 0.015204573
0.2735 -0.001651468 0.01497926
0.274 -0.001833015 0.014774637
0.2745 -0.002007568 0.014590295
0.275 -0.002170448 0.014425831
0.2755 -0.00231908 0.014280872
0.276 -0.00245341 0.014154987
0.2765 -0.002574205 0.0140478555
0.277 -0.002682315 0.013959052
0.2775 -0.002778448 0.013888242
0.278 -0.002863138 0.013835089
0.2785 -0.002936785 0.013799215
0.279 -0.002999687 0.013780268
0.2795 -0.003052086 0.013777884
0.28 -0.003094182 0.013791742
0.2805 -0.003126155 0.013821559
0.281 -0.00314817 0.013866903
0.2815 -0.003160387 0.013927484
0.282 -0.003162962 0.0140030105
0.2825 -0.00315605 0.01409317
0.283 -0.003139803 0.014197649
0.2835 -0.003114373 0.014316099
0.284 -0.003079913 0.014448227
0.2845 -0.003036572 0.014593804
0.285 -0.002984502 0.014752442
0.2855 -0.002923851 0.01492385
0.286 -0.002854766 0.015107887
0.2865 -0.002777393 0.015304135
0.287 -0.002691876 0.015512304
0.2875 -0.002598359 0.015732171
0.288 -0.002496981 0.015963415
0.2885 -0.002387882 0.016205782
0.289 -0.002271198 0.016458998
0.2895 -0.00214732 0.01672283
0.29 -0.002017351 0.016997011
0.2905 -0.001880732 0.017281191
0.291 -0.001737005 0.017575176
0.2915 -0.0015861 0.017878706
0.292 -0.001428104 0.018191526
0.2925 -0.001263162 0.01851332
0.293 -0.001091435 0.018843973
0.2935 -0.0009130811 0.019183086
0.294 -0.0007282552 0.019530447
0.2945 -0.0005371033 0.019885873
0.295 -0.000339764 0.020249037
0.2955 -0.0001363691 0.020619782
0.296 7.295643e-05 0.020997757
0.2965 0.0002881103 0.021382818
0.297 0.0005090074 0.02177467
0.2975 0.0007355334 0.022173116
0.298 0.0009675626 0.022577839
0.2985 0.001204973 0.02298866
0.299 0.001447651 0.02340536
0.2995 0.001695489 0.023827674
0.3 0.001948387 0.0242546
0.3005 0.002206351 0.024609054
0.301 0.00246979 0.025046388
0.3015 0.002738815 0.025582658
0.302 0.003013367 0.02618816
0.3025 0.003293388 0.026824431
0.303 0.003578829 0.027458211
0.3035 0.003867874 0.02806534
0.304 0.00415894 0.028630475
0.3045 0.004454633 0.029145857
0.305 0.004756812 0.029609019
0.3055 0.00506587 0.030021245
0.306 0.005381452 0.030386167
0.3065 0.005703049 0.030708788
0.307 0.006030186 0.03099464
0.3075 0.006363328 0.031249242
0.308 0.006702472 0.031478256
0.3085 0.007047296 0.03168653
0.309 0.007397496 0.031878784
0.3095 0.007752886 0.03205903
0.31 0.008113383 0.032230966
0.3105 0.008478964 0.03239756
0.311 0.008849637 0.032561637
0.3115 0.009225422 0.032725573
0.312 0.00960634 0.032891206
0.3125 0.009992406 0.0330604
0.313 0.01038363 0.033234492
0.3135 0.01078001 0.033414796
0.314 0.01118156 0.033602253
0.3145 0.01158826 0.03379789
0.315 0.01199999 0.034002386
0.3155 0.01241662 0.03421645
0.316 0.01283822 0.03444051
0.3165 0.01326489 0.03467509
0.317 0.0136967 0.034920596
0.3175 0.01413366 0.035177305
0.318 0.01457577 0.035445586
0.3185 0.01502301 0.035725616
0.319 0.01547528 0.03601756
0.3195 0.01593249 0.036321588
0.32 0.01639465 0.036637865
0.3205 0.0168618 0.03696645
0.321 0.01733395 0.03730748
0.3215 0.0178111 0.03766095
0.322 0.01829322 0.038027003
0.3225 0.01878028 0.038405523
0.323 0.01927229 0.03879662
0.3235 0.01976931 0.039200343
0.324 0.02027131 0.039616555
0.3245 0.02077819 0.040045388
0.325 0.02128986 0.04048665
0.3255 0.0218063 0.04094035
0.326 0.02232754 0.041406557
0.3265 0.02285355 0.041885138
0.327 0.02338424 0.042376027
0.3275 0.02391955 0.04287924
0.328 0.02445943 0.04339467
0.3285 0.02500386 0.043922134
0.329 0.02555283 0.044461727
0.3295 0.02610633 0.045013227
0.33 0.02666434 0.045576714
0.3305 0.02722685 0.04615196
0.331 0.02779384 0.046738848
0.3315 0.02836202 0.047337472
0.332 0.0289279 0.04794757
0.3325 0.02949683 0.04856903
0.333 0.03007248 0.04920192
0.3335 0.03065566 0.04984606
0.334 0.03124585 0.05050128
0.3345 0.03184221 0.051167496
0.335 0.03244399 0.05184473
0.3355 0.03304807 0.052532695
0.336 0.0336536 0.05323138
0.3365 0.03426371 0.0539406
0.337 0.03487958 0.054660387
0.3375 0.03550114 0.055390462
0.338 0.03612792 0.056130864
0.3385 0.03675947 0.056881353
0.339 0.03739527 0.057641864
0.3395 0.03803504 0.058412284
0.34 0.03867876 0.05919251
0.3405 0.03932646 0.059982397
0.341 0.03997816 0.06078185
0.3415 0.04063356 0.061590776
0.342 0.04128826 0.062409043
0.3425 0.04193647 0.06323642
0.343 0.04258142 0.064073004
0.3435 0.04323196 0.06491847
0.344 0.04389185 0.06577288
0.3445 0.04456106 0.066635974
0.345 0.04523824 0.0675077
0.3455 0.04591633 0.068388015
0.346 0.04658915 0.06927663
0.3465 0.04726871 0.07017353
0.347 0.04795804 0.07107862
0.3475 0.04865601 0.07199171
0.348 0.04936078 0.07291285
0.3485 0.05007087 0.07384165
0.349 0.05078528 0.07477817
0.3495 0.05150339 0.07572232
0.35 0.05222482 0.077230014
0.3505 0.05139498 0.072108954
0.351 0.04897318 0.068134144
0.3515 0.04694712 0.0659913
0.352 0.04550984 0.0651845
0.3525 0.04443691 0.06510544
0.353 0.04354453 0.06528713
0.3535 0.04273161 0.065429494
0.354 0.04194937 0.06536427
0.3545 0.04117564 0.06501378
0.355 0.04040076 0.0643581
0.3555 0.03962075 0.06341211
0.356 0.03883419 0.062209755
0.3565 0.03804087 0.060793914
0.357 0.03724105 0.05920989
0.3575 0.03643528 0.057501167
0.358 0.03562417 0.05570738
0.3585 0.03480837 0.05386267
0.359 0.03398855 0.051995866
0.3595 0.03316534 0.05013018
0.36 0.03233936 0.04828366
0.3605 0.03151119 0.04647004
0.361 0.03068139 0.044699095
0.3615 0.02985048 0.042977437
0.362 0.02901897 0.041309103
0.3625 0.02818734 0.039696045
0.363 0.02735602 0.03813868
0.3635 0.02652544 0.036636367
0.364 0.025696 0.035187498
0.3645 0.02486808 0.033789985
0.365 0.02404201 0.032441474
0.3655 0.02321815 0.031139346
0.366 0.02239679 0.029881017
0.3665 0.02157823 0.02866386
0.367 0.02076274 0.027485454
0.3675 0.01995059 0.026343511
0.368 0.01914201 0.025235826
0.3685 0.01833722 0.02416041
0.369 0.01753643 0.023115473
0.3695 0.01673984 0.022099445
0.37 0.01594762 0.02111082
0.3705 0.01515995 0.020148272
0.371 0.01437698 0.019210646
0.3715 0.01359884 0.01829693
0.372 0.01282567 0.017406063
0.3725 0.01205759 0.016537273
0.373 0.01129471 0.01568971
0.3735 0.01053713 0.014862636
0.374 0.009784924 0.01405544
0.3745 0.009038188 0.013267467
0.375 0.008296988 0.012498105
0.3755 0.007561388 0.011746818
0.376 0.006831443 0.011013048
0.3765 0.006107202 0.010296302
0.377 0.005388705 0.009596037
0.3775 0.004675987 0.008911708
0.378 0.003969076 0.00824287
0.3785 0.003267993 0.0075890366
0.379 0.002572755 0.0069497097
0.3795 0.001883372 0.00632436
0.38 0.001199851 0.0057125185
0.3805 0.0005221929 0.0051137004
0.381 -0.0001496069 0.004527392
0.3815 -0.0008155559 0.0039530788
0.382 -0.001475666 0.0033903215
0.3825 -0.002129953 0.0028385017
0.383 -0.002778437 0.0022972543
0.3835 -0.00342114 0.0017659832
0.384 -0.004058088 0.0012441296
0.3845 -0.004689311 0.00073130615
0.385 -0.005314839 0.0002269391
0.3855 -0.005934708 -0.0002695527
0.386 -0.006548954 -0.0007585939
0.3865 -0.007157616 -0.0012407657
0.387 -0.007760736 -0.00171653
0.3875 -0.008358356 -0.0021863934
0.388 -0.008950521 -0.002650937
0.3885 -0.009537279 -0.0031106155
0.389 -0.01011868 -0.0035659578
0.3895 -0.01069477 -0.004017452
0.39 -0.0112656 -0.0044656154
0.3905 -0.01183122 -0.0049109366
0.391 -0.01239169 -0.005353881
0.3915 -0.01294706 -0.005795
0.392 -0.01349739 -0.0062346924
0.3925 -0.01404273 -0.006673524
0.393 -0.01458313 -0.0071118604
0.3935 -0.01511867 -0.0075502526
0.394 -0.01564939 -0.007989084
0.3945 -0.01617535 -0.008428851
0.395 -0.01669661 -0.008869937
0.3955 -0.01721323 -0.009312844
0.396 -0.01772527 -0.009757912
0.3965 -0.0182328 -0.010205621
0.397 -0.01873586 -0.010656355
0.3975 -0.01923452 -0.011110498
0.398 -0.01972884 -0.011568429
0.3985 -0.02021887 -0.012030525
0.399 -0.02070469 -0.012497162
0.3995 -0.02118635 -0.01296871
0.4 -0.0216639 -0.0134437885
0.4005 -0.02213482 -0.013575492
0.401 -0.02258844 -0.013631331
0.4015 -0.02302276 -0.013713704
0.402 -0.02344075 -0.013852073
0.4025 -0.02384489 -0.014045833
0.403 -0.02423658 -0.014284017
0.4035 -0.02461651 -0.014553597
0.404 -0.02498498 -0.014842963
0.4045 -0.02534213 -0.015142927
0.405 -0.02568804 -0.015446691
0.4055 -0.02602272 -0.015749494
0.406 -0.02634561 -0.016048158
0.4065 -0.02665647 -0.01634063
0.407 -0.02695617 -0.016625708
0.4075 -0.0272451 -0.01690272
0.408 -0.02752329 -0.017171288
0.4085 -0.02779069 -0.017431295
0.409 -0.02804722 -0.017682696
0.4095 -0.02829283 -0.017925484
0.41 -0.0285275 -0.018159667
0.4105 -0.02875125 -0.018385274
0.411 -0.0289641 -0.018602254
0.4115 -0.02916608 -0.018810587
0.412 -0.02935725 -0.019010192
0.4125 -0.02953765 -0.019200964
0.413 -0.02970735 -0.019382788
0.4135 -0.02986639 -0.019555582
0.414 -0.03001485 -0.019719178
0.4145 -0.03015279 -0.01987345
0.415 -0.03028027 -0.020018267
0.4155 -0.03039736 -0.020153472
0.416 -0.03050413 -0.020278962
0.4165 -0.03060066 -0.020394614
0.417 -0.03068701 -0.020500297
0.4175 -0.03076326 -0.020595884
0.418 -0.03082949 -0.02068129
0.4185 -0.03088576 -0.020756422
0.419 -0.03093217 -0.020821186
0.4195 -0.03096878 -0.020875508
0.42 -0.03099568 -0.020919321
0.4205 -0.03101295 -0.020952558
0.421 -0.03102066 -0.02097519
0.4215 -0.03101891 -0.020987155
0.422 -0.03100777 -0.020988414
0.4225 -0.03098732 -0.02097897
0.423 -0.03095765 -0.02095875
0.4235 -0.03091884 -0.020927792
0.424 -0.03087098 -0.020886058
0.4245 -0.03081416 -0.02083361
0.425 -0.03074845 -0.020770406
0.4255 -0.03067394 -0.020696493
0.426 -0.03059072 -0.020611862
0.4265 -0.03049887 -0.020516565
0.427 -0.03039848 -0.020410633
0.4275 -0.03028963 -0.02029412
0.428 -0.03017242 -0.02016707
0.4285 -0.03004691 -0.020029547
0.429 -0.02991321 -0.019881567
0.4295 -0.02977139 -0.019723242
0.43 -0.02962154 -0.019554628
0.4305 -0.02946375 -0.0193758
0.431 -0.02929809 -0.019186815
0.4315 -0.02912464 -0.018987736
0.432 -0.02894347 -0.01877868
0.4325 -0.02875465 -0.018559722
0.433 -0.02855854 -0.018330986
0.4335 -0.02835925 -0.018092534
0.434 -0.02815623 -0.017844452
0.4345 -0.02794612 -0.017586863
0.435 -0.02772719 -0.017319834
0.4355 -0.02749885 -0.017043484
0.436 -0.02726142 -0.016757937
0.4365 -0.02701554 -0.016463289
0.437 -0.02676189 -0.016159622
0.4375 -0.02650098 -0.015847078
0.438 -0.02623319 -0.015525704
0.4385 -0.02595879 -0.015195733
0.439 -0.02567793 -0.014857145
0.4395 -0.02539075 -0.014510101
0.44 -0.02509734 -0.01415473
0.4405 -0.02479773 -0.013791146
0.441 -0.02449197 -0.0134194475
0.4415 -0.0241801 -0.013039729
0.442 -0.02386217 -0.012652149
0.4425 -0.02353825 -0.012256773
0.443 -0.02320841 -0.011853745
0.4435 -0.0228737 -0.011443181
0.444 -0.02253483 -0.011025203
0.4445 -0.02219059 -0.010599902
0.445 -0.02184181 -0.010167381
0.4455 -0.02148916 -0.009727759
0.446 -0.02113065 -0.0092811715
0.4465 -0.0207652 -0.008827707
0.447 -0.02039276 -0.008367499
0.4475 -0.0200137 -0.007900642
0.448 -0.01962848 -0.007427251
0.4485 -0.01923751 -0.006947426
0.449 -0.01884107 -0.0064613093
0.4495 -0.01843941 -0.0059689824
0.45 -0.01803268 -0.0054705534
0.4505 -0.01762099 -0.0049661305
0.451 -0.01720444 -0.0044558477
0.4515 -0.0167831 -0.003939824
0.452 -0.01635705 -0.0034180935
0.4525 -0.01592632 -0.0028908048
0.453 -0.015491 -0.0023580734
0.4535 -0.01505115 -0.0018200558
0.454 -0.01460679 -0.0012767445
0.4545 -0.01415799 -0.00072832964
0.455 -0.01370478 -0.00017488562
0.4555 -0.01324722 0.0003834609
0.456 -0.01278537 0.0009466689
0.4565 -0.01231927 0.0015145298
0.457 -0.011849 0.0020870063
0.4575 -0.01137459 0.0026640166
0.458 -0.01089605 0.0032453854
0.4585 -0.01041334 0.0038310532
0.459 -0.009926691 0.0044209864
0.4595 -0.009436208 0.0050149467
0.46 -0.008941928 0.0056129415
0.4605 -0.008443874 0.006214747
0.461 -0.007942071 0.0068203863
0.4615 -0.007436555 0.0074297283
0.462 -0.006927362 0.00804265
0.4625 -0.006414715 0.008659145
0.463 -0.005901469 0.0092789475
0.4635 -0.005387573 0.009902118
0.464 -0.00487019 0.010528443
0.4645 -0.004347883 0.011157928
0.465 -0.003820508 0.011790348
0.4655 -0.003288447 0.012425719
0.466 -0.002752249 0.013063962
0.4665 -0.002212257 0.013704916
0.467 -0.001668242 0.014348531
0.4675 -0.001120464 0.014994657
0.468 -0.0005693609 0.01564332
0.4685 -1.526606e-05 0.016294366
0.469 0.0005416468 0.016947677
0.4695 0.001101344 0.017603194
0.47 0.00166382 0.018260797
0.4705 0.002229067 0.01892049
0.471 0.002797074 0.01958218
0.4715 0.003367834 0.0202457
0.472 0.003941334 0.020910991
0.4725 0.00451756 0.021578072
0.473 0.005096493 0.02224684
0.4735 0.005678109 0.022917112
0.474 0.006262382 0.023588901
0.4745 0.006849284 0.024262073
0.475 0.007438783 0.024936637
0.4755 0.008030848 0.02561252
0.476 0.008625445 0.02628964
0.4765 0.009222528 0.026967788
0.477 0.00982192 0.027647195
0.4775 0.01042353 0.028327564
0.478 0.01102743 0.02900895
0.4785 0.01163367 0.029691162
0.479 0.01224224 0.030374316
0.4795 0.0128531 0.031058183
0.48 0.01346627 0.031742804
0.4805 0.01408168 0.032428168
0.481 0.01469944 0.03311415
0.4815 0.01531956 0.033800736
0.482 0.01594198 0.034487747
0.4825 0.0165666 0.035175346
0.483 0.01719336 0.03586337
0.4835 0.01782221 0.03655181
0.484 0.01845309 0.03724055
0.4845 0.01908596 0.037929617
0.485 0.0197208 0.03861902
0.4855 0.02035763 0.0393086
0.486 0.02099648 0.039998375
0.4865 0.02163729 0.04068838
0.487 0.02227996 0.041378483
0.4875 0.02292444 0.042068616
0.488 0.02357069 0.042758837
0.4885 0.02421867 0.043449044
0.489 0.02486837 0.044139296
0.4895 0.02551979 0.044829525
0.49 0.02617291 0.045519754
0.4905 0.02682769 0.046209805
0.491 0.02748391 0.04689981
0.4915 0.0281414 0.047589578
0.492 0.02880031 0.04827925
0.4925 0.0294608 0.048968747
0.493 0.03012295 0.049658075
0.4935 0.03078675 0.050347127
0.494 0.0314522 0.05103597
0.4945 0.03211925 0.0517245
0.495 0.03278788 0.0524128
0.4955 0.03345805 0.053100795
0.496 0.03412974 0.053788558
0.4965 0.03480291 0.05447591
0.497 0.03547754 0.055162936
0.4975 0.03615361 0.055849567
0.498 0.03683108 0.0565359
0.4985 0.03750995 0.057221755
0.499 0.03819019 0.05790727
0.4995 0.03887177 0.05859244
