0.0 -0.065 -0.042138502
0.0005 -0.065 -0.052442603
0.001 -0.065 -0.053744346
0.0015 -0.065 -0.052037798
0.002 -0.065 -0.04974089
0.0025 -0.065 -0.047717355
0.003 -0.065 -0.04619108
0.0035 -0.065 -0.045146592
0.004 -0.065 -0.044496305
0.0045 -0.065 -0.044145085
0.005 -0.065 -0.044011556
0.0055 -0.065 -0.044032328
0.006 -0.065 -0.04416029
0.0065 -0.065 -0.044361323
0.007 -0.065 -0.044611096
0.0075 -0.065 -0.044892475
0.008 -0.065 -0.045193486
0.0085 -0.065 -0.04550585
0.009 -0.065 -0.045823865
0.0095 -0.065 -0.04614365
0.01 -0.065 -0.046462595
0.0105 -0.065 -0.046778962
0.011 -0.065 -0.04709162
0.0115 -0.065 -0.047399826
0.012 -0.065 -0.04770314
0.0125 -0.065 -0.048001267
0.013 -0.065 -0.048294052
0.0135 -0.065 -0.04858142
0.014 -0.065 -0.04886332
0.0145 -0.065 -0.049139775
0.015 -0.065 -0.04941079
0.0155 -0.065 -0.049676403
0.016 -0.065 -0.049936652
0.0165 -0.065 -0.050191566
0.017 -0.065 -0.05044122
0.0175 -0.065 -0.05068565
0.018 -0.065 -0.050924905
0.0185 -0.065 -0.051159054
0.019 -0.065 -0.051388122
0.0195 -0.065 -0.051612206
0.02 -0.065 -0.051831342
0.0205 -0.065 -0.05204559
0.021 -0.065 -0.052255012
0.0215 -0.065 -0.052459687
0.022 -0.065 -0.05265966
0.0225 -0.065 -0.052855015
0.023 -0.065 -0.05304581
0.0235 -0.065 -0.053232104
0.024 -0.065 -0.05341398
0.0245 -0.065 -0.053591505
0.025 -0.065 -0.053764753
0.0255 -0.065 -0.053933777
0.026 -0.065 -0.054098673
0.0265 -0.065 -0.054259494
0.027 -0.065 -0.05441632
0.0275 -0.065 -0.054569222
0.028 -0.065 -0.05471828
0.0285 -0.065 -0.054863565
0.029 -0.065 -0.05500514
0.0295 -0.065 -0.055143073
0.03 -0.065 -0.05527746
0.0305 -0.065 -0.05540836
0.031 -0.065 -0.055535845
0.0315 -0.065 -0.055659972
0.032 -0.065 -0.055780828
0.0325 -0.065 -0.055898495
0.033 -0.065 -0.056013018
0.0335 -0.065 -0.05612447
0.034 -0.065 -0.05623293
0.0345 -0.065 -0.05633846
0.035 -0.065 -0.056441113
0.0355 -0.065 -0.05654098
0.036 -0.065 -0.05663812
0.0365 -0.065 -0.056732588
0.037 -0.065 -0.056824446
0.0375 -0.065 -0.056913763
0.038 -0.065 -0.057000592
0.0385 -0.065 -0.057085007
0.039 -0.065 -0.057167076
0.0395 -0.065 -0.05724681
0.04 -0.065 -0.057324305
0.0405 -0.065 -0.057399616
0.041 -0.065 -0.057472803
0.0415 -0.065 -0.05754389
0.042 -0.065 -0.057612956
0.0425 -0.065 -0.057680055
0.043 -0.065 -0.05774522
0.0435 -0.065 -0.057808533
0.044 -0.065 -0.05787
0.0445 -0.065 -0.057929695
0.045 -0.065 -0.057987675
0.0455 -0.065 -0.058043964
0.046 -0.065 -0.0580986
0.0465 -0.065 -0.05815167
0.047 -0.065 -0.05820317
0.0475 -0.065 -0.058253184
0.048 -0.065 -0.05830171
0.0485 -0.065 -0.058348827
0.049 -0.065 -0.05839455
0.0495 -0.065 -0.058438927
0.05 -0.065 -0.058481976
0.0505 -0.065 -0.058523774
0.051 -0.065 -0.05856432
0.0515 -0.065 -0.05860366
0.052 -0.065 -0.058641836
0.0525 -0.065 -0.058678873
0.053 -0.065 -0.058714814
0.0535 -0.065 -0.058749676
0.054 -0.065 -0.058783494
0.0545 -0.065 -0.05881629
0.055 -0.065 -0.058848128
0.0555 -0.065 -0.058878995
0.056 -0.065 -0.058908924
0.0565 -0.065 -0.058937974
0.057 -0.065 -0.058966145
0.0575 -0.065 -0.05899345
0.058 -0.065 -0.059019938
0.0585 -0.065 -0.059045628
0.059 -0.065 -0.059070535
0.0595 -0.065 -0.059094705
0.06 -0.065 -0.05911813
0.0605 -0.065 -0.059140824
0.061 -0.065 -0.059162848
0.0615 -0.065 -0.0591842
0.062 -0.065 -0.05920492
0.0625 -0.065 -0.059225008
0.063 -0.065 -0.05924446
0.0635 -0.065 -0.059263334
0.064 -0.065 -0.059281647
0.0645 -0.065 -0.059299372
0.065 -0.065 -0.059316568
0.0655 -0.065 -0.059333242
0.066 -0.065 -0.059349395
0.0665 -0.065 -0.059365064
0.067 -0.065 -0.059380256
0.0675 -0.065 -0.05939497
0.068 -0.065 -0.05940923
0.0685 -0.065 -0.059423067
0.069 -0.065 -0.059436478
0.0695 -0.065 -0.05944947
0.07 -0.065 -0.059462063
0.0705 -0.065 -0.059474267
0.071 -0.065 -0.059486106
0.0715 -0.065 -0.059497572
0.072 -0.065 -0.059508674
0.0725 -0.065 -0.059519447
0.073 -0.065 -0.059529908
0.0735 -0.065 -0.05954001
0.074 -0.065 -0.059549823
0.0745 -0.065 -0.059559323
0.075 -0.065 -0.05956853
0.0755 -0.065 -0.059577458
0.076 -0.065 -0.059586115
0.0765 -0.065 -0.05959449
0.077 -0.065 -0.059602626
0.0775 -0.065 -0.0596105
0.078 -0.065 -0.059618123
0.0785 -0.065 -0.05962553
0.079 -0.065 -0.059632696
0.0795 -0.065 -0.05963964
0.08 -0.065 -0.059646368
0.0805 -0.065 -0.05965288
0.081 -0.065 -0.059659198
0.0815 -0.065 -0.059665345
0.082 -0.065 -0.059671275
0.0825 -0.065 -0.059677012
0.083 -0.065 -0.059682593
0.0835 -0.065 -0.059687972
0.084 -0.065 -0.05969321
0.0845 -0.065 -0.059698284
0.085 -0.065 -0.0597032
0.0855 -0.065 -0.059707962
0.086 -0.065 -0.059712566
0.0865 -0.065 -0.059717037
0.087 -0.065 -0.059721358
0.0875 -0.065 -0.059725553
0.088 -0.065 -0.05972962
0.0885 -0.065 -0.059733555
0.089 -0.065 -0.059737384
0.0895 -0.065 -0.05974108
0.09 -0.065 -0.059744656
0.0905 -0.065 -0.059748136
0.091 -0.065 -0.059751496
0.0915 -0.065 -0.05975475
0.092 -0.065 -0.05975791
0.0925 -0.065 -0.059760973
0.093 -0.065 -0.059763946
0.0935 -0.065 -0.059766807
0.094 -0.065 -0.059769593
0.0945 -0.065 -0.059772283
0.095 -0.065 -0.059774905
0.0955 -0.065 -0.05977743
0.096 -0.065 -0.059779875
0.0965 -0.065 -0.05978226
0.097 -0.065 -0.05978457
0.0975 -0.065 -0.05978679
0.098 -0.065 -0.05978895
0.0985 -0.065 -0.059791036
0.099 -0.065 -0.05979307
0.0995 -0.065 -0.059795037
0.1 -0.065 -0.038888752
0.1005 -0.05205612 -0.035766385
0.101 -0.03678555 -0.01989556
0.1015 -0.02642051 -0.0043724533
0.102 -0.01935535 0.006779397
0.1025 -0.01394585 0.014075996
0.103 -0.009311454 0.018915998
0.1035 -0.005023821 0.022449048
0.104 -0.0008967279 0.025421688
0.1045 0.003115461 0.028264986
0.105 0.007031527 0.031203555
0.1055 0.01091859 0.034337558
0.106 0.01480548 0.037696414
0.1065 0.01868723 0.041271985
0.107 0.02255614 0.045038268
0.1075 0.02642019 0.04896246
0.108 0.03027984 0.053010613
0.1085 0.03413009 0.057151183
0.109 0.03796465 0.061355934
0.1095 0.0417781 0.065600336
0.11 0.04556702 0.06986354
0.1105 0.04932908 0.07412809
0.111 0.05306279 0.0783795
0.1115 0.05676717 0.08260581
0.112 0.06044165 0.08679736
0.1125 0.06408584 0.09094614
0.113 0.06769939 0.09504579
0.1135 0.07128201 0.09909135
0.114 0.07483355 0.10307878
0.1145 0.07835392 0.10700525
0.115 0.08184136 0.11086835
0.1155 0.08527853 0.11466655
0.116 0.08867512 0.118398845
0.1165 0.09204577 0.122064635
0.117 0.09539416 0.12566361
0.1175 0.09870711 0.1291961
0.118 0.1019618 0.13266209
0.1185 0.1051808 0.13606246
0.119 0.1083802 0.13939774
0.1195 0.1115629 0.14266886
0.12 0.1147258 0.14587672
0.1205 0.117865 0.14902252
0.121 0.1209769 0.15210727
0.1215 0.1240592 0.15513217
0.122 0.1271103 0.15809861
0.1225 0.1301113 0.16100761
0.123 0.1330368 0.16386056
0.1235 0.1359186 0.16665864
0.124 0.1387853 0.16940318
0.1245 0.1416428 0.17209542
0.125 0.1444868 0.17473651
0.1255 0.1473104 0.1773278
0.126 0.1501074 0.17987053
0.1265 0.1528743 0.18236575
0.127 0.1556091 0.18481475
0.1275 0.1583128 0.18721853
0.128 0.1609854 0.18957846
0.1285 0.1636157 0.19189532
0.129 0.1661922 0.19417037
0.1295 0.1687342 0.19640467
0.13 0.1712546 0.19859919
0.1305 0.1737398 0.20075479
0.131 0.1761779 0.20287259
0.1315 0.1785865 0.2049535
0.132 0.1809572 0.20699832
0.1325 0.1832937 0.20900813
0.133 0.1855978 0.21098357
0.1335 0.1878699 0.21292551
0.134 0.1901309 0.21483478
0.1345 0.1923824 0.21671236
0.135 0.1946254 0.21855864
0.1355 0.1968558 0.22037461
0.136 0.1990424 0.22216097
0.1365 0.2011837 0.22391826
0.137 0.2033082 0.22564736
0.1375 0.2054225 0.22734872
0.138 0.207524 0.22902313
0.1385 0.209608 0.23067114
0.139 0.2116695 0.23229331
0.1395 0.2137051 0.23389041
0.14 0.215708 0.23546267
0.1405 0.2176793 0.23701096
0.141 0.2196249 0.23853567
0.1415 0.2215323 0.24003735
0.142 0.2233906 0.24151635
0.1425 0.2252246 0.24297345
0.143 0.2270471 0.24440888
0.1435 0.2288598 0.2458232
0.144 0.2306601 0.24721682
0.1445 0.2324322 0.24859014
0.145 0.2339289 0.24994367
0.1455 0.2353872 0.25127774
0.146 0.2369419 0.25259283
0.1465 0.238585 0.25388935
0.147 0.2402794 0.25516757
0.1475 0.2419922 0.25642782
0.148 0.2437005 0.25767067
0.1485 0.2453739 0.25889626
0.149 0.2469939 0.2601051
0.1495 0.2485842 0.26129732
0.15 0.250158 0.27204743
0.1505 0.2387842 0.2506171
0.151 0.2250653 0.23538166
0.1515 0.2162111 0.22537714
0.152 0.2106172 0.2182281
0.1525 0.2066407 0.21259157
0.153 0.2034007 0.20783743
0.1535 0.2004877 0.20368706
0.154 0.1977203 0.20001347
0.1545 0.1950191 0.19674703
0.155 0.1923493 0.19383474
0.1555 0.1896957 0.19122678
0.156 0.1870418 0.18887253
0.1565 0.1843687 0.18672153
0.157 0.1817021 0.1847252
0.1575 0.17903 0.18283871
0.158 0.1763755 0.18102202
0.1585 0.1737481 0.17924029
0.159 0.1711444 0.17746438
0.1595 0.1685593 0.17567047
0.16 0.1659889 0.17383976
0.1605 0.163431 0.1719579
0.161 0.1608845 0.17001453
0.1615 0.1583493 0.16800305
0.162 0.1558258 0.16591957
0.1625 0.1533145 0.16376288
0.163 0.1508161 0.16153362
0.1635 0.1483313 0.1592344
0.164 0.1458608 0.15686908
0.1645 0.1434054 0.15444246
0.165 0.1409655 0.15196027
0.1655 0.1385418 0.14942867
0.166 0.1361347 0.14685425
0.1665 0.1337447 0.14424387
0.167 0.1313722 0.1416043
0.1675 0.1290177 0.1389423
0.168 0.1266813 0.13626459
0.1685 0.1243635 0.13357744
0.169 0.1220646 0.13088709
0.1695 0.1197847 0.12819909
0.17 0.1175241 0.12551914
0.1705 0.115283 0.12285206
0.171 0.1130616 0.120202586
0.1715 0.1108601 0.11757478
0.172 0.1086785 0.11497261
0.1725 0.1065171 0.11239934
0.173 0.1043759 0.10985802
0.1735 0.102255 0.10735129
0.174 0.1001546 0.10488142
0.1745 0.09807456 0.102450386
0.175 0.09601506 0.10005972
0.1755 0.09397612 0.097710565
0.176 0.09195775 0.09540413
0.1765 0.08995996 0.09314115
0.177 0.08798277 0.09092206
0.1775 0.08602615 0.088747144
0.178 0.08409009 0.086616516
0.1785 0.08217457 0.084530115
0.179 0.08027953 0.08248764
0.1795 0.07840495 0.08048876
0.18 0.07655076 0.07853292
0.1805 0.0747169 0.07661943
0.181 0.07290331 0.07474767
0.1815 0.07110989 0.072916806
0.182 0.06933659 0.07112597
0.1825 0.06758329 0.06937428
0.183 0.06584992 0.06766075
0.1835 0.06413636 0.06598448
0.184 0.06244251 0.06434436
0.1845 0.06076827 0.0627394
0.185 0.05911351 0.061168574
0.1855 0.05747812 0.059630856
0.186 0.05586198 0.05812514
0.1865 0.05426495 0.056650504
0.187 0.0526869 0.055205896
0.1875 0.05112771 0.05379027
0.188 0.04958723 0.05240278
0.1885 0.04806532 0.051042378
0.189 0.04656185 0.049708128
0.1895 0.04507666 0.04839918
0.19 0.04360961 0.047114573
0.1905 0.04216055 0.045853585
0.191 0.04072933 0.044615284
0.1915 0.0393158 0.043398984
0.192 0.03791979 0.04220379
0.1925 0.03654116 0.04102908
0.193 0.03517974 0.03987407
0.1935 0.03383539 0.038738117
0.194 0.03250793 0.037620604
0.1945 0.03119722 0.03652086
0.195 0.02990308 0.035438277
0.1955 0.02862536 0.034372285
0.196 0.0273639 0.033322334
0.1965 0.02611853 0.03228791
0.197 0.02488909 0.031268463
0.1975 0.02367541 0.030263552
0.198 0.02247735 0.029272744
0.1985 0.02129472 0.02829546
0.199 0.02012738 0.027331406
0.1995 0.01897515 0.026380071
0.2 0.01783788 0.025441157
0.2005 0.01671541 0.024514185
0.201 0.01560756 0.023598852
0.2015 0.01451419 0.022694746
0.202 0.01343512 0.021801637
0.2025 0.01237021 0.020919101
0.203 0.01131928 0.020046847
0.2035 0.01028219 0.019184599
0.204 0.009258774 0.018332006
0.2045 0.008248874 0.017488854
0.205 0.007252334 0.016654843
0.2055 0.006268999 0.015829714
0.206 0.005298715 0.015013183
0.2065 0.004341328 0.01420504
0.207 0.003396685 0.013405049
0.2075 0.002464634 0.012612978
0.208 0.001545025 0.011828566
0.2085 0.0006377084 0.011051642
0.209 -0.0002574649 0.010281967
0.2095 -0.001140642 0.009519333
0.21 -0.002011969 0.008763583
0.2105 -0.002871592 0.008014495
0.211 -0.003719654 0.0072718654
0.2115 -0.004556299 0.006535569
0.212 -0.005381667 0.005805375
0.2125 -0.006195899 0.0050811637
0.213 -0.006999135 0.0043627564
0.2135 -0.007791512 0.0036499593
0.214 -0.008573167 0.0029426757
0.2145 -0.009344236 0.0022407267
0.215 -0.01010485 0.001543941
0.2155 -0.01085515 0.0008522514
0.216 -0.01159526 0.00016544946
0.2165 -0.01232531 -0.00051655434
0.217 -0.01304543 -0.0011938978
0.2175 -0.01375575 -0.0018666778
0.218 -0.0144564 -0.0025350358
0.2185 -0.0151475 -0.0031990688
0.219 -0.01582917 -0.0038589183
0.2195 -0.01650154 -0.0045146514
0.22 -0.01716473 -0.005166335
0.2205 -0.01781886 -0.005814133
0.221 -0.01846404 -0.0064581316
0.2215 -0.0191004 -0.0070983637
0.222 -0.01972805 -0.00773496
0.2225 -0.02034711 -0.008367954
0.223 -0.02095768 -0.008997431
0.2235 -0.02155989 -0.009623511
0.224 -0.02215383 -0.010246193
0.2245 -0.02273963 -0.010865552
0.225 -0.02331739 -0.011481667
0.2255 -0.02388722 -0.012094567
0.226 -0.02444922 -0.0127043
0.2265 -0.0250035 -0.013310926
0.227 -0.02555016 -0.013914483
0.2275 -0.0260893 -0.014514996
0.228 -0.02662103 -0.015112484
0.2285 -0.02714544 -0.015707007
0.229 -0.02766264 -0.016298564
0.2295 -0.02817271 -0.016887194
0.23 -0.02867577 -0.017472865
0.2305 -0.02917189 -0.018055627
0.231 -0.02966118 -0.018635495
0.2315 -0.03014373 -0.019212434
0.232 -0.03061963 -0.019786464
0.2325 -0.03108897 -0.02035758
0.233 -0.03155184 -0.020925766
0.2335 -0.03200833 -0.021491012
0.234 -0.03245852 -0.022053307
0.2345 -0.0329025 -0.022612618
0.235 -0.03334036 -0.023168938
0.2355 -0.03377218 -0.023722207
0.236 -0.03419804 -0.024272418
0.2365 -0.03461802 -0.024819536
0.237 -0.03503221 -0.025363514
0.2375 -0.03544068 -0.025904307
0.238 -0.03584352 -0.026441878
0.2385 -0.03624079 -0.026976189
0.239 -0.03663258 -0.027507158
0.2395 -0.03701896 -0.028034756
0.24 -0.03740001 -0.02855892
0.2405 -0.0377758 -0.029079592
0.241 -0.0381464 -0.02959672
0.2415 -0.03851189 -0.030110236
0.242 -0.03887233 -0.03062006
0.2425 -0.03922779 -0.031126147
0.243 -0.03957835 -0.031628422
0.2435 -0.03992407 -0.032126807
0.244 -0.04026502 -0.03262125
0.2445 -0.04060126 -0.033111654
0.245 -0.04093286 -0.033597972
0.2455 -0.04125988 -0.03408011
0.246 -0.0415824 -0.034558024
0.2465 -0.04190046 -0.035031617
0.247 -0.04221413 -0.03550082
0.2475 -0.04252348 -0.035965562
0.248 -0.04282855 -0.03642577
0.2485 -0.04312942 -0.036881387
0.249 -0.04342614 -0.03733232
0.2495 -0.04371877 -0.03777852
0.25 -0.04400736 -0.038219906
0.2505 -0.04429198 -0.038656417
0.251 -0.04457267 -0.039087996
0.2515 -0.04484949 -0.039514568
0.252 -0.04512249 -0.039936084
0.2525 -0.04539173 -0.04035248
0.253 -0.04565727 -0.040763706
0.2535 -0.04591914 -0.041169703
0.254 -0.04617741 -0.041570432
0.2545 -0.04643212 -0.041965842
0.255 -0.04668332 -0.042355888
0.2555 -0.04693107 -0.042740524
0.256 -0.0471754 -0.043119736
0.2565 -0.04741638 -0.043493472
0.257 -0.04765403 -0.043861702
0.2575 -0.04788842 -0.044224404
0.258 -0.04811958 -0.044581562
0.2585 -0.04834756 -0.044933155
0.259 -0.04857241 -0.045279168
0.2595 -0.04879417 -0.045619577
0.26 -0.04901288 -0.04595439
0.2605 -0.04922858 -0.046283603
0.261 -0.04944132 -0.046607204
0.2615 -0.04965114 -0.04692521
0.262 -0.04985807 -0.04723762
0.2625 -0.05006217 -0.047544457
0.263 -0.05026346 -0.047845714
0.2635 -0.05046199 -0.048141435
0.264 -0.0506578 -0.04843162
0.2645 -0.05085091 -0.048716307
0.265 -0.05104139 -0.048995517
0.2655 -0.05122924 -0.049269296
0.266 -0.05141453 -0.049537666
0.2665 -0.05159727 -0.049800664
0.267 -0.05177751 -0.050058343
0.2675 -0.05195528 -0.050310723
0.268 -0.05213062 -0.05055788
0.2685 -0.05230355 -0.05079984
0.269 -0.05247412 -0.051036656
0.2695 -0.05264235 -0.05126839
0.27 -0.05280829 -0.05149509
0.2705 -0.05297195 -0.05171682
0.271 -0.05313337 -0.05193363
0.2715 -0.05329259 -0.052145578
0.272 -0.05344963 -0.05235274
0.2725 -0.05360452 -0.052555196
0.273 -0.0537573 -0.052752957
0.2735 -0.05390799 -0.052946135
0.274 -0.05405662 -0.05313479
0.2745 -0.05420322 -0.053318985
0.275 -0.05434783 -0.05349879
0.2755 -0.05449046 -0.05367428
0.276 -0.05463114 -0.05384551
0.2765 -0.05476991 -0.05401256
0.277 -0.05490678 -0.054175504
0.2775 -0.05504179 -0.054334432
0.278 -0.05517496 -0.054489397
0.2785 -0.05530631 -0.054640457
0.279 -0.05543588 -0.05478771
0.2795 -0.05556368 -0.054931223
0.28 -0.05568974 -0.055071063
0.2805 -0.05581409 -0.055207305
0.281 -0.05593674 -0.055340037
0.2815 -0.05605773 -0.05546929
0.282 -0.05617707 -0.055595174
0.2825 -0.05629479 -0.05571775
0.283 -0.05641091 -0.05583708
0.2835 -0.05652545 -0.055953242
0.284 -0.05663844 -0.056066297
0.2845 -0.05674989 -0.056176327
0.285 -0.05685983 -0.056283385
0.2855 -0.05696828 -0.056387536
0.286 -0.05707526 -0.05648888
0.2865 -0.05718078 -0.056587428
0.287 -0.05728488 -0.056683294
0.2875 -0.05738756 -0.056776516
0.288 -0.05748885 -0.05686716
0.2885 -0.05758877 -0.056955285
0.289 -0.05768734 -0.05704096
0.2895 -0.05778457 -0.05712425
0.29 -0.05788048 -0.057205208
0.2905 -0.0579751 -0.05728387
0.291 -0.05806844 -0.05736032
0.2915 -0.05816051 -0.05743461
0.292 -0.05825134 -0.057506792
0.2925 -0.05834094 -0.057576917
0.293 -0.05842934 -0.057645045
0.2935 -0.05851653 -0.05771123
0.294 -0.05860255 -0.057775505
0.2945 -0.05868741 -0.057837933
0.295 -0.05877112 -0.05789856
0.2955 -0.0588537 -0.057957426
0.296 -0.05893517 -0.058014594
0.2965 -0.05901554 -0.0580701
0.297 -0.05909483 -0.058123983
0.2975 -0.05917305 -0.05817631
0.298 -0.05925021 -0.058227092
0.2985 -0.05932633 -0.058276393
0.299 -0.05940143 -0.058324255
0.2995 -0.05947552 -0.058370687
0.3 -0.05954861 -0.05841577
0.3005 -0.05962071 -0.05845952
0.301 -0.05969185 -0.058501974
0.3015 -0.05976203 -0.058543168
0.302 -0.05983126 -0.05858314
0.3025 -0.05989957 -0.058621928
0.303 -0.05996695 -0.05865956
0.3035 -0.06003343 -0.05869607
0.304 -0.06009902 -0.058731496
0.3045 -0.06016373 -0.05876585
0.305 -0.06022757 -0.058799185
0.3055 -0.06029055 -0.058831543
0.306 -0.06035269 -0.058862895
0.3065 -0.06041399 -0.058893323
0.307 -0.06047447 -0.058922835
0.3075 -0.06053414 -0.05895146
0.308 -0.06059301 -0.05897922
0.3085 -0.0606511 -0.059006132
0.309 -0.0607084 -0.05903224
0.3095 -0.06076494 -0.059057556
0.31 -0.06082072 -0.059082113
0.3105 -0.06087575 -0.059105918
0.311 -0.06093005 -0.059128992
0.3115 -0.06098362 -0.05915139
0.312 -0.06103647 -0.059173077
0.3125 -0.06108862 -0.05919414
0.313 -0.06114007 -0.059214532
0.3135 -0.06119083 -0.05923432
0.314 -0.06124091 -0.059253506
0.3145 -0.06129033 -0.059272103
0.315 -0.06133909 -0.05929012
0.3155 -0.06138719 -0.059307605
0.316 -0.06143465 -0.059324533
0.3165 -0.06148148 -0.05934097
0.317 -0.06152769 -0.05935689
0.3175 -0.06157328 -0.059372336
0.318 -0.06161826 -0.059387296
0.3185 -0.06166264 -0.059401795
0.319 -0.06170643 -0.059415855
0.3195 -0.06174963 -0.05942948
0.32 -0.06179227 -0.059442684
0.3205 -0.06183433 -0.0594555
0.321 -0.06187583 -0.059467897
0.3215 -0.06191678 -0.059479937
0.322 -0.06195719 -0.059491582
0.3225 -0.06199706 -0.059502885
0.323 -0.0620364 -0.059513837
0.3235 -0.06207521 -0.059524447
0.324 -0.06211351 -0.059534743
0.3245 -0.0621513 -0.059544712
0.325 -0.06218859 -0.059554376
0.3255 -0.06222538 -0.059563734
0.326 -0.06226169 -0.059572823
0.3265 -0.06229751 -0.059581608
0.327 -0.06233286 -0.05959013
0.3275 -0.06236774 -0.0595984
0.328 -0.06240215 -0.059606396
0.3285 -0.06243611 -0.05961415
0.329 -0.06246962 -0.05962167
0.3295 -0.06250269 -0.05962895
0.33 -0.06253531 -0.05963602
0.3305 -0.06256751 -0.059642844
0.331 -0.06259928 -0.05964949
0.3315 -0.06263062 -0.059655912
0.332 -0.06266155 -0.059662126
0.3325 -0.06269208 -0.05966817
0.333 -0.0627222 -0.05967401
0.3335 -0.06275192 -0.05967968
0.334 -0.06278124 -0.05968517
0.3345 -0.06281018 -0.059690475
0.335 -0.06283874 -0.059695624
0.3355 -0.06286692 -0.059700638
0.336 -0.06289472 -0.059705473
0.3365 -0.06292216 -0.05971016
0.337 -0.06294924 -0.059714705
0.3375 -0.06297596 -0.0597191
0.338 -0.06300233 -0.05972337
0.3385 -0.06302834 -0.059727497
0.339 -0.06305402 -0.059731506
0.3395 -0.06307936 -0.059735395
0.34 -0.06310436 -0.05973915
0.3405 -0.06312903 -0.05974278
0.341 -0.06315338 -0.059746325
0.3415 -0.0631774 -0.05974973
0.342 -0.06320111 -0.059753053
0.3425 -0.06322451 -0.05975625
0.343 -0.0632476 -0.059759364
0.3435 -0.06327038 -0.05976238
0.344 -0.06329287 -0.05976531
0.3445 -0.06331506 -0.05976814
0.345 -0.06333695 -0.05977086
0.3455 -0.06335856 -0.059773542
0.346 -0.06337989 -0.05977612
0.3465 -0.06340093 -0.05977861
0.347 -0.0634217 -0.05978103
0.3475 -0.06344219 -0.05978336
0.348 -0.06346241 -0.059785634
0.3485 -0.06348237 -0.05978784
0.349 -0.06350207 -0.05978995
0.3495 -0.06352151 -0.059792012
0.35 -0.06354069 -0.059794024
0.3505 -0.06355962 -0.05979596
0.351 -0.0635783 -0.05979783
0.3515 -0.06359674 -0.05979964
0.352 -0.06361493 -0.059801407
0.3525 -0.06363289 -0.059803106
0.353 -0.06365061 -0.059804775
0.3535 -0.0636681 -0.05980636
0.354 -0.06368535 -0.059807926
0.3545 -0.06370239 -0.059809424
0.355 -0.0637192 -0.05981089
0.3555 -0.06373578 -0.059812307
0.356 -0.06375216 -0.059813663
0.3565 -0.06376831 -0.05981499
0.357 -0.06378426 -0.059816264
0.3575 -0.0638 -0.059817508
0.358 -0.06381553 -0.059818707
0.3585 -0.06383085 -0.059819885
0.359 -0.06384598 -0.059821025
0.3595 -0.06386091 -0.05982212
0.36 -0.06387564 -0.059823163
0.3605 -0.06389018 -0.059824206
0.361 -0.06390453 -0.059825197
0.3615 -0.0639187 -0.059826158
0.362 -0.06393267 -0.059827104
0.3625 -0.06394647 -0.05982799
0.363 -0.06396008 -0.05982887
0.3635 -0.06397352 -0.059829727
0.364 -0.06398678 -0.05983054
0.3645 -0.06399987 -0.059831344
0.365 -0.06401279 -0.05983211
0.3655 -0.06402554 -0.059832856
0.366 -0.06403812 -0.059833594
0.3665 -0.06405054 -0.0598343
0.367 -0.06406279 -0.05983498
0.3675 -0.06407489 -0.059835643
0.368 -0.06408683 -0.059836276
0.3685 -0.06409861 -0.05983691
0.369 -0.06411024 -0.059837498
0.3695 -0.06412172 -0.05983808
0.37 -0.06413304 -0.059838645
0.3705 -0.06414422 -0.059839197
0.371 -0.06415526 -0.059839725
0.3715 -0.06416615 -0.059840225
0.372 -0.0641769 -0.059840724
0.3725 -0.06418751 -0.059841193
0.373 -0.06419798 -0.059841655
0.3735 -0.06420831 -0.059842125
0.374 -0.06421851 -0.059842564
0.3745 -0.06422858 -0.05984299
0.375 -0.06423852 -0.059843406
0.3755 -0.06424833 -0.059843794
0.376 -0.064258 -0.05984418
0.3765 -0.06426756 -0.059844546
0.377 -0.06427699 -0.05984491
0.3775 -0.06428629 -0.05984526
0.378 -0.06429548 -0.05984561
0.3785 -0.06430455 -0.05984593
0.379 -0.0643135 -0.059846245
0.3795 -0.06432233 -0.059846558
0.38 -0.06433105 -0.059846856
0.3805 -0.06433965 -0.059847154
0.381 -0.06434814 -0.059847422
0.3815 -0.06435653 -0.059847698
0.382 -0.0643648 -0.059847973
0.3825 -0.06437297 -0.05984822
0.383 -0.06438103 -0.059848458
0.3835 -0.06438898 -0.059848696
0.384 -0.06439683 -0.05984892
0.3845 -0.06440459 -0.059849158
0.385 -0.06441224 -0.059849367
0.3855 -0.06441979 -0.059849568
0.386 -0.06442724 -0.059849776
0.3865 -0.0644346 -0.059849985
0.387 -0.06444186 -0.059850164
0.3875 -0.06444902 -0.059850357
0.388 -0.0644561 -0.059850536
0.3885 -0.06446308 -0.059850723
0.389 -0.06446997 -0.059850886
0.3895 -0.06447678 -0.05985105
0.39 -0.06448349 -0.059851214
0.3905 -0.06449012 -0.059851363
0.391 -0.06449666 -0.05985152
0.3915 -0.06450312 -0.05985167
0.392 -0.06450949 -0.059851795
0.3925 -0.06451578 -0.05985193
0.393 -0.06452199 -0.059852064
0.3935 -0.06452812 -0.059852183
0.394 -0.06453417 -0.05985231
0.3945 -0.06454015 -0.059852436
0.395 -0.06454604 -0.059852563
0.3955 -0.06455186 -0.059852667
0.396 -0.0645576 -0.05985278
0.3965 -0.06456327 -0.059852883
0.397 -0.06456887 -0.059852988
0.3975 -0.06457439 -0.05985307
0.398 -0.06457984 -0.05985316
0.3985 -0.06458523 -0.059853256
0.399 -0.06459054 -0.059853345
0.3995 -0.06459578 -0.059853427
0.4 -0.06460096 -0.059853524
0.4005 -0.06460607 -0.059853606
0.401 -0.06461111 -0.059853695
0.4015 -0.06461609 -0.059853755
0.402 -0.064621 -0.05985383
0.4025 -0.06462585 -0.059853896
0.403 -0.06463064 -0.05985397
0.4035 -0.06463537 -0.059854038
0.404 -0.06464003 -0.059854098
0.4045 -0.06464464 -0.059854172
0.405 -0.06464918 -0.05985423
0.4055 -0.06465367 -0.059854306
0.406 -0.0646581 -0.05985435
0.4065 -0.06466247 -0.059854403
0.407 -0.06466679 -0.059854463
0.4075 -0.06467105 -0.0598545
0.408 -0.06467525 -0.05985456
0.4085 -0.06467941 -0.05985462
0.409 -0.0646835 -0.059854664
0.4095 -0.06468755 -0.059854694
0.41 -0.06469154 -0.059854746
0.4105 -0.06469548 -0.059854798
0.411 -0.06469937 -0.059854828
0.4115 -0.06470321 -0.059854873
0.412 -0.06470701 -0.059854917
0.4125 -0.06471075 -0.059854962
0.413 -0.06471444 -0.05985499
0.4135 -0.06471809 -0.05985503
0.414 -0.06472169 -0.05985505
0.4145 -0.06472524 -0.059855096
0.415 -0.06472875 -0.05985512
0.4155 -0.06473221 -0.05985514
0.416 -0.06473563 -0.05985517
0.4165 -0.06473901 -0.059855215
0.417 -0.06474234 -0.059855238
0.4175 -0.06474562 -0.059855267
0.418 -0.06474887 -0.059855297
0.4185 -0.06475207 -0.05985532
0.419 -0.06475524 -0.059855342
0.4195 -0.06475836 -0.05985537
0.42 -0.06476144 -0.059855394
0.4205 -0.06476448 -0.059855424
0.421 -0.06476749 -0.059855446
0.4215 -0.06477045 -0.059855454
0.422 -0.06477338 -0.059855483
0.4225 -0.06477627 -0.059855506
0.423 -0.06477912 -0.05985553
0.4235 -0.06478194 -0.059855543
0.424 -0.06478472 -0.059855573
0.4245 -0.06478746 -0.059855588
0.425 -0.06479017 -0.059855603
0.4255 -0.06479284 -0.059855625
0.426 -0.06479548 -0.059855632
0.4265 -0.06479809 -0.059855655
0.427 -0.06480066 -0.059855662
0.4275 -0.0648032 -0.059855677
0.428 -0.06480571 -0.0598557
0.4285 -0.06480818 -0.059855714
0.429 -0.06481063 -0.059855714
0.4295 -0.06481304 -0.059855737
0.43 -0.06481542 -0.059855744
0.4305 -0.06481777 -0.059855767
0.431 -0.06482009 -0.05985576
0.4315 -0.06482238 -0.05985578
0.432 -0.06482464 -0.05985578
0.4325 -0.06482687 -0.059855796
0.433 -0.06482907 -0.05985581
0.4335 -0.06483125 -0.059855826
0.434 -0.0648334 -0.059855826
0.4345 -0.06483552 -0.059855834
0.435 -0.06483761 -0.05985585
0.4355 -0.06483968 -0.05985585
0.436 -0.06484172 -0.05985585
0.4365 -0.06484373 -0.059855863
0.437 -0.06484572 -0.05985588
0.4375 -0.06484768 -0.059855886
0.438 -0.06484962 -0.0598559
0.4385 -0.06485153 -0.05985591
0.439 -0.06485342 -0.059855916
0.4395 -0.06485528 -0.059855923
0.44 -0.06485712 -0.059855916
0.4405 -0.06485894 -0.059855938
0.441 -0.06486073 -0.059855945
0.4415 -0.0648625 -0.059855945
0.442 -0.06486425 -0.059855945
0.4425 -0.06486597 -0.059855953
0.443 -0.06486768 -0.05985596
0.4435 -0.06486936 -0.059855968
0.444 -0.06487102 -0.059855968
0.4445 -0.06487266 -0.059855975
0.445 -0.06487427 -0.059855975
0.4455 -0.06487587 -0.059855975
0.446 -0.06487745 -0.05985599
0.4465 -0.064879 -0.05985599
0.447 -0.06488054 -0.059855998
0.4475 -0.06488206 -0.059856005
0.448 -0.06488355 -0.059856005
0.4485 -0.06488503 -0.059856005
0.449 -0.06488649 -0.059856012
0.4495 -0.06488793 -0.059856005
0.45 -0.06488936 -0.05985602
0.4505 -0.06489076 -0.059856012
0.451 -0.06489215 -0.059856035
0.4515 -0.06489352 -0.059856027
0.452 -0.06489487 -0.059856027
0.4525 -0.0648962 -0.059856035
0.453 -0.06489752 -0.059856027
0.4535 -0.06489882 -0.059856035
0.454 -0.0649001 -0.059856042
0.4545 -0.06490137 -0.05985605
0.455 -0.06490262 -0.05985605
0.4555 -0.06490386 -0.059856065
0.456 -0.06490508 -0.059856057
0.4565 -0.06490628 -0.059856057
0.457 -0.06490747 -0.05985605
0.4575 -0.06490864 -0.059856057
0.458 -0.0649098 -0.059856065
0.4585 -0.06491094 -0.059856065
0.459 -0.06491207 -0.059856065
0.4595 -0.06491319 -0.059856072
0.46 -0.06491429 -0.059856065
0.4605 -0.06491538 -0.059856072
0.461 -0.06491645 -0.059856072
0.4615 -0.06491751 -0.05985608
0.462 -0.06491855 -0.05985608
0.4625 -0.06491959 -0.05985608
0.463 -0.0649206 -0.05985608
0.4635 -0.06492161 -0.05985608
0.464 -0.0649226 -0.05985608
0.4645 -0.06492358 -0.059856087
0.465 -0.06492455 -0.05985608
0.4655 -0.06492551 -0.05985608
0.466 -0.06492645 -0.05985608
0.4665 -0.06492738 -0.059856102
0.467 -0.0649283 -0.059856102
0.4675 -0.06492921 -0.059856094
0.468 -0.06493011 -0.059856102
0.4685 -0.06493099 -0.059856102
0.469 -0.06493187 -0.059856094
0.4695 -0.06493273 -0.059856102
0.47 -0.06493358 -0.059856102
0.4705 -0.06493442 -0.059856102
0.471 -0.06493525 -0.059856102
0.4715 -0.06493607 -0.059856102
0.472 -0.06493688 -0.059856094
0.4725 -0.06493768 -0.059856102
0.473 -0.06493847 -0.059856102
0.4735 -0.06493925 -0.05985611
0.474 -0.06494002 -0.059856102
0.4745 -0.06494078 -0.059856102
0.475 -0.06494153 -0.059856102
0.4755 -0.06494227 -0.059856102
0.476 -0.064943 -0.059856102
0.4765 -0.06494372 -0.059856102
0.477 -0.06494443 -0.059856102
0.4775 -0.06494513 -0.059856094
0.478 -0.06494583 -0.059856094
0.4785 -0.06494651 -0.059856094
0.479 -0.06494719 -0.059856094
0.4795 -0.06494786 -0.059856094
0.48 -0.06494852 -0.059856094
0.4805 -0.06494917 -0.059856094
0.481 -0.06494981 -0.059856094
0.4815 -0.06495044 -0.059856094
0.482 -0.06495107 -0.059856094
0.4825 -0.06495169 -0.059856094
0.483 -0.0649523 -0.059856094
0.4835 -0.0649529 -0.059856102
0.484 -0.0649535 -0.059856094
0.4845 -0.06495409 -0.059856094
0.485 -0.06495467 -0.059856094
0.4855 -0.06495524 -0.059856094
0.486 -0.06495581 -0.059856094
0.4865 -0.06495636 -0.059856094
0.487 -0.06495692 -0.059856094
0.4875 -0.06495746 -0.059856094
0.488 -0.064958 -0.059856094
0.4885 -0.06495853 -0.059856094
0.489 -0.06495905 -0.059856094
0.4895 -0.06495957 -0.059856094
0.49 -0.06496008 -0.059856094
0.4905 -0.06496058 -0.059856094
0.491 -0.06496108 -0.059856094
0.4915 -0.06496157 -0.059856094
0.492 -0.06496206 -0.059856094
0.4925 -0.06496254 -0.059856094
0.493 -0.06496301 -0.059856094
0.4935 -0.06496348 -0.059856094
0.494 -0.06496394 -0.059856094
0.4945 -0.0649644 -0.059856094
0.495 -0.06496484 -0.059856094
0.4955 -0.06496529 -0.059856094
0.496 -0.06496573 -0.059856094
0.4965 -0.06496616 -0.059856094
0.497 -0.06496659 -0.059856094
0.4975 -0.06496701 -0.059856094
0.498 -0.06496743 -0.059856094
0.4985 -0.06496784 -0.059856094
0.499 -0.06496824 -0.059856094
0.4995 -0.06496864 -0.059856094
