0.0 -0.065 -0.015022629
0.0005 -0.06342581 -0.03016557
0.001 -0.06022075 -0.039032884
0.0015 -0.05740796 -0.043453276
0.002 -0.05519259 -0.045188174
0.0025 -0.05335007 -0.045304567
0.003 -0.05169257 -0.044440657
0.0035 -0.05011917 -0.04298845
0.004 -0.0485834 -0.04119318
0.0045 -0.04706444 -0.039209485
0.005 -0.04554802 -0.037134714
0.0055 -0.04402365 -0.03502971
0.006 -0.04249365 -0.0329317
0.0065 -0.04096232 -0.03086281
0.007 -0.03942685 -0.028835462
0.0075 -0.03788524 -0.026855918
0.008 -0.03634033 -0.024926545
0.0085 -0.03479252 -0.023047524
0.009 -0.0332438 -0.021217467
0.0095 -0.03169451 -0.019434424
0.01 -0.03014281 -0.01769595
0.0105 -0.02858847 -0.015999602
0.011 -0.02703256 -0.01434295
0.0115 -0.02547658 -0.012723611
0.012 -0.02392193 -0.011139468
0.0125 -0.02236956 -0.00958857
0.013 -0.02082009 -0.008069114
0.0135 -0.01927438 -0.0065794894
0.014 -0.01773354 -0.0051182667
0.0145 -0.01619854 -0.003684209
0.015 -0.01467 -0.0022761684
0.0155 -0.01314847 -0.00089301285
0.016 -0.01163445 0.00046607736
0.0165 -0.01012838 0.0018019367
0.017 -0.008630542 0.00311534
0.0175 -0.007141266 0.0044069877
0.018 -0.005660823 0.005677446
0.0185 -0.004189535 0.0069272956
0.019 -0.00272777 0.008156984
0.0195 -0.001275639 0.009367078
0.02 0.0001647901 0.010558038
0.0205 0.001574207 0.011730208
0.021 0.002963109 0.012883975
0.0215 0.0043461 0.0140197715
0.022 0.005727407 0.01513785
0.0225 0.00710621 0.016238568
0.023 0.008480142 0.017322255
0.0235 0.009838314 0.018389238
0.024 0.01118155 0.01943977
0.0245 0.01251796 0.020474127
0.025 0.01384836 0.021492613
0.0255 0.0151713 0.022495424
0.026 0.01648517 0.023482872
0.0265 0.01778871 0.02445521
0.027 0.01908107 0.025412714
0.0275 0.02036171 0.026355548
0.028 0.02163032 0.02728401
0.0285 0.02288677 0.028198233
0.029 0.02413106 0.029098561
0.0295 0.02536308 0.029985217
0.03 0.02658274 0.030858247
0.0305 0.02778977 0.031718135
0.031 0.02898428 0.032564946
0.0315 0.03016652 0.033398837
0.032 0.03133656 0.034220144
0.0325 0.03249445 0.03502895
0.033 0.0336402 0.035825536
0.0335 0.03477382 0.03661009
0.034 0.03589534 0.03738279
0.0345 0.03700478 0.038143836
0.035 0.03810219 0.0388934
0.0355 0.03918447 0.039631717
0.036 0.04024589 0.04035893
0.0365 0.04129272 0.04107529
0.037 0.04233032 0.04178091
0.0375 0.04335841 0.0424759
0.038 0.04436946 0.043160632
0.0385 0.04536578 0.043835126
0.039 0.0463532 0.044499576
0.0395 0.04733392 0.045154177
0.04 0.04830762 0.045799077
0.0405 0.04927317 0.046434417
0.041 0.05022947 0.0470604
0.0415 0.05117557 0.04767719
0.042 0.05211077 0.048284933
0.0425 0.05303485 0.048883773
0.043 0.0539441 0.049473763
0.0435 0.05482428 0.050055243
0.044 0.0556934 0.050628215
0.0445 0.0565504 0.051192887
0.045 0.05738629 0.05174935
0.0455 0.05821892 0.052297793
0.046 0.05905313 0.05283834
0.0465 0.05988695 0.05337107
0.047 0.06071701 0.05389621
0.0475 0.0615404 0.054413803
0.048 0.06235517 0.054924034
0.0485 0.06316023 0.055427015
0.049 0.06395501 0.055922836
0.0495 0.0647393 0.05641167
0.05 0.06551308 0.056893557
0.0505 0.06627644 0.05736868
0.051 0.06702952 0.05783715
0.0515 0.0677725 0.058299072
0.052 0.06850558 0.058754526
0.0525 0.06922892 0.059203684
0.053 0.0699427 0.059646524
0.0535 0.07064689 0.060083278
0.054 0.07134146 0.060514055
0.0545 0.07202304 0.060938843
0.055 0.07269204 0.061357833
0.0555 0.07335297 0.061771095
0.056 0.07400757 0.06217879
0.0565 0.07465581 0.06258083
0.057 0.07529714 0.06297749
0.0575 0.07593105 0.063368835
0.058 0.07655718 0.063754864
0.0585 0.07717533 0.064135745
0.059 0.07778544 0.06451154
0.0595 0.07838751 0.06488228
0.06 0.07898157 0.06524816
0.0605 0.07956769 0.06560919
0.061 0.08014601 0.06596543
0.0615 0.08071667 0.06631696
0.062 0.08127976 0.06666389
0.0625 0.08183157 0.06700638
0.063 0.08236507 0.06734429
0.0635 0.08288828 0.067677855
0.064 0.08340711 0.06800708
0.0645 0.08392029 0.06833206
0.065 0.08442518 0.06865287
0.0655 0.08492405 0.06896952
0.066 0.08541888 0.069282204
0.0665 0.08590948 0.06959088
0.067 0.08639061 0.06989567
0.0675 0.08686501 0.07019654
0.068 0.08733632 0.07049362
0.0685 0.08780501 0.07078706
0.069 0.08827024 0.071076766
0.0695 0.08873104 0.07136282
0.07 0.08918664 0.07164545
0.0705 0.08963459 0.07192449
0.071 0.09007099 0.072200045
0.0715 0.09049886 0.072472274
0.072 0.09091695 0.07274112
0.0725 0.09132844 0.07300663
0.073 0.09173761 0.07326898
0.0735 0.09214527 0.073528126
0.074 0.09255058 0.07378407
0.0745 0.09295057 0.07403703
0.075 0.09334472 0.07428694
0.0755 0.09373377 0.07453382
0.076 0.09410986 0.07477777
0.0765 0.09447313 0.07501882
0.077 0.09483215 0.07525694
0.0775 0.09519095 0.07549235
0.078 0.0955498 0.0757249
0.0785 0.09590758 0.075954765
0.079 0.09626304 0.0761819
0.0795 0.09661517 0.076406434
0.08 0.09696332 0.07662837
0.0805 0.09730708 0.07684767
0.081 0.09764627 0.07706453
0.0815 0.0979808 0.07727885
0.082 0.09831068 0.07749072
0.0825 0.09863593 0.07770015
0.083 0.09895662 0.077907205
0.0835 0.09926918 0.07811192
0.084 0.09956635 0.07831432
0.0845 0.09985593 0.07851446
0.085 0.1001446 0.0787123
0.0855 0.1004341 0.07890801
0.086 0.1007238 0.07910152
0.0865 0.1010114 0.079292804
0.087 0.1012927 0.07948199
0.0875 0.1015703 0.07966915
0.088 0.1018456 0.079854235
0.0885 0.1021184 0.080037296
0.089 0.1023887 0.08021833
0.0895 0.102656 0.08039744
0.09 0.1029202 0.08057457
0.0905 0.1031812 0.080749825
0.091 0.1034387 0.080923125
0.0915 0.1036927 0.08109461
0.092 0.1039429 0.08126421
0.0925 0.1041895 0.08143206
0.093 0.1044326 0.08159807
0.0935 0.1046725 0.08176234
0.094 0.1049091 0.081924886
0.0945 0.1051426 0.0820857
0.095 0.105373 0.08224489
0.0955 0.1056003 0.08240242
0.096 0.1058245 0.082558244
0.0965 0.1060457 0.08271247
0.097 0.1062639 0.082865074
0.0975 0.1064792 0.08301613
0.098 0.1066916 0.083165586
0.0985 0.1069011 0.08331357
0.099 0.1071078 0.08346003
0.0995 0.1073117 0.08360502
0.1 0.1075129 0.04563503
0.1005 0.1061805 0.049743317
0.101 0.1033044 0.053123564
0.1015 0.1008671 0.053291336
0.102 0.09905337 0.05171497
0.1025 0.09763099 0.0495661
0.103 0.09641053 0.047546014
0.1035 0.09528746 0.046022486
0.104 0.09421108 0.04515259
0.1045 0.09315822 0.04496762
0.105 0.09211871 0.045427896
0.1055 0.09108833 0.046457052
0.106 0.09006558 0.04796271
0.1065 0.08905018 0.049848933
0.107 0.0880424 0.052023116
0.1075 0.08704278 0.05440002
0.108 0.08605193 0.056903474
0.1085 0.0850705 0.05946719
0.109 0.08409908 0.062034495
0.1095 0.08313832 0.06455822
0.11 0.08218889 0.066999525
0.1105 0.08125137 0.06932752
0.111 0.08032632 0.07151814
0.1115 0.07941425 0.07355339
0.112 0.07851564 0.075420514
0.1125 0.07763094 0.077111244
0.113 0.07676054 0.07862114
0.1135 0.07590484 0.07994893
0.114 0.07506419 0.08109601
0.1145 0.07423892 0.08206582
0.115 0.07342933 0.08286366
0.1155 0.0726357 0.0834961
0.116 0.07185828 0.08397074
0.1165 0.0710973 0.084295966
0.117 0.07035298 0.084480636
0.1175 0.06962551 0.08453401
0.118 0.06891506 0.084465474
0.1185 0.06822178 0.08428441
0.119 0.06754582 0.084000155
0.1195 0.06688728 0.083621874
0.12 0.06624627 0.08315849
0.1205 0.06562288 0.082618624
0.121 0.06501719 0.08201057
0.1215 0.06442924 0.08134218
0.122 0.06385909 0.08062098
0.1225 0.06330677 0.07985407
0.123 0.06277231 0.079048164
0.1235 0.0622557 0.07820945
0.124 0.06175696 0.07734384
0.1245 0.06127606 0.0764567
0.125 0.060813 0.07555314
0.1255 0.06036773 0.07463779
0.126 0.05994021 0.07371493
0.1265 0.05953041 0.07278845
0.127 0.05913826 0.07186196
0.1275 0.05876371 0.070938684
0.128 0.05840668 0.070021614
0.1285 0.05806709 0.06911338
0.129 0.05774486 0.06821637
0.1295 0.05743991 0.067332745
0.13 0.05715214 0.06646436
0.1305 0.05688146 0.065612935
0.131 0.05662774 0.06477995
0.1315 0.0563909 0.06396668
0.132 0.0561708 0.06317426
0.1325 0.05596735 0.06240359
0.133 0.05578041 0.06165556
0.1335 0.05560987 0.060930848
0.134 0.05545559 0.06023
0.1345 0.05531743 0.059553467
0.135 0.05519528 0.058901653
0.1355 0.05508898 0.058274806
0.136 0.0549984 0.05767314
0.1365 0.0549234 0.057096794
0.137 0.05486384 0.056545854
0.1375 0.05481958 0.056020334
0.138 0.05479047 0.055520147
0.1385 0.05477638 0.05504529
0.139 0.05477715 0.054595634
0.1395 0.05479263 0.054171026
0.14 0.05482268 0.053771332
0.1405 0.05486714 0.05339636
0.141 0.05492587 0.0530459
0.1415 0.05499871 0.052719712
0.142 0.05508551 0.05241759
0.1425 0.05518612 0.052139238
0.143 0.05530038 0.051884472
0.1435 0.05542814 0.051652968
0.144 0.05556925 0.051444486
0.1445 0.05572356 0.051258683
0.145 0.0558909 0.051095337
0.1455 0.05607114 0.050954163
0.146 0.05626411 0.05083482
0.1465 0.05646967 0.050737098
0.147 0.05668767 0.050660655
0.1475 0.05691795 0.050605208
0.148 0.05716036 0.050570473
0.1485 0.05741475 0.05055614
0.149 0.05768098 0.050561905
0.1495 0.0579589 0.050587505
0.15 0.05824836 0.050632596
0.1505 0.05854921 0.050696984
0.151 0.05886131 0.050780237
0.1515 0.05918452 0.05088216
0.152 0.05951868 0.051002413
0.1525 0.05986366 0.05114077
0.153 0.06021932 0.05129683
0.1535 0.06058552 0.05147043
0.154 0.06096211 0.05166115
0.1545 0.06134896 0.05186881
0.155 0.06174594 0.05209303
0.1555 0.06215289 0.05233358
0.156 0.06256971 0.052590147
0.1565 0.06299623 0.052862436
0.157 0.06343235 0.053150177
0.1575 0.06387792 0.053453058
0.158 0.06433282 0.05377084
0.1585 0.06479691 0.054103255
0.159 0.06527007 0.05444996
0.1595 0.06575218 0.054810688
0.16 0.06624309 0.055185184
0.1605 0.0667427 0.05557318
0.161 0.06725087 0.05597441
0.1615 0.0677675 0.056388557
0.162 0.06829247 0.0568154
0.1625 0.06882565 0.057254657
0.163 0.06936694 0.057706058
0.1635 0.06991621 0.05816938
0.164 0.07047336 0.05864431
0.1645 0.07103827 0.059130654
0.165 0.07161074 0.059628114
0.1655 0.07219038 0.060136393
0.166 0.07277709 0.060655385
0.1665 0.07337096 0.061184794
0.167 0.07397204 0.061724335
0.1675 0.0745803 0.062273845
0.168 0.07519566 0.06283301
0.1685 0.07581804 0.06340167
0.169 0.07644733 0.063979566
0.1695 0.07708272 0.06456648
0.17 0.07772272 0.06516226
0.1705 0.07836901 0.06576657
0.171 0.07902225 0.06637935
0.1715 0.07968251 0.067000315
0.172 0.08034962 0.06762932
0.1725 0.08102337 0.06826608
0.173 0.08170362 0.068910435
0.1735 0.08239016 0.06956223
0.174 0.0830828 0.07022126
0.1745 0.08378135 0.07088739
0.175 0.08448567 0.07156043
0.1755 0.08519562 0.072240114
0.176 0.08591111 0.07292637
0.1765 0.08663202 0.07361899
0.177 0.08735807 0.07431783
0.1775 0.08808903 0.07502271
0.178 0.08882453 0.07573351
0.1785 0.08956466 0.076450095
0.179 0.09030978 0.077172324
0.1795 0.09106003 0.07789999
0.18 0.0918154 0.078633055
0.1805 0.0925758 0.079371214
0.181 0.09334111 0.0801145
0.1815 0.09411124 0.080862746
0.182 0.09488609 0.081615806
0.1825 0.09566558 0.08237353
0.183 0.09644961 0.08313583
0.1835 0.09723812 0.08390257
0.184 0.09803102 0.08467372
0.1845 0.09882824 0.085449055
0.185 0.09962972 0.086228535
0.1855 0.1004354 0.08701204
0.186 0.1012451 0.087799475
0.1865 0.102059 0.088590786
0.187 0.1028766 0.08938573
0.1875 0.103697 0.090184346
0.188 0.1045199 0.090986475
0.1885 0.1053458 0.09179209
0.189 0.1061752 0.092601106
0.1895 0.1070087 0.09341337
0.19 0.1078464 0.09422888
0.1905 0.1086884 0.0950474
0.191 0.1095345 0.09586905
0.1915 0.1103846 0.09669368
0.192 0.1112373 0.09752114
0.1925 0.1120783 0.09835149
0.193 0.1129144 0.09918456
0.1935 0.1137586 0.100020394
0.194 0.1146141 0.10085876
0.1945 0.1154799 0.101699784
0.195 0.1163534 0.10254322
0.1955 0.1172327 0.10338919
0.196 0.1181162 0.10423748
0.1965 0.1190031 0.10508807
0.197 0.1198929 0.10594092
0.1975 0.1207851 0.10679604
0.198 0.1216751 0.107653245
0.1985 0.1225485 0.108512565
0.199 0.12342 0.10937394
0.1995 0.1243009 0.110237375
0.2 0.1251934 0.081445515
0.2005 0.1147057 0.063251585
0.201 0.1034526 0.054330498
0.2015 0.09665293 0.05026692
0.202 0.09251841 0.04882276
0.2025 0.08963795 0.04878494
0.203 0.08731867 0.049464814
0.2035 0.08525466 0.050464034
0.204 0.08331419 0.05155176
0.2045 0.08144022 0.05259578
0.205 0.0796075 0.053522795
0.2055 0.07780444 0.054294676
0.206 0.07602552 0.05489421
0.2065 0.07426794 0.055316508
0.207 0.07253024 0.055563867
0.2075 0.07081158 0.05564253
0.208 0.06911143 0.05556103
0.2085 0.06742948 0.055328853
0.209 0.0657655 0.05495599
0.2095 0.0641193 0.054452494
0.21 0.06249077 0.053828336
0.2105 0.06087977 0.05309321
0.211 0.0592862 0.052256554
0.2115 0.05770996 0.051327437
0.212 0.05615096 0.05031456
0.2125 0.05460909 0.049226306
0.213 0.05308428 0.04807064
0.2135 0.05157641 0.04685518
0.214 0.05008539 0.045587108
0.2145 0.04861113 0.04427322
0.215 0.04715353 0.042919964
0.2155 0.04571248 0.041533373
0.216 0.04428787 0.040119067
0.2165 0.04287961 0.038682275
0.217 0.04148758 0.03722795
0.2175 0.04011167 0.035760585
0.218 0.03875178 0.034284364
0.2185 0.03740777 0.03280308
0.219 0.03607955 0.03132027
0.2195 0.03476699 0.029839097
0.22 0.03346996 0.028362414
0.2205 0.03218836 0.026892869
0.221 0.03092205 0.025432741
0.2215 0.02967091 0.023984144
0.222 0.02843482 0.022548875
0.2225 0.02721364 0.021128578
0.223 0.02600726 0.019724613
0.2235 0.02481553 0.018338205
0.224 0.02363834 0.01697039
0.2245 0.02247555 0.015621974
0.225 0.02132703 0.0142936995
0.2255 0.02019265 0.012986115
0.226 0.01907227 0.011699646
0.2265 0.01796576 0.010434597
0.227 0.01687299 0.009191173
0.2275 0.01579383 0.00796949
0.228 0.01472814 0.006769567
0.2285 0.01367578 0.005591343
0.229 0.01263663 0.004434678
0.2295 0.01161055 0.0032994214
0.23 0.0105974 0.0021852877
0.2305 0.009597052 0.001092023
0.231 0.008609371 1.9262312e-05
0.2315 0.007634224 -0.0010333445
0.232 0.006671477 -0.0020661775
0.2325 0.005720997 -0.0030796726
0.233 0.004782651 -0.0040742652
0.2335 0.003856309 -0.0050503993
0.234 0.002941837 -0.0060085477
0.2345 0.002039106 -0.0069491835
0.235 0.001147983 -0.00787278
0.2355 0.0002683401 -0.008779847
0.236 -0.0005999528 -0.00967081
0.2365 -0.001457024 -0.010546197
0.237 -0.002303002 -0.011406449
0.2375 -0.003138014 -0.012252045
0.238 -0.003962186 -0.013083459
0.2385 -0.004775644 -0.013901089
0.239 -0.005578513 -0.014705439
0.2395 -0.006370916 -0.015496896
0.24 -0.007152977 -0.01627584
0.2405 -0.007924819 -0.017042732
0.241 -0.008686563 -0.017797934
0.2415 -0.009438328 -0.018541811
0.242 -0.01018024 -0.019274706
0.2425 -0.0109124 -0.019996973
0.243 -0.01163495 -0.020708954
0.2435 -0.01234799 -0.021410925
0.244 -0.01305164 -0.022103215
0.2445 -0.01374602 -0.022786079
0.245 -0.01443123 -0.023459772
0.2455 -0.0151074 -0.02412456
0.246 -0.01577463 -0.02478067
0.2465 -0.01643303 -0.025428323
0.247 -0.01708272 -0.026067717
0.2475 -0.0177238 -0.02669906
0.248 -0.01835638 -0.027322507
0.2485 -0.01898056 -0.027938256
0.249 -0.01959646 -0.028546447
0.2495 -0.02020418 -0.029147191
0.25 -0.02080381 -0.029740648
0.2505 -0.02139546 -0.030326942
0.251 -0.02197924 -0.030906172
0.2515 -0.02255524 -0.031478412
0.252 -0.02312356 -0.032043792
0.2525 -0.02368431 -0.03260237
0.253 -0.02423757 -0.033154212
0.2535 -0.02478344 -0.033699412
0.254 -0.02532203 -0.03423801
0.2545 -0.02585341 -0.034770038
0.255 -0.02637769 -0.03529557
0.2555 -0.02689496 -0.035814617
0.256 -0.02740531 -0.036327243
0.2565 -0.02790882 -0.03683345
0.257 -0.02840559 -0.037333265
0.2575 -0.02889571 -0.037826717
0.258 -0.02937925 -0.038313843
0.2585 -0.02985632 -0.038794637
0.259 -0.03032698 -0.039269105
0.2595 -0.03079133 -0.03973726
0.26 -0.03124945 -0.04019913
0.2605 -0.03170142 -0.04065471
0.261 -0.03214732 -0.041104004
0.2615 -0.03258723 -0.041547008
0.262 -0.03302123 -0.04198376
0.2625 -0.0334494 -0.04241424
0.263 -0.03387181 -0.04283846
0.2635 -0.03428854 -0.04325642
0.264 -0.03469967 -0.043668143
0.2645 -0.03510527 -0.04407362
0.265 -0.03550542 -0.044472873
0.2655 -0.03590018 -0.044865903
0.266 -0.03628963 -0.045252718
0.2665 -0.03667383 -0.045633353
0.267 -0.03705287 -0.0460078
0.2675 -0.0374268 -0.046376094
0.268 -0.03779569 -0.04673823
0.2685 -0.03815962 -0.047094256
0.269 -0.03851865 -0.04744418
0.2695 -0.03887284 -0.047788035
0.27 -0.03922226 -0.048125844
0.2705 -0.03956697 -0.04845764
0.271 -0.03990704 -0.048783455
0.2715 -0.04024253 -0.049103327
0.272 -0.04057349 -0.049417276
0.2725 -0.0409 -0.049725354
0.273 -0.04122211 -0.050027616
0.2735 -0.04153987 -0.050324067
0.274 -0.04185335 -0.05061478
0.2745 -0.04216261 -0.05089981
0.275 -0.0424677 -0.051179186
0.2755 -0.04276868 -0.051452972
0.276 -0.0430656 -0.051721215
0.2765 -0.04335852 -0.051983975
0.277 -0.04364749 -0.052241303
0.2775 -0.04393256 -0.052493274
0.278 -0.0442138 -0.052739933
0.2785 -0.04449124 -0.05298134
0.279 -0.04476494 -0.053217556
0.2795 -0.04503496 -0.053448655
0.28 -0.04530133 -0.053674694
0.2805 -0.04556412 -0.053895753
0.281 -0.04582336 -0.054111876
0.2815 -0.04607911 -0.05432316
0.282 -0.04633142 -0.054529652
0.2825 -0.04658032 -0.05473145
0.283 -0.04682587 -0.05492861
0.2835 -0.04706812 -0.055121195
0.284 -0.0473071 -0.055309277
0.2845 -0.04754286 -0.055492945
0.285 -0.04777544 -0.05567226
0.2855 -0.0480049 -0.0558473
0.286 -0.04823126 -0.056018136
0.2865 -0.04845457 -0.056184843
0.287 -0.04867488 -0.056347504
0.2875 -0.04889222 -0.05650617
0.288 -0.04910664 -0.05666093
0.2885 -0.04931816 -0.056811865
0.289 -0.04952685 -0.056959026
0.2895 -0.04973272 -0.057102505
0.29 -0.04993582 -0.05724235
0.2905 -0.05013619 -0.057378657
0.291 -0.05033386 -0.057511494
0.2915 -0.05052888 -0.057640925
0.292 -0.05072127 -0.05776703
0.2925 -0.05091107 -0.05788987
0.293 -0.05109832 -0.058009524
0.2935 -0.05128305 -0.058126055
0.294 -0.0514653 -0.058239523
0.2945 -0.0516451 -0.05835001
0.295 -0.05182248 -0.05845757
0.2955 -0.05199748 -0.058562264
0.296 -0.05217013 -0.058664173
0.2965 -0.05234045 -0.05876336
0.297 -0.05250849 -0.05885987
0.2975 -0.05267427 -0.05895377
0.298 -0.05283783 -0.059045136
0.2985 -0.05299918 -0.059134014
0.299 -0.05315837 -0.05922047
0.2995 -0.05331543 -0.059304558
0.3 -0.05347037 -0.059386335
0.3005 -0.05362324 -0.059465863
0.301 -0.05377406 -0.059543192
0.3015 -0.05392285 -0.059618372
0.302 -0.05406964 -0.059691485
0.3025 -0.05421447 -0.059762537
0.303 -0.05435735 -0.05983161
0.3035 -0.05449832 -0.059898753
0.304 -0.0546374 -0.059964005
0.3045 -0.05477461 -0.06002742
0.305 -0.05490999 -0.06008904
0.3055 -0.05504355 -0.060148913
0.306 -0.05517532 -0.06020709
0.3065 -0.05530533 -0.06026363
0.307 -0.05543359 -0.060318533
0.3075 -0.05556014 -0.060371887
0.308 -0.05568499 -0.060423702
0.3085 -0.05580817 -0.06047403
0.309 -0.0559297 -0.06052293
0.3095 -0.05604961 -0.060570408
0.31 -0.05616791 -0.06061651
0.3105 -0.05628462 -0.060661297
0.311 -0.05639978 -0.06070478
0.3115 -0.0565134 -0.06074699
0.312 -0.0566255 -0.060787983
0.3125 -0.05673609 -0.060827784
0.313 -0.05684521 -0.06086643
0.3135 -0.05695288 -0.060903937
0.314 -0.0570591 -0.060940363
0.3145 -0.0571639 -0.06097571
0.315 -0.05726731 -0.06101004
0.3155 -0.05736933 -0.061043352
0.316 -0.05746999 -0.06107568
0.3165 -0.05756931 -0.061107054
0.317 -0.0576673 -0.061137512
0.3175 -0.05776398 -0.06116707
0.318 -0.05785937 -0.06119575
0.3185 -0.05795349 -0.061223574
0.319 -0.05804635 -0.06125059
0.3195 -0.05813798 -0.0612768
0.32 -0.05822838 -0.061302233
0.3205 -0.05831758 -0.061326906
0.321 -0.05840559 -0.061350845
0.3215 -0.05849243 -0.06137408
0.322 -0.05857811 -0.061396614
0.3225 -0.05866264 -0.061418492
0.323 -0.05874605 -0.061439708
0.3235 -0.05882835 -0.061460286
0.324 -0.05890956 -0.061480258
0.3245 -0.05898968 -0.06149963
0.325 -0.05906874 -0.06151842
0.3255 -0.05914674 -0.06153665
0.326 -0.05922371 -0.061554335
0.3265 -0.05929965 -0.061571483
0.327 -0.05937458 -0.061588123
0.3275 -0.05944852 -0.06160426
0.328 -0.05952147 -0.06161991
0.3285 -0.05959345 -0.061635096
0.329 -0.05966448 -0.06164983
0.3295 -0.05973456 -0.061664104
0.33 -0.05980371 -0.061677963
0.3305 -0.05987194 -0.0616914
0.331 -0.05993926 -0.061704423
0.3315 -0.06000569 -0.061717052
0.332 -0.06007124 -0.06172932
0.3325 -0.06013592 -0.06174119
0.333 -0.06019974 -0.06175272
0.3335 -0.06026271 -0.061763898
0.334 -0.06032485 -0.061774734
0.3345 -0.06038616 -0.061785243
0.335 -0.06044666 -0.06179544
0.3355 -0.06050636 -0.061805323
0.336 -0.06056527 -0.061814908
0.3365 -0.06062339 -0.061824217
0.337 -0.06068074 -0.061833225
0.3375 -0.06073734 -0.061841972
0.338 -0.06079318 -0.061850443
0.3385 -0.06084828 -0.06185866
0.339 -0.06090266 -0.061866626
0.3395 -0.06095631 -0.061874352
0.34 -0.06100925 -0.061881844
0.3405 -0.0610615 -0.061889112
0.341 -0.06111305 -0.061896153
0.3415 -0.06116392 -0.061902978
0.342 -0.06121411 -0.0619096
0.3425 -0.06126364 -0.061916023
0.343 -0.06131252 -0.061922237
0.3435 -0.06136075 -0.061928272
0.344 -0.06140834 -0.061934114
0.3445 -0.0614553 -0.06193979
0.345 -0.06150164 -0.061945297
0.3455 -0.06154737 -0.06195063
0.346 -0.0615925 -0.061955795
0.3465 -0.06163703 -0.061960798
0.347 -0.06168097 -0.06196566
0.3475 -0.06172433 -0.06197038
0.348 -0.06176711 -0.06197495
0.3485 -0.06180934 -0.061979383
0.349 -0.061851 -0.061983675
0.3495 -0.06189212 -0.061987843
0.35 -0.06193269 -0.06199187
0.3505 -0.06197273 -0.061995786
0.351 -0.06201224 -0.06199958
0.3515 -0.06205122 -0.062003255
0.352 -0.0620897 -0.062006827
0.3525 -0.06212766 -0.06201028
0.353 -0.06216513 -0.062013634
0.3535 -0.0622021 -0.06201689
0.354 -0.06223858 -0.06202004
0.3545 -0.06227459 -0.062023085
0.355 -0.06231012 -0.062026054
0.3555 -0.06234518 -0.06202892
0.356 -0.06237978 -0.062031694
0.3565 -0.06241392 -0.06203439
0.357 -0.06244762 -0.062037002
0.3575 -0.06248087 -0.06203953
0.358 -0.06251368 -0.062041976
0.3585 -0.06254606 -0.062044367
0.359 -0.06257802 -0.062046677
0.3595 -0.06260955 -0.06204891
0.36 -0.06264067 -0.062051088
0.3605 -0.06267138 -0.06205319
0.361 -0.06270169 -0.062055223
0.3615 -0.0627316 -0.062057205
0.362 -0.06276112 -0.062059116
0.3625 -0.06279024 -0.062060967
0.363 -0.06281899 -0.06206277
0.3635 -0.06284735 -0.06206452
0.364 -0.06287535 -0.062066205
0.3645 -0.06290298 -0.062067844
0.365 -0.06293024 -0.06206944
0.3655 -0.06295715 -0.062070973
0.366 -0.0629837 -0.06207248
0.3665 -0.0630099 -0.062073916
0.367 -0.06303576 -0.062075324
0.3675 -0.06306128 -0.062076688
0.368 -0.06308647 -0.062078
0.3685 -0.06311132 -0.062079273
0.369 -0.06313585 -0.062080525
0.3695 -0.06316006 -0.062081717
0.37 -0.06318395 -0.062082876
0.3705 -0.06320753 -0.062084008
0.371 -0.0632308 -0.0620851
0.3715 -0.06325376 -0.062086165
0.372 -0.06327642 -0.0620872
0.3725 -0.06329879 -0.062088188
0.373 -0.06332086 -0.06208916
0.3735 -0.06334264 -0.062090088
0.374 -0.06336414 -0.062091
0.3745 -0.06338536 -0.06209188
0.375 -0.0634063 -0.06209272
0.3755 -0.06342696 -0.062093556
0.376 -0.06344736 -0.06209435
0.3765 -0.06346748 -0.06209513
0.377 -0.06348735 -0.06209588
0.3775 -0.06350695 -0.062096618
0.378 -0.0635263 -0.062097326
0.3785 -0.06354539 -0.06209801
0.379 -0.06356424 -0.062098682
0.3795 -0.06358284 -0.062099323
0.38 -0.06360119 -0.062099952
0.3805 -0.06361931 -0.062100556
0.381 -0.06363718 -0.062101144
0.3815 -0.06365483 -0.06210172
0.382 -0.06367224 -0.062102273
0.3825 -0.06368943 -0.062102806
0.383 -0.06370639 -0.062103316
0.3835 -0.06372313 -0.062103815
0.384 -0.06373966 -0.062104307
0.3845 -0.06375596 -0.062104784
0.385 -0.06377206 -0.06210524
0.3855 -0.06378794 -0.062105685
0.386 -0.06380362 -0.062106118
0.3865 -0.06381909 -0.06210654
0.387 -0.06383436 -0.062106945
0.3875 -0.06384943 -0.062107332
0.388 -0.0638643 -0.062107705
0.3885 -0.06387898 -0.062108073
0.389 -0.06389347 -0.062108427
0.3895 -0.06390777 -0.062108774
0.39 -0.06392188 -0.062109113
0.3905 -0.06393581 -0.062109433
0.391 -0.06394956 -0.062109746
0.3915 -0.06396313 -0.06211006
0.392 -0.06397652 -0.062110342
0.3925 -0.06398974 -0.062110633
0.393 -0.06400278 -0.06211091
0.3935 -0.06401566 -0.062111177
0.394 -0.06402837 -0.062111434
0.3945 -0.06404091 -0.06211169
0.395 -0.06405329 -0.06211192
0.3955 -0.06406551 -0.062112167
0.396 -0.06407757 -0.062112406
0.3965 -0.06408947 -0.062112637
0.397 -0.06410122 -0.062112845
0.3975 -0.06411281 -0.06211306
0.398 -0.06412425 -0.06211327
0.3985 -0.06413555 -0.062113464
0.399 -0.0641467 -0.06211365
0.3995 -0.0641577 -0.062113833
0.4 -0.06416856 -0.06211401
0.4005 -0.06417928 -0.06211419
0.401 -0.06418986 -0.062114365
0.4015 -0.0642003 -0.06211453
0.402 -0.0642106 -0.06211468
0.4025 -0.06422078 -0.06211483
0.403 -0.06423082 -0.062114988
0.4035 -0.06424073 -0.062115133
0.404 -0.06425051 -0.062115274
0.4045 -0.06426016 -0.062115405
0.405 -0.06426969 -0.06211553
0.4055 -0.06427909 -0.062115654
0.406 -0.06428838 -0.06211579
0.4065 -0.06429754 -0.0621159
0.407 -0.06430658 -0.062116016
0.4075 -0.06431551 -0.06211613
0.408 -0.06432432 -0.062116243
0.4085 -0.06433301 -0.062116347
0.409 -0.0643416 -0.06211645
0.4095 -0.06435007 -0.062116556
0.41 -0.06435843 -0.062116645
0.4105 -0.06436668 -0.06211674
0.411 -0.06437483 -0.06211683
0.4115 -0.06438287 -0.06211692
0.412 -0.06439081 -0.06211701
0.4125 -0.06439864 -0.062117092
0.413 -0.06440637 -0.062117174
0.4135 -0.06441401 -0.06211725
0.414 -0.06442154 -0.06211733
0.4145 -0.06442898 -0.062117405
0.415 -0.06443631 -0.06211747
0.4155 -0.06444356 -0.062117532
0.416 -0.06445071 -0.062117606
0.4165 -0.06445777 -0.06211767
0.417 -0.06446473 -0.062117726
0.4175 -0.06447161 -0.062117793
0.418 -0.0644784 -0.062117845
0.4185 -0.0644851 -0.062117897
0.419 -0.06449171 -0.062117953
0.4195 -0.06449824 -0.06211801
0.42 -0.06450468 -0.06211806
0.4205 -0.06451104 -0.0621181
0.421 -0.06451732 -0.062118154
0.4215 -0.06452351 -0.062118206
0.422 -0.06452963 -0.062118247
0.4225 -0.06453567 -0.062118296
0.423 -0.06454162 -0.062118344
0.4235 -0.06454751 -0.06211839
0.424 -0.06455331 -0.062118426
0.4245 -0.06455904 -0.062118474
0.425 -0.0645647 -0.06211851
0.4255 -0.06457028 -0.06211855
0.426 -0.06457579 -0.062118582
0.4265 -0.06458124 -0.062118623
0.427 -0.06458661 -0.062118657
0.4275 -0.06459191 -0.062118687
0.428 -0.06459714 -0.062118713
0.4285 -0.0646023 -0.06211874
0.429 -0.0646074 -0.062118772
0.4295 -0.06461243 -0.0621188
0.43 -0.0646174 -0.062118825
0.4305 -0.0646223 -0.06211885
0.431 -0.06462714 -0.06211887
0.4315 -0.06463192 -0.06211889
0.432 -0.06463664 -0.062118918
0.4325 -0.06464129 -0.062118944
0.433 -0.06464589 -0.06211897
0.4335 -0.06465042 -0.062118996
0.434 -0.0646549 -0.062119015
0.4345 -0.06465932 -0.062119026
0.435 -0.06466368 -0.062119044
0.4355 -0.06466799 -0.06211907
0.436 -0.06467224 -0.06211909
0.4365 -0.06467643 -0.062119104
0.437 -0.06468058 -0.062119126
0.4375 -0.06468466 -0.062119145
0.438 -0.0646887 -0.062119156
0.4385 -0.06469268 -0.062119175
0.439 -0.06469662 -0.062119186
0.4395 -0.0647005 -0.062119205
0.44 -0.06470433 -0.062119212
0.4405 -0.06470811 -0.06211923
0.441 -0.06471185 -0.062119253
0.4415 -0.06471553 -0.062119268
0.442 -0.06471917 -0.062119275
0.4425 -0.06472276 -0.062119283
0.443 -0.06472631 -0.062119298
0.4435 -0.06472981 -0.06211931
0.444 -0.06473326 -0.062119324
0.4445 -0.06473667 -0.062119335
0.445 -0.06474004 -0.06211935
0.4455 -0.06474336 -0.062119357
0.446 -0.06474664 -0.062119365
0.4465 -0.06474988 -0.06211938
0.447 -0.06475307 -0.0621194
0.4475 -0.06475623 -0.06211941
0.448 -0.06475934 -0.062119413
0.4485 -0.06476242 -0.062119424
0.449 -0.06476545 -0.062119424
0.4495 -0.06476845 -0.06211943
0.45 -0.06477141 -0.06211943
0.4505 -0.06477433 -0.062119447
0.451 -0.06477721 -0.062119447
0.4515 -0.06478005 -0.062119447
0.452 -0.06478286 -0.062119454
0.4525 -0.06478563 -0.06211946
0.453 -0.06478837 -0.06211947
0.4535 -0.06479107 -0.062119473
0.454 -0.06479374 -0.062119476
0.4545 -0.06479637 -0.062119484
0.455 -0.06479897 -0.062119495
0.4555 -0.06480154 -0.062119506
0.456 -0.06480407 -0.062119514
0.4565 -0.06480657 -0.062119514
0.457 -0.06480904 -0.062119517
0.4575 -0.06481147 -0.06211953
0.458 -0.06481388 -0.06211953
0.4585 -0.06481625 -0.062119536
0.459 -0.06481859 -0.062119547
0.4595 -0.06482091 -0.06211955
0.46 -0.06482319 -0.062119566
0.4605 -0.06482545 -0.062119573
0.461 -0.06482767 -0.06211958
0.4615 -0.06482987 -0.06211958
0.462 -0.06483204 -0.062119585
0.4625 -0.06483418 -0.06211959
0.463 -0.06483629 -0.06211959
0.4635 -0.06483838 -0.062119596
0.464 -0.06484044 -0.062119596
0.4645 -0.06484247 -0.0621196
0.465 -0.06484448 -0.062119603
0.4655 -0.06484646 -0.0621196
0.466 -0.06484842 -0.0621196
0.4665 -0.06485035 -0.06211959
0.467 -0.06485226 -0.062119592
0.4675 -0.06485414 -0.062119596
0.468 -0.064856 -0.0621196
0.4685 -0.06485783 -0.062119603
0.469 -0.06485964 -0.062119603
0.4695 -0.06486143 -0.06211961
0.47 -0.06486319 -0.06211961
0.4705 -0.06486494 -0.062119614
0.471 -0.06486665 -0.06211961
0.4715 -0.06486835 -0.062119618
0.472 -0.06487003 -0.062119618
0.4725 -0.06487168 -0.06211962
0.473 -0.06487332 -0.062119626
0.4735 -0.06487493 -0.062119626
0.474 -0.06487652 -0.062119626
0.4745 -0.06487809 -0.06211963
0.475 -0.06487964 -0.062119633
0.4755 -0.06488117 -0.062119633
0.476 -0.06488269 -0.062119633
0.4765 -0.06488418 -0.062119637
0.477 -0.06488565 -0.06211964
0.4775 -0.06488711 -0.06211964
0.478 -0.06488854 -0.06211964
0.4785 -0.06488996 -0.06211964
0.479 -0.06489136 -0.062119644
0.4795 -0.06489274 -0.062119644
0.48 -0.06489411 -0.062119648
0.4805 -0.06489545 -0.062119648
0.481 -0.06489678 -0.062119648
0.4815 -0.06489809 -0.062119648
0.482 -0.06489939 -0.062119648
0.4825 -0.06490067 -0.06211965
0.483 -0.06490193 -0.062119655
0.4835 -0.06490318 -0.062119655
0.484 -0.06490441 -0.062119655
0.4845 -0.06490562 -0.062119655
0.485 -0.06490682 -0.062119655
0.4855 -0.06490801 -0.062119655
0.486 -0.06490917 -0.062119655
0.4865 -0.06491033 -0.062119655
0.487 -0.06491147 -0.062119655
0.4875 -0.06491259 -0.062119655
0.488 -0.0649137 -0.062119655
0.4885 -0.0649148 -0.062119655
0.489 -0.06491588 -0.062119655
0.4895 -0.06491695 -0.062119655
0.49 -0.064918 -0.062119655
0.4905 -0.06491905 -0.062119655
0.491 -0.06492007 -0.062119655
0.4915 -0.06492109 -0.062119655
0.492 -0.06492209 -0.062119655
0.4925 -0.06492308 -0.062119655
0.493 -0.06492406 -0.062119655
0.4935 -0.06492502 -0.062119655
0.494 -0.06492597 -0.062119655
0.4945 -0.06492691 -0.062119655
0.495 -0.06492784 -0.062119655
0.4955 -0.06492875 -0.062119655
0.496 -0.06492966 -0.062119655
0.4965 -0.06493055 -0.062119655
0.497 -0.06493143 -0.062119655
0.4975 -0.0649323 -0.062119655
0.498 -0.06493316 -0.062119655
0.4985 -0.06493401 -0.062119655
0.499 -0.06493485 -0.062119655
0.4995 -0.06493567 -0.062119655
