0.0 -0.065 -0.039710753
0.0005 -0.065 -0.057431735
0.001 -0.065 -0.06667592
0.0015 -0.065 -0.07173501
0.002 -0.065 -0.07461885
0.0025 -0.065 -0.07631187
0.003 -0.065 -0.07731347
0.0035 -0.065 -0.07788598
0.004 -0.065 -0.07817351
0.0045 -0.065 -0.07826036
0.005 -0.065 -0.07819985
0.0055 -0.065 -0.07802867
0.006 -0.065 -0.077774055
0.0065 -0.065 -0.077457175
0.007 -0.065 -0.07709503
0.0075 -0.065 -0.07670138
0.008 -0.065 -0.07628732
0.0085 -0.065 -0.07586177
0.009 -0.065 -0.07543174
0.0095 -0.065 -0.07500269
0.01 -0.065 -0.074578755
0.0105 -0.065 -0.07416299
0.011 -0.065 -0.07375753
0.0115 -0.065 -0.073363885
0.012 -0.065 -0.07298296
0.0125 -0.065 -0.07261522
0.013 -0.065 -0.07226084
0.0135 -0.065 -0.07191975
0.014 -0.065 -0.071591675
0.0145 -0.065 -0.07127626
0.015 -0.065 -0.07097305
0.0155 -0.065 -0.070681565
0.016 -0.065 -0.070401266
0.0165 -0.065 -0.07013163
0.017 -0.065 -0.06987214
0.0175 -0.065 -0.06962229
0.018 -0.065 -0.069381595
0.0185 -0.065 -0.069149606
0.019 -0.065 -0.06892589
0.0195 -0.065 -0.06871003
0.02 -0.065 -0.06850165
0.0205 -0.065 -0.0683004
0.021 -0.065 -0.06810598
0.0215 -0.065 -0.06791806
0.022 -0.065 -0.06773636
0.0225 -0.065 -0.067560606
0.023 -0.065 -0.06739058
0.0235 -0.065 -0.06722604
0.024 -0.065 -0.067066774
0.0245 -0.065 -0.06691259
0.025 -0.065 -0.06676328
0.0255 -0.065 -0.06661869
0.026 -0.065 -0.06647864
0.0265 -0.065 -0.066342995
0.027 -0.065 -0.06621157
0.0275 -0.065 -0.06608425
0.028 -0.065 -0.0659609
0.0285 -0.065 -0.06584137
0.029 -0.065 -0.06572557
0.0295 -0.065 -0.065613344
0.03 -0.065 -0.06550461
0.0305 -0.065 -0.06539924
0.031 -0.065 -0.06529714
0.0315 -0.065 -0.0651982
0.032 -0.065 -0.06510233
0.0325 -0.065 -0.06500944
0.033 -0.065 -0.06491941
0.0335 -0.065 -0.06483219
0.034 -0.065 -0.064747676
0.0345 -0.065 -0.06466579
0.035 -0.065 -0.06458644
0.0355 -0.065 -0.064509556
0.036 -0.065 -0.06443507
0.0365 -0.065 -0.0643629
0.037 -0.065 -0.064292975
0.0375 -0.065 -0.064225234
0.038 -0.065 -0.06415961
0.0385 -0.065 -0.06409603
0.039 -0.065 -0.064034425
0.0395 -0.065 -0.063974746
0.04 -0.065 -0.06391693
0.0405 -0.065 -0.06386092
0.041 -0.065 -0.063806675
0.0415 -0.065 -0.06375411
0.042 -0.065 -0.063703194
0.0425 -0.065 -0.063653864
0.043 -0.065 -0.063606076
0.0435 -0.065 -0.063559785
0.044 -0.065 -0.06351495
0.0445 -0.065 -0.06347151
0.045 -0.065 -0.06342944
0.0455 -0.065 -0.06338868
0.046 -0.065 -0.06334918
0.0465 -0.065 -0.063310936
0.047 -0.065 -0.06327388
0.0475 -0.065 -0.06323799
0.048 -0.065 -0.063203216
0.0485 -0.065 -0.06316953
0.049 -0.065 -0.063136905
0.0495 -0.065 -0.0631053
0.05 -0.065 -0.06307468
0.0505 -0.065 -0.06304502
0.051 -0.065 -0.06301629
0.0515 -0.065 -0.06298845
0.052 -0.065 -0.06296148
0.0525 -0.065 -0.06293536
0.053 -0.065 -0.06291005
0.0535 -0.065 -0.06288554
0.054 -0.065 -0.062861785
0.0545 -0.065 -0.062838785
0.055 -0.065 -0.06281649
0.0555 -0.065 -0.062794894
0.056 -0.065 -0.06277398
0.0565 -0.065 -0.062753715
0.057 -0.065 -0.06273407
0.0575 -0.065 -0.06271504
0.058 -0.065 -0.062696606
0.0585 -0.065 -0.06267875
0.059 -0.065 -0.06266144
0.0595 -0.065 -0.06264468
0.06 -0.065 -0.06262844
0.0605 -0.065 -0.062612705
0.061 -0.065 -0.06259745
0.0615 -0.065 -0.06258268
0.062 -0.065 -0.06256837
0.0625 -0.065 -0.0625545
0.063 -0.065 -0.062541075
0.0635 -0.065 -0.06252805
0.064 -0.065 -0.06251543
0.0645 -0.065 -0.06250322
0.065 -0.065 -0.062491372
0.0655 -0.065 -0.0624799
0.066 -0.065 -0.062468782
0.0665 -0.065 -0.062458
0.067 -0.065 -0.06244757
0.0675 -0.065 -0.062437445
0.068 -0.065 -0.06242764
0.0685 -0.065 -0.06241815
0.069 -0.065 -0.062408946
0.0695 -0.065 -0.062400024
0.07 -0.065 -0.062391378
0.0705 -0.065 -0.06238301
0.071 -0.065 -0.06237489
0.0715 -0.065 -0.062367026
0.072 -0.065 -0.0623594
0.0725 -0.065 -0.062352017
0.073 -0.065 -0.062344864
0.0735 -0.065 -0.062337935
0.074 -0.065 -0.062331203
0.0745 -0.065 -0.062324695
0.075 -0.065 -0.062318385
0.0755 -0.065 -0.06231227
0.076 -0.065 -0.062306345
0.0765 -0.065 -0.062300585
0.077 -0.065 -0.062295016
0.0775 -0.065 -0.062289625
0.078 -0.065 -0.062284395
0.0785 -0.065 -0.062279314
0.079 -0.065 -0.062274404
0.0795 -0.065 -0.062269654
0.08 -0.065 -0.06226503
0.0805 -0.065 -0.06226056
0.081 -0.065 -0.062256217
0.0815 -0.065 -0.062252026
0.082 -0.065 -0.062247954
0.0825 -0.065 -0.062244013
0.083 -0.065 -0.06224019
0.0835 -0.065 -0.062236484
0.084 -0.065 -0.0622329
0.0845 -0.065 -0.062229417
0.085 -0.065 -0.062226042
0.0855 -0.065 -0.06222277
0.086 -0.065 -0.062219597
0.0865 -0.065 -0.062216528
0.087 -0.065 -0.06221355
0.0875 -0.065 -0.062210664
0.088 -0.065 -0.062207874
0.0885 -0.065 -0.062205162
0.089 -0.065 -0.062202543
0.0895 -0.065 -0.062199987
0.09 -0.065 -0.062197518
0.0905 -0.065 -0.062195133
0.091 -0.065 -0.062192813
0.0915 -0.065 -0.062190566
0.092 -0.065 -0.06218839
0.0925 -0.065 -0.06218628
0.093 -0.065 -0.062184233
0.0935 -0.065 -0.062182244
0.094 -0.065 -0.062180325
0.0945 -0.065 -0.062178463
0.095 -0.065 -0.06217666
0.0955 -0.065 -0.062174905
0.096 -0.065 -0.06217321
0.0965 -0.065 -0.06217156
0.097 -0.065 -0.062169977
0.0975 -0.065 -0.06216842
0.098 -0.065 -0.06216693
0.0985 -0.065 -0.062165476
0.099 -0.065 -0.06216407
0.0995 -0.065 -0.06216271
0.1 -0.065 -0.08712204
0.1005 -0.05205612 -0.07742006
0.101 -0.03678555 -0.0688325
0.1015 -0.02642051 -0.061379224
0.102 -0.01935535 -0.054482333
0.1025 -0.01394585 -0.047836747
0.103 -0.009311454 -0.04131677
0.1035 -0.005023821 -0.034882948
0.104 -0.0008967279 -0.028531415
0.1045 0.003115461 -0.022270432
0.105 0.007031527 -0.016110463
0.1055 0.01091859 -0.01006055
0.106 0.01480548 -0.0041273395
0.1065 0.01868723 0.001684983
0.107 0.02255614 0.007374226
0.1075 0.02642019 0.012939802
0.108 0.03027984 0.018382275
0.1085 0.03413009 0.023703108
0.109 0.03796465 0.028904302
0.1095 0.0417781 0.033988226
0.11 0.04556702 0.03895755
0.1105 0.04932908 0.043815035
0.111 0.05306279 0.048563525
0.1115 0.05676717 0.053205933
0.112 0.06044165 0.057745006
0.1125 0.06408584 0.062183566
0.113 0.06769939 0.06652437
0.1135 0.07128201 0.07076997
0.114 0.07483355 0.07492302
0.1145 0.07835392 0.0789859
0.115 0.08184136 0.08296105
0.1155 0.08527853 0.08685078
0.116 0.08867512 0.09065728
0.1165 0.09204577 0.09438267
0.117 0.09539416 0.09802903
0.1175 0.09870711 0.10159834
0.118 0.1019618 0.10509253
0.1185 0.1051808 0.1085134
0.119 0.1083802 0.11186277
0.1195 0.1115629 0.11514235
0.12 0.1147258 0.11835383
0.1205 0.117865 0.12149881
0.121 0.1209769 0.12457879
0.1215 0.1240592 0.12759538
0.122 0.1271103 0.13054992
0.1225 0.1301113 0.13344392
0.123 0.1330368 0.13627867
0.1235 0.1359186 0.1390556
0.124 0.1387853 0.14177589
0.1245 0.1416428 0.14444084
0.125 0.1444868 0.14705172
0.1255 0.1473104 0.14960961
0.126 0.1501074 0.15211575
0.1265 0.1528743 0.15457118
0.127 0.1556091 0.15697701
0.1275 0.1583128 0.15933432
0.128 0.1609854 0.16164412
0.1285 0.1636157 0.16390738
0.129 0.1661922 0.16612513
0.1295 0.1687342 0.16829829
0.13 0.1712546 0.17042781
0.1305 0.1737398 0.17251456
0.131 0.1761779 0.17455946
0.1315 0.1785865 0.1765633
0.132 0.1809572 0.17852695
0.1325 0.1832937 0.18045123
0.133 0.1855978 0.18233697
0.1335 0.1878699 0.18418485
0.134 0.1901309 0.1859957
0.1345 0.1923824 0.18777026
0.135 0.1946254 0.18950926
0.1355 0.1968558 0.19121337
0.136 0.1990424 0.19288328
0.1365 0.2011837 0.19451974
0.137 0.2033082 0.19612333
0.1375 0.2054225 0.1976947
0.138 0.207524 0.19923447
0.1385 0.209608 0.20074327
0.139 0.2116695 0.2022217
0.1395 0.2137051 0.2036704
0.14 0.215708 0.20892392
0.1405 0.2047384 0.20383061
0.141 0.1914095 0.19745623
0.1415 0.1829495 0.1914496
0.142 0.1777564 0.18611617
0.1425 0.1741847 0.18145616
0.143 0.1713506 0.17739323
0.1435 0.1688431 0.17383286
0.144 0.1664795 0.17068131
0.1445 0.1641797 0.16785306
0.145 0.1618458 0.16527356
0.1455 0.1593754 0.1628798
0.146 0.1569617 0.16061981
0.1465 0.1546385 0.15845168
0.147 0.1523837 0.15634193
0.1475 0.1501701 0.15426455
0.148 0.1479774 0.15219952
0.1485 0.1457935 0.15013197
0.149 0.143612 0.14805098
0.1495 0.1414303 0.14594904
0.15 0.139248 0.14382114
0.1505 0.1370659 0.14166443
0.151 0.1348853 0.1394777
0.1515 0.1327077 0.13726097
0.152 0.1305347 0.13501525
0.1525 0.1283677 0.13274221
0.153 0.1262079 0.13044412
0.1535 0.1240565 0.12812357
0.154 0.1219145 0.12578346
0.1545 0.1197828 0.123426795
0.155 0.1176622 0.12105669
0.1555 0.1155535 0.11867629
0.156 0.1134572 0.11628867
0.1565 0.1113738 0.11389689
0.157 0.109304 0.11150399
0.1575 0.1072481 0.109112754
0.158 0.1052065 0.10672593
0.1585 0.1031796 0.104346156
0.159 0.1011678 0.10197589
0.1595 0.09917127 0.099617496
0.16 0.09719038 0.09727309
0.1605 0.09522534 0.09494482
0.161 0.09327639 0.0926346
0.1615 0.09134373 0.090344146
0.162 0.08942755 0.088075094
0.1625 0.08752801 0.08582899
0.163 0.08564526 0.08360714
0.1635 0.08377943 0.08141086
0.164 0.08193064 0.079241216
0.1645 0.08009899 0.07709926
0.165 0.07828457 0.07498586
0.1655 0.07648746 0.072901815
0.166 0.07470771 0.07084779
0.1665 0.07294538 0.068824396
0.167 0.0712005 0.06683213
0.1675 0.0694731 0.06487142
0.168 0.06776321 0.06294251
0.1685 0.06607083 0.061045706
0.169 0.06439595 0.05918117
0.1695 0.06273857 0.057348993
0.17 0.06109867 0.0555492
0.1705 0.05947622 0.05378174
0.171 0.05787119 0.05204654
0.1715 0.05628354 0.050343473
0.172 0.05471321 0.048672333
0.1725 0.05316016 0.047032893
0.173 0.05162432 0.04542485
0.1735 0.05010562 0.04384787
0.174 0.048604 0.042301625
0.1745 0.04711938 0.040785693
0.175 0.04565167 0.03929967
0.1755 0.04420078 0.037843104
0.176 0.04276663 0.036415514
0.1765 0.04134912 0.035016373
0.177 0.03994815 0.033645224
0.1775 0.03856362 0.03230147
0.178 0.03719543 0.03098459
0.1785 0.03584345 0.029694015
0.179 0.03450758 0.02842916
0.1795 0.03318771 0.027189435
0.18 0.03188372 0.02597428
0.1805 0.03059548 0.024783054
0.181 0.02932288 0.023615161
0.1815 0.02806579 0.02247001
0.182 0.02682409 0.021346992
0.1825 0.02559764 0.020245483
0.183 0.02438633 0.0191649
0.1835 0.02319 0.018104618
0.184 0.02200855 0.017064048
0.1845 0.02084183 0.016042592
0.185 0.0196897 0.015039659
0.1855 0.01855204 0.014054659
0.186 0.01742871 0.013087015
0.1865 0.01631956 0.012136142
0.187 0.01522447 0.011201515
0.1875 0.0141433 0.010282549
0.188 0.01307591 0.0093787005
0.1885 0.01202215 0.008489474
0.189 0.0109819 0.0076142875
0.1895 0.009955014 0.0067526577
0.19 0.008941351 0.0059040925
0.1905 0.007940774 0.0050681
0.191 0.006953146 0.0042441925
0.1915 0.005978327 0.003431904
0.192 0.00501618 0.00263081
0.1925 0.004066567 0.0018404189
0.193 0.003129351 0.0010603096
0.1935 0.002204395 0.000290117
0.194 0.001291563 -0.0004706022
0.1945 0.0003907173 -0.001222213
0.195 -0.0004982762 -0.0019651067
0.1955 -0.001375553 -0.002699652
0.196 -0.002241246 -0.0034261656
0.1965 -0.00309549 -0.004145027
0.197 -0.003938418 -0.0048565166
0.1975 -0.004770161 -0.0055609765
0.198 -0.005590852 -0.0062586823
0.1985 -0.006400619 -0.0069499174
0.199 -0.007199594 -0.007634946
0.1995 -0.007987905 -0.008314048
0.2 -0.008765679 -0.008987446
0.2005 -0.009533045 -0.009655376
0.201 -0.01029013 -0.010318053
0.2015 -0.01103705 -0.01097569
0.202 -0.01177394 -0.011628472
0.2025 -0.01250092 -0.012276602
0.203 -0.01321812 -0.012920198
0.2035 -0.01392564 -0.013559458
0.204 -0.01462362 -0.014194527
0.2045 -0.01531217 -0.014825509
0.205 -0.01599141 -0.015452565
0.2055 -0.01666146 -0.01607578
0.206 -0.01732243 -0.01669527
0.2065 -0.01797444 -0.01731112
0.207 -0.0186176 -0.01792341
0.2075 -0.01925203 -0.018532196
0.208 -0.01987783 -0.019137567
0.2085 -0.02049512 -0.019739555
0.209 -0.021104 -0.020338202
0.2095 -0.02170459 -0.02093356
0.21 -0.022297 -0.021525638
0.2105 -0.02288131 -0.022114476
0.211 -0.02345766 -0.022700055
0.2115 -0.02402613 -0.023282396
0.212 -0.02458682 -0.023861485
0.2125 -0.02513985 -0.024437303
0.213 -0.02568532 -0.025009839
0.2135 -0.02622331 -0.025579063
0.214 -0.02675393 -0.026144957
0.2145 -0.02727728 -0.026707469
0.215 -0.02779346 -0.027266564
0.2155 -0.02830255 -0.027822206
0.216 -0.02880465 -0.028374335
0.2165 -0.02929986 -0.028922873
0.217 -0.02978827 -0.029467808
0.2175 -0.03026996 -0.030009052
0.218 -0.03074503 -0.030546548
0.2185 -0.03121357 -0.031080207
0.219 -0.03167566 -0.031609986
0.2195 -0.0321314 -0.0321358
0.22 -0.03258086 -0.032657567
0.2205 -0.03302413 -0.03317523
0.221 -0.0334613 -0.033688694
0.2215 -0.03389244 -0.0341979
0.222 -0.03431764 -0.03470275
0.2225 -0.03473698 -0.035203174
0.223 -0.03515054 -0.035699107
0.2235 -0.03555839 -0.03619046
0.224 -0.03596062 -0.036677152
0.2245 -0.0363573 -0.037159123
0.225 -0.03674851 -0.037636284
0.2255 -0.03713432 -0.038108572
0.226 -0.0375148 -0.03857589
0.2265 -0.03789004 -0.039038192
0.227 -0.03826009 -0.0394954
0.2275 -0.03862503 -0.03994748
0.228 -0.03898494 -0.040394332
0.2285 -0.03933987 -0.040835895
0.229 -0.0396899 -0.041272134
0.2295 -0.0400351 -0.041702993
0.23 -0.04037553 -0.042128403
0.2305 -0.04071125 -0.04254834
0.231 -0.04104234 -0.042962737
0.2315 -0.04136886 -0.043371566
0.232 -0.04169086 -0.043774776
0.2325 -0.04200842 -0.04417235
0.233 -0.04232159 -0.044564255
0.2335 -0.04263043 -0.04495046
0.234 -0.042935 -0.04533093
0.2345 -0.04323537 -0.045705672
0.235 -0.04353159 -0.04607466
0.2355 -0.04382372 -0.046437867
0.236 -0.04411181 -0.0467953
0.2365 -0.04439592 -0.04714697
0.237 -0.04467611 -0.04749284
0.2375 -0.04495243 -0.047832936
0.238 -0.04522493 -0.04816727
0.2385 -0.04549368 -0.04849585
0.239 -0.0457587 -0.04881869
0.2395 -0.04602008 -0.049135786
0.24 -0.04627784 -0.04944718
0.2405 -0.04653204 -0.049752906
0.241 -0.04678274 -0.050052963
0.2415 -0.04702997 -0.050347395
0.242 -0.0472738 -0.050636247
0.2425 -0.04751426 -0.05091954
0.243 -0.0477514 -0.051197324
0.2435 -0.04798527 -0.051469643
0.244 -0.04821592 -0.05173652
0.2445 -0.04844338 -0.051998027
0.245 -0.04866771 -0.052254207
0.2455 -0.04888895 -0.0525051
0.246 -0.04910713 -0.052750766
0.2465 -0.04932231 -0.052991256
0.247 -0.04953453 -0.053226642
0.2475 -0.04974382 -0.053456962
0.248 -0.04995023 -0.053682297
0.2485 -0.05015379 -0.053902704
0.249 -0.05035455 -0.05411824
0.2495 -0.05055255 -0.05432897
0.25 -0.05074783 -0.054534964
0.2505 -0.05094041 -0.054736286
0.251 -0.05113035 -0.054933004
0.2515 -0.05131767 -0.05512519
0.252 -0.05150242 -0.05531292
0.2525 -0.05168462 -0.055496253
0.253 -0.05186432 -0.05567526
0.2535 -0.05204156 -0.055850018
0.254 -0.05221635 -0.056020606
0.2545 -0.05238874 -0.05618708
0.255 -0.05255877 -0.056349516
0.2555 -0.05272646 -0.056507975
0.256 -0.05289185 -0.05666256
0.2565 -0.05305497 -0.056813322
0.257 -0.05321585 -0.05696033
0.2575 -0.05337452 -0.057103656
0.258 -0.05353101 -0.057243396
0.2585 -0.05368536 -0.057379596
0.259 -0.0538376 -0.057512324
0.2595 -0.05398774 -0.057641666
0.26 -0.05413583 -0.057767678
0.2605 -0.05428189 -0.05789044
0.261 -0.05442595 -0.05801002
0.2615 -0.05456803 -0.05812648
0.262 -0.05470818 -0.05823989
0.2625 -0.0548464 -0.058350313
0.263 -0.05498273 -0.05845782
0.2635 -0.05511719 -0.058562476
0.264 -0.05524982 -0.058664348
0.2645 -0.05538063 -0.058763478
0.265 -0.05550966 -0.058859963
0.2655 -0.05563692 -0.058953844
0.266 -0.05576244 -0.059045173
0.2665 -0.05588625 -0.059134025
0.267 -0.05600837 -0.059220467
0.2675 -0.05612882 -0.059304543
0.268 -0.05624763 -0.059386298
0.2685 -0.05636481 -0.05946581
0.269 -0.0564804 -0.059543125
0.2695 -0.05659441 -0.0596183
0.27 -0.05670686 -0.059691392
0.2705 -0.05681779 -0.05976244
0.271 -0.0569272 -0.059831508
0.2715 -0.05703512 -0.059898645
0.272 -0.05714157 -0.059963897
0.2725 -0.05724657 -0.0600273
0.273 -0.05735015 -0.060088914
0.2735 -0.05745231 -0.060148794
0.274 -0.05755308 -0.060206972
0.2745 -0.05765248 -0.060263492
0.275 -0.05775054 -0.06031841
0.2755 -0.05784725 -0.060371764
0.276 -0.05794266 -0.060423575
0.2765 -0.05803677 -0.060473908
0.277 -0.0581296 -0.06052279
0.2775 -0.05822117 -0.060570277
0.278 -0.05831149 -0.060616385
0.2785 -0.05840059 -0.060661174
0.279 -0.05848849 -0.06070465
0.2795 -0.05857519 -0.06074687
0.28 -0.05866071 -0.060787864
0.2805 -0.05874507 -0.060827665
0.281 -0.0588283 -0.06086632
0.2815 -0.05891039 -0.060903825
0.282 -0.05899137 -0.060940243
0.2825 -0.05907126 -0.06097559
0.283 -0.05915006 -0.061009914
0.2835 -0.0592278 -0.06104322
0.284 -0.05930449 -0.061075553
0.2845 -0.05938014 -0.061106935
0.285 -0.05945477 -0.0611374
0.2855 -0.05952838 -0.061166957
0.286 -0.05960101 -0.06119565
0.2865 -0.05967265 -0.061223485
0.287 -0.05974332 -0.061250497
0.2875 -0.05981304 -0.061276708
0.288 -0.05988182 -0.061302148
0.2885 -0.05994967 -0.061326824
0.289 -0.06001661 -0.061350778
0.2895 -0.06008264 -0.06137401
0.29 -0.06014778 -0.061396558
0.2905 -0.06021205 -0.06141842
0.291 -0.06027545 -0.061439633
0.2915 -0.06033799 -0.061460227
0.292 -0.06039969 -0.0614802
0.2925 -0.06046057 -0.06149957
0.293 -0.06052062 -0.061518364
0.2935 -0.06057986 -0.061536588
0.294 -0.06063831 -0.061554268
0.2945 -0.06069597 -0.061571427
0.295 -0.06075285 -0.06158807
0.2955 -0.06080898 -0.06160421
0.296 -0.06086434 -0.06161987
0.2965 -0.06091897 -0.061635062
0.297 -0.06097285 -0.061649784
0.2975 -0.06102602 -0.061664067
0.298 -0.06107847 -0.061677918
0.2985 -0.06113022 -0.06169135
0.299 -0.06118127 -0.061704375
0.2995 -0.06123164 -0.06171701
0.3 -0.06128134 -0.061729282
0.3005 -0.06133036 -0.06174116
0.301 -0.06137874 -0.061752692
0.3015 -0.06142646 -0.061763864
0.302 -0.06147354 -0.0617747
0.3025 -0.06151999 -0.061785217
0.303 -0.06156582 -0.061795413
0.3035 -0.06161104 -0.0618053
0.304 -0.06165566 -0.061814878
0.3045 -0.06169967 -0.061824188
0.305 -0.0617431 -0.061833203
0.3055 -0.06178594 -0.06184194
0.306 -0.06182822 -0.061850414
0.3065 -0.06186993 -0.061858635
0.307 -0.06191108 -0.06186661
0.3075 -0.06195168 -0.06187433
0.308 -0.06199174 -0.061881818
0.3085 -0.06203127 -0.06188909
0.309 -0.06207027 -0.061896138
0.3095 -0.06210874 -0.061902966
0.31 -0.06214671 -0.061909586
0.3105 -0.06218417 -0.061916
0.311 -0.06222112 -0.06192222
0.3115 -0.06225759 -0.061928254
0.312 -0.06229357 -0.061934106
0.3125 -0.06232907 -0.06193978
0.313 -0.0623641 -0.061945282
0.3135 -0.06239866 -0.061950617
0.314 -0.06243276 -0.06195578
0.3145 -0.06246641 -0.061960794
0.315 -0.06249961 -0.06196564
0.3155 -0.06253237 -0.061970368
0.316 -0.0625647 -0.06197493
0.3165 -0.06259659 -0.061979353
0.317 -0.06262806 -0.061983652
0.3175 -0.06265911 -0.061987814
0.318 -0.06268975 -0.061991844
0.3185 -0.06271998 -0.061995767
0.319 -0.06274981 -0.061999563
0.3195 -0.06277925 -0.062003244
0.32 -0.06280829 -0.062006813
0.3205 -0.06283695 -0.062010266
0.321 -0.06286523 -0.06201361
0.3215 -0.06289313 -0.06201686
0.322 -0.06292067 -0.06202001
0.3225 -0.06294784 -0.062023062
0.323 -0.06297465 -0.062026024
0.3235 -0.0630011 -0.062028885
0.324 -0.0630272 -0.06203167
0.3245 -0.06305296 -0.062034372
0.325 -0.06307838 -0.062036984
0.3255 -0.06310346 -0.062039517
0.326 -0.0631282 -0.062041968
0.3265 -0.06315263 -0.06204436
0.327 -0.06317672 -0.062046662
0.3275 -0.0632005 -0.062048905
0.328 -0.06322397 -0.06205108
0.3285 -0.06324712 -0.062053174
0.329 -0.06326997 -0.062055215
0.3295 -0.06329252 -0.06205719
0.33 -0.06331477 -0.062059104
0.3305 -0.06333672 -0.062060967
0.331 -0.06335839 -0.062062766
0.3315 -0.06337977 -0.06206451
0.332 -0.06340086 -0.062066197
0.3325 -0.06342168 -0.062067833
0.333 -0.06344223 -0.062069416
0.3335 -0.0634625 -0.062070962
0.334 -0.06348251 -0.062072463
0.3345 -0.06350225 -0.062073912
0.335 -0.06352173 -0.06207531
0.3355 -0.06354096 -0.06207668
0.336 -0.06355993 -0.062078
0.3365 -0.06357865 -0.062079273
0.337 -0.06359713 -0.062080525
0.3375 -0.06361536 -0.062081713
0.338 -0.06363335 -0.06208287
0.3385 -0.06365111 -0.062084004
0.339 -0.06366863 -0.0620851
0.3395 -0.06368592 -0.06208616
0.34 -0.06370299 -0.062087197
0.3405 -0.06371983 -0.062088184
0.341 -0.06373645 -0.06208916
0.3415 -0.06375285 -0.062090088
0.342 -0.06376903 -0.062090997
0.3425 -0.06378501 -0.06209188
0.343 -0.06380077 -0.06209272
0.3435 -0.06381632 -0.062093556
0.344 -0.06383168 -0.062094346
0.3445 -0.06384683 -0.062095128
0.345 -0.06386178 -0.062095884
0.3455 -0.06387653 -0.062096618
0.346 -0.06389109 -0.062097326
0.3465 -0.06390546 -0.06209801
0.347 -0.06391965 -0.062098682
0.3475 -0.06393364 -0.062099323
0.348 -0.06394745 -0.062099952
0.3485 -0.06396109 -0.062100556
0.349 -0.06397454 -0.062101144
0.3495 -0.06398782 -0.06210172
0.35 -0.06400092 -0.062102273
0.3505 -0.06401385 -0.062102806
0.351 -0.06402661 -0.062103316
0.3515 -0.06403921 -0.062103815
0.352 -0.06405164 -0.062104307
0.3525 -0.0640639 -0.062104784
0.353 -0.06407601 -0.06210524
0.3535 -0.06408796 -0.062105685
0.354 -0.06409975 -0.062106118
0.3545 -0.06411139 -0.06210654
0.355 -0.06412288 -0.062106945
0.3555 -0.06413421 -0.062107332
0.356 -0.0641454 -0.062107705
0.3565 -0.06415644 -0.062108073
0.357 -0.06416734 -0.062108427
0.3575 -0.0641781 -0.062108774
0.358 -0.06418871 -0.062109113
0.3585 -0.06419919 -0.062109433
0.359 -0.06420953 -0.062109746
0.3595 -0.06421973 -0.06211006
0.36 -0.0642298 -0.062110342
0.3605 -0.06423974 -0.062110633
0.361 -0.06424955 -0.06211091
0.3615 -0.06425924 -0.062111177
0.362 -0.06426879 -0.062111434
0.3625 -0.06427822 -0.06211169
0.363 -0.06428753 -0.06211192
0.3635 -0.06429672 -0.062112167
0.364 -0.06430579 -0.062112406
0.3645 -0.06431474 -0.062112637
0.365 -0.06432357 -0.062112845
0.3655 -0.06433229 -0.06211306
0.366 -0.06434089 -0.06211327
0.3665 -0.06434939 -0.062113464
0.367 -0.06435777 -0.06211365
0.3675 -0.06436604 -0.062113833
0.368 -0.06437421 -0.06211401
0.3685 -0.06438227 -0.06211419
0.369 -0.06439022 -0.062114365
0.3695 -0.06439807 -0.06211453
0.37 -0.06440582 -0.06211468
0.3705 -0.06441347 -0.06211483
0.371 -0.06442102 -0.062114988
0.3715 -0.06442847 -0.062115133
0.372 -0.06443582 -0.062115274
0.3725 -0.06444308 -0.062115405
0.373 -0.06445025 -0.06211553
0.3735 -0.06445732 -0.062115654
0.374 -0.0644643 -0.06211579
0.3745 -0.06447118 -0.0621159
0.375 -0.06447798 -0.062116016
0.3755 -0.06448469 -0.06211613
0.376 -0.06449132 -0.062116243
0.3765 -0.06449786 -0.062116347
0.377 -0.06450431 -0.06211645
0.3775 -0.06451068 -0.062116556
0.378 -0.06451697 -0.062116645
0.3785 -0.06452317 -0.06211674
0.379 -0.0645293 -0.06211683
0.3795 -0.06453534 -0.06211692
0.38 -0.06454131 -0.06211701
0.3805 -0.0645472 -0.062117092
0.381 -0.06455301 -0.062117174
0.3815 -0.06455875 -0.06211725
0.382 -0.06456441 -0.06211733
0.3825 -0.06457 -0.062117405
0.383 -0.06457552 -0.06211747
0.3835 -0.06458097 -0.062117532
0.384 -0.06458634 -0.062117606
0.3845 -0.06459165 -0.06211767
0.385 -0.06459689 -0.062117726
0.3855 -0.06460206 -0.062117793
0.386 -0.06460716 -0.062117845
0.3865 -0.0646122 -0.062117897
0.387 -0.06461717 -0.062117953
0.3875 -0.06462208 -0.06211801
0.388 -0.06462692 -0.06211806
0.3885 -0.06463171 -0.0621181
0.389 -0.06463643 -0.062118154
0.3895 -0.06464109 -0.062118206
0.39 -0.06464568 -0.062118247
0.3905 -0.06465022 -0.062118296
0.391 -0.0646547 -0.062118344
0.3915 -0.06465913 -0.06211839
0.392 -0.06466349 -0.062118426
0.3925 -0.0646678 -0.062118474
0.393 -0.06467206 -0.06211851
0.3935 -0.06467625 -0.06211855
0.394 -0.0646804 -0.062118582
0.3945 -0.06468449 -0.062118623
0.395 -0.06468853 -0.062118657
0.3955 -0.06469252 -0.062118687
0.396 -0.06469645 -0.062118713
0.3965 -0.06470033 -0.06211874
0.397 -0.06470417 -0.062118772
0.3975 -0.06470795 -0.0621188
0.398 -0.06471169 -0.062118825
0.3985 -0.06471538 -0.06211885
0.399 -0.06471902 -0.06211887
0.3995 -0.06472261 -0.06211889
0.4 -0.06472616 -0.062118918
0.4005 -0.06472966 -0.062118944
0.401 -0.06473311 -0.06211897
0.4015 -0.06473652 -0.062118996
0.402 -0.06473989 -0.062119015
0.4025 -0.06474322 -0.062119026
0.403 -0.0647465 -0.062119044
0.4035 -0.06474974 -0.06211907
0.404 -0.06475293 -0.06211909
0.4045 -0.06475609 -0.062119104
0.405 -0.06475921 -0.062119126
0.4055 -0.06476228 -0.062119145
0.406 -0.06476532 -0.062119156
0.4065 -0.06476832 -0.062119175
0.407 -0.06477127 -0.062119186
0.4075 -0.06477419 -0.062119205
0.408 -0.06477708 -0.062119212
0.4085 -0.06477992 -0.06211923
0.409 -0.06478273 -0.062119253
0.4095 -0.0647855 -0.062119268
0.41 -0.06478824 -0.062119275
0.4105 -0.06479094 -0.062119283
0.411 -0.06479361 -0.062119298
0.4115 -0.06479625 -0.06211931
0.412 -0.06479884 -0.062119324
0.4125 -0.06480141 -0.062119335
0.413 -0.06480394 -0.06211935
0.4135 -0.06480644 -0.062119357
0.414 -0.06480891 -0.062119365
0.4145 -0.06481135 -0.06211938
0.415 -0.06481375 -0.0621194
0.4155 -0.06481613 -0.06211941
0.416 -0.06481847 -0.062119413
0.4165 -0.06482079 -0.062119424
0.417 -0.06482307 -0.062119424
0.4175 -0.06482533 -0.06211943
0.418 -0.06482755 -0.06211943
0.4185 -0.06482975 -0.062119447
0.419 -0.06483192 -0.062119447
0.4195 -0.06483406 -0.062119447
0.42 -0.06483617 -0.062119454
0.4205 -0.06483826 -0.06211946
0.421 -0.06484032 -0.06211947
0.4215 -0.06484236 -0.062119473
0.422 -0.06484436 -0.062119476
0.4225 -0.06484635 -0.062119484
0.423 -0.0648483 -0.062119495
0.4235 -0.06485023 -0.062119506
0.424 -0.06485214 -0.062119514
0.4245 -0.06485402 -0.062119514
0.425 -0.06485588 -0.062119517
0.4255 -0.06485771 -0.06211953
0.426 -0.06485953 -0.06211953
0.4265 -0.06486131 -0.062119536
0.427 -0.06486308 -0.062119547
0.4275 -0.06486482 -0.06211955
0.428 -0.06486654 -0.062119566
0.4285 -0.06486824 -0.062119573
0.429 -0.06486991 -0.06211958
0.4295 -0.06487157 -0.06211958
0.43 -0.0648732 -0.062119585
0.4305 -0.06487481 -0.06211959
0.431 -0.06487641 -0.06211959
0.4315 -0.06487798 -0.062119596
0.432 -0.06487953 -0.062119596
0.4325 -0.06488106 -0.0621196
0.433 -0.06488257 -0.062119603
0.4335 -0.06488407 -0.0621196
0.434 -0.06488554 -0.0621196
0.4345 -0.06488699 -0.06211959
0.435 -0.06488843 -0.062119592
0.4355 -0.06488985 -0.062119596
0.436 -0.06489125 -0.0621196
0.4365 -0.06489263 -0.062119603
0.437 -0.06489399 -0.062119603
0.4375 -0.06489534 -0.06211961
0.438 -0.06489667 -0.06211961
0.4385 -0.06489798 -0.062119614
0.439 -0.06489928 -0.06211961
0.4395 -0.06490056 -0.062119618
0.44 -0.06490182 -0.062119618
0.4405 -0.06490307 -0.06211962
0.441 -0.0649043 -0.062119626
0.4415 -0.06490551 -0.062119626
0.442 -0.06490671 -0.062119626
0.4425 -0.0649079 -0.06211963
0.443 -0.06490907 -0.062119633
0.4435 -0.06491022 -0.062119633
0.444 -0.06491136 -0.062119633
0.4445 -0.06491249 -0.062119637
0.445 -0.0649136 -0.06211964
0.4455 -0.06491469 -0.06211964
0.446 -0.06491578 -0.06211964
0.4465 -0.06491684 -0.06211964
0.447 -0.0649179 -0.062119644
0.4475 -0.06491894 -0.062119644
0.448 -0.06491997 -0.062119648
0.4485 -0.06492098 -0.062119648
0.449 -0.06492199 -0.062119648
0.4495 -0.06492298 -0.062119648
0.45 -0.06492395 -0.062119648
0.4505 -0.06492492 -0.06211965
0.451 -0.06492587 -0.062119655
0.4515 -0.06492681 -0.062119655
0.452 -0.06492774 -0.062119655
0.4525 -0.06492865 -0.062119655
0.453 -0.06492956 -0.062119655
0.4535 -0.06493045 -0.062119655
0.454 -0.06493133 -0.062119655
0.4545 -0.0649322 -0.062119655
0.455 -0.06493306 -0.062119655
0.4555 -0.06493391 -0.062119655
0.456 -0.06493475 -0.062119655
0.4565 -0.06493558 -0.062119655
0.457 -0.06493639 -0.062119655
0.4575 -0.0649372 -0.062119655
0.458 -0.06493799 -0.062119655
0.4585 -0.06493878 -0.062119655
0.459 -0.06493955 -0.062119655
0.4595 -0.06494032 -0.062119655
0.46 -0.06494108 -0.062119655
0.4605 -0.06494182 -0.062119655
0.461 -0.06494256 -0.062119655
0.4615 -0.06494329 -0.062119655
0.462 -0.064944 -0.062119655
0.4625 -0.06494471 -0.062119655
0.463 -0.06494541 -0.062119655
0.4635 -0.0649461 -0.062119655
0.464 -0.06494679 -0.062119655
0.4645 -0.06494746 -0.062119655
0.465 -0.06494813 -0.062119655
0.4655 -0.06494878 -0.062119655
0.466 -0.06494943 -0.062119655
0.4665 -0.06495007 -0.062119655
0.467 -0.0649507 -0.062119655
0.4675 -0.06495133 -0.062119655
0.468 -0.06495194 -0.062119655
0.4685 -0.06495255 -0.062119655
0.469 -0.06495315 -0.062119655
0.4695 -0.06495374 -0.062119655
0.47 -0.06495433 -0.062119655
0.4705 -0.06495491 -0.062119655
0.471 -0.06495548 -0.062119655
0.4715 -0.06495604 -0.062119655
0.472 -0.0649566 -0.062119655
0.4725 -0.06495714 -0.062119655
0.473 -0.06495769 -0.062119655
0.4735 -0.06495822 -0.062119655
0.474 -0.06495875 -0.062119655
0.4745 -0.06495927 -0.062119655
0.475 -0.06495979 -0.062119655
0.4755 -0.0649603 -0.062119655
0.476 -0.0649608 -0.062119655
0.4765 -0.06496129 -0.062119655
0.477 -0.06496178 -0.062119655
0.4775 -0.06496227 -0.062119655
0.478 -0.06496274 -0.062119655
0.4785 -0.06496321 -0.062119655
0.479 -0.06496368 -0.062119655
0.4795 -0.06496414 -0.062119655
0.48 -0.06496459 -0.062119655
0.4805 -0.06496504 -0.062119655
0.481 -0.06496548 -0.062119655
0.4815 -0.06496592 -0.062119655
0.482 -0.06496635 -0.062119655
0.4825 -0.06496677 -0.062119655
0.483 -0.06496719 -0.062119655
0.4835 -0.06496761 -0.062119655
0.484 -0.06496801 -0.062119655
0.4845 -0.06496842 -0.062119655
0.485 -0.06496882 -0.062119655
0.4855 -0.06496921 -0.062119655
0.486 -0.0649696 -0.062119655
0.4865 -0.06496998 -0.062119655
0.487 -0.06497036 -0.062119655
0.4875 -0.06497074 -0.062119655
0.488 -0.06497111 -0.062119655
0.4885 -0.06497147 -0.062119655
0.489 -0.06497183 -0.062119655
0.4895 -0.06497219 -0.062119655
0.49 -0.06497254 -0.062119655
0.4905 -0.06497289 -0.062119655
0.491 -0.06497323 -0.062119655
0.4915 -0.06497357 -0.062119655
0.492 -0.0649739 -0.062119655
0.4925 -0.06497423 -0.062119655
0.493 -0.06497455 -0.062119655
0.4935 -0.06497488 -0.062119655
0.494 -0.06497519 -0.062119655
0.4945 -0.06497551 -0.062119655
0.495 -0.06497581 -0.062119655
0.4955 -0.06497612 -0.062119655
0.496 -0.06497642 -0.062119655
0.4965 -0.06497672 -0.062119655
0.497 -0.06497701 -0.062119655
0.4975 -0.0649773 -0.062119655
0.498 -0.06497759 -0.062119655
0.4985 -0.06497787 -0.062119655
0.499 -0.06497815 -0.062119655
0.4995 -0.06497843 -0.062119655
