0.0 -0.065 -0.0528596
0.0005 -0.06342581 -0.054203745
0.001 -0.06022075 -0.05354802
0.0015 -0.05740796 -0.05173306
0.002 -0.05519259 -0.049221955
0.0025 -0.05335007 -0.046288352
0.003 -0.05169257 -0.04310225
0.0035 -0.05011917 -0.03977321
0.004 -0.0485834 -0.036373697
0.0045 -0.04706444 -0.032952614
0.005 -0.04554802 -0.02954337
0.0055 -0.04402365 -0.026168901
0.006 -0.04249365 -0.02284497
0.0065 -0.04096232 -0.019582298
0.007 -0.03942685 -0.016388055
0.0075 -0.03788524 -0.013266813
0.008 -0.03634033 -0.010221325
0.0085 -0.03479252 -0.007252991
0.009 -0.0332438 -0.0043621473
0.0095 -0.03169451 -0.0015485138
0.01 -0.03014281 0.0011887848
0.0105 -0.02858847 0.0038509145
0.011 -0.02703256 0.0064394325
0.0115 -0.02547658 0.008955989
0.012 -0.02392193 0.011402365
0.0125 -0.02236956 0.013780486
0.013 -0.02082009 0.016092304
0.0135 -0.01927438 0.018339697
0.014 -0.01773354 0.020524677
0.0145 -0.01619854 0.022649143
0.015 -0.01467 0.024714973
0.0155 -0.01314847 0.026724044
0.016 -0.01163445 0.028678168
0.0165 -0.01012838 0.030579124
0.017 -0.008630542 0.032428626
0.0175 -0.007141266 0.034228366
0.018 -0.005660823 0.035979915
0.0185 -0.004189535 0.037684802
0.019 -0.00272777 0.03934462
0.0195 -0.001275639 0.040960815
0.02 0.0001647901 0.042534713
0.0205 0.001574207 0.044067767
0.021 0.002963109 0.045561213
0.0215 0.0043461 0.04701638
0.022 0.005727407 0.048434403
0.0225 0.00710621 0.049816515
0.023 0.008480142 0.05116375
0.0235 0.009838314 0.05247734
0.024 0.01118155 0.053758245
0.0245 0.01251796 0.055007454
0.025 0.01384836 0.056225974
0.0255 0.0151713 0.057414744
0.026 0.01648517 0.058574673
0.0265 0.01778871 0.059706595
0.027 0.01908107 0.060811404
0.0275 0.02036171 0.061889816
0.028 0.02163032 0.06294274
0.0285 0.02288677 0.063970834
0.029 0.02413106 0.064974844
0.0295 0.02536308 0.065955505
0.03 0.02658274 0.066913486
0.0305 0.02778977 0.06784944
0.031 0.02898428 0.06876397
0.0315 0.03016652 0.0696577
0.032 0.03133656 0.07053122
0.0325 0.03249445 0.071385115
0.033 0.0336402 0.07221988
0.0335 0.03477382 0.073036164
0.034 0.03589534 0.07383436
0.0345 0.03700478 0.07461506
0.035 0.03810219 0.075378686
0.0355 0.03918447 0.07612571
0.036 0.04024589 0.07685657
0.0365 0.04129272 0.07757175
0.037 0.04233032 0.07827166
0.0375 0.04335841 0.07895668
0.038 0.04436946 0.0796272
0.0385 0.04536578 0.08028367
0.039 0.0463532 0.0809264
0.0395 0.04733392 0.08155574
0.04 0.04830762 0.08217208
0.0405 0.04927317 0.08277577
0.041 0.05022947 0.083367154
0.0415 0.05117557 0.083946496
0.042 0.05211077 0.08451408
0.0425 0.05303485 0.08507025
0.043 0.0539441 0.08561528
0.0435 0.05482428 0.086149484
0.044 0.0556934 0.08667311
0.0445 0.0565504 0.08718647
0.045 0.05738629 0.08768976
0.0455 0.05821892 0.08818327
0.046 0.05905313 0.088667214
0.0465 0.05988695 0.089141846
0.047 0.06071701 0.08960739
0.0475 0.0615404 0.09006411
0.048 0.06235517 0.09051213
0.0485 0.06316023 0.09095174
0.049 0.06395501 0.09138313
0.0495 0.0647393 0.0918065
0.05 0.06551308 0.092222005
0.0505 0.06627644 0.09262991
0.051 0.06702952 0.0930303
0.0515 0.0677725 0.093423456
0.052 0.06850558 0.093809485
0.0525 0.06922892 0.094188526
0.053 0.0699427 0.09456082
0.0535 0.07064689 0.09492652
0.054 0.07134146 0.09528571
0.0545 0.07202304 0.09563863
0.055 0.07269204 0.09598537
0.0555 0.07335297 0.09632611
0.056 0.07400757 0.09666094
0.0565 0.07465581 0.09699008
0.057 0.07529714 0.09731357
0.0575 0.07593105 0.09763156
0.058 0.07655718 0.0979442
0.0585 0.07717533 0.098251626
0.059 0.07778544 0.098553956
0.0595 0.07838751 0.09885126
0.06 0.07898157 0.09914373
0.0605 0.07956769 0.09943135
0.061 0.08014601 0.09971434
0.0615 0.08071667 0.09999275
0.062 0.08127976 0.100266725
0.0625 0.08183157 0.1005363
0.063 0.08236507 0.10080163
0.0635 0.08288828 0.101062834
0.064 0.08340711 0.10131991
0.0645 0.08392029 0.10157299
0.065 0.08442518 0.10182221
0.0655 0.08492405 0.102067634
0.066 0.08541888 0.10230932
0.0665 0.08590948 0.10254735
0.067 0.08639061 0.10278182
0.0675 0.08686501 0.1030128
0.068 0.08733632 0.103240356
0.0685 0.08780501 0.10346457
0.069 0.08827024 0.10368556
0.0695 0.08873104 0.103903264
0.07 0.08918664 0.1041179
0.0705 0.08963459 0.10432947
0.071 0.09007099 0.10453804
0.0715 0.09049886 0.104743704
0.072 0.09091695 0.104946524
0.0725 0.09132844 0.10514645
0.073 0.09173761 0.105343685
0.0735 0.09214527 0.105538264
0.074 0.09255058 0.105730146
0.0745 0.09295057 0.105919465
0.075 0.09334472 0.106106296
0.0755 0.09373377 0.106290594
0.076 0.09410986 0.10647249
0.0765 0.09447313 0.10665204
0.077 0.09483215 0.106829315
0.0775 0.09519095 0.10700427
0.078 0.0955498 0.10717702
0.0785 0.09590758 0.10734758
0.079 0.09626304 0.10751599
0.0795 0.09661517 0.10768238
0.08 0.09696332 0.10784668
0.0805 0.09730708 0.108008966
0.081 0.09764627 0.10816927
0.0815 0.0979808 0.10832769
0.082 0.09831068 0.10848418
0.0825 0.09863593 0.10863888
0.083 0.09895662 0.108791724
0.0835 0.09926918 0.10894284
0.084 0.09956635 0.109092206
0.0845 0.09985593 0.10923983
0.085 0.1001446 0.10938582
0.0855 0.1004341 0.109530166
0.086 0.1007238 0.109672934
0.0865 0.1010114 0.10981414
0.087 0.1012927 0.10995376
0.0875 0.1015703 0.11009188
0.088 0.1018456 0.11022852
0.0885 0.1021184 0.11036372
0.089 0.1023887 0.110497504
0.0895 0.102656 0.11062989
0.09 0.1029202 0.11076087
0.0905 0.1031812 0.11089057
0.091 0.1034387 0.111018926
0.0915 0.1036927 0.11114599
0.092 0.1039429 0.11127181
0.0925 0.1041895 0.11139637
0.093 0.1044326 0.11151971
0.0935 0.1046725 0.111641824
0.094 0.1049091 0.11176276
0.0945 0.1051426 0.11188261
0.095 0.105373 0.11200127
0.0955 0.1056003 0.11211884
0.096 0.1058245 0.11223534
0.0965 0.1060457 0.11235075
0.097 0.1062639 0.11246513
0.0975 0.1064792 0.11257844
0.098 0.1066916 0.112690836
0.0985 0.1069011 0.11280218
0.099 0.1071078 0.112912565
0.0995 0.1073117 0.11302203
0.1 0.1075129 0.11448622
0.1005 0.1061805 0.11530134
0.101 0.1033044 0.11559254
0.1015 0.1008671 0.11546095
0.102 0.09905337 0.114988714
0.1025 0.09763099 0.11424264
0.103 0.09641053 0.1132773
0.1035 0.09528746 0.11213729
0.104 0.09421108 0.11085929
0.1045 0.09315822 0.10947354
0.105 0.09211871 0.10800485
0.1055 0.09108833 0.10647385
0.106 0.09006558 0.10489757
0.1065 0.08905018 0.10329005
0.107 0.0880424 0.10166317
0.1075 0.08704278 0.10002658
0.108 0.08605193 0.09838849
0.1085 0.0850705 0.09675571
0.109 0.08409908 0.095133856
0.1095 0.08313832 0.093527704
0.11 0.08218889 0.09194124
0.1105 0.08125137 0.09037775
0.111 0.08032632 0.08884004
0.1115 0.07941425 0.0873304
0.112 0.07851564 0.085850745
0.1125 0.07763094 0.08440271
0.113 0.07676054 0.08298753
0.1135 0.07590484 0.08160636
0.114 0.07506419 0.0802601
0.1145 0.07423892 0.07894939
0.115 0.07342933 0.077674836
0.1155 0.0726357 0.07643683
0.116 0.07185828 0.07523571
0.1165 0.0710973 0.07407163
0.117 0.07035298 0.072944775
0.1175 0.06962551 0.07185513
0.118 0.06891506 0.07080275
0.1185 0.06822178 0.0697875
0.119 0.06754582 0.06880927
0.1195 0.06688728 0.067867875
0.12 0.06624627 0.06696312
0.1205 0.06562288 0.06609474
0.121 0.06501719 0.06526248
0.1215 0.06442924 0.064466015
0.122 0.06385909 0.06370504
0.1225 0.06330677 0.06297916
0.123 0.06277231 0.062288035
0.1235 0.0622557 0.06163129
0.124 0.06175696 0.061008487
0.1245 0.06127606 0.060419235
0.125 0.060813 0.059863146
0.1255 0.06036773 0.059339758
0.126 0.05994021 0.058848623
0.1265 0.05953041 0.058389325
0.127 0.05913826 0.057961386
0.1275 0.05876371 0.05756439
0.128 0.05840668 0.057197858
0.1285 0.05806709 0.05686133
0.129 0.05774486 0.056554344
0.1295 0.05743991 0.05627646
0.13 0.05715214 0.056027208
0.1305 0.05688146 0.055806134
0.131 0.05662774 0.055612747
0.1315 0.0563909 0.055446606
0.132 0.0561708 0.055307258
0.1325 0.05596735 0.055194218
0.133 0.05578041 0.05510709
0.1335 0.05560987 0.055045363
0.134 0.05545559 0.055008624
0.1345 0.05531743 0.054996435
0.135 0.05519528 0.055008326
0.1355 0.05508898 0.055043828
0.136 0.0549984 0.055102568
0.1365 0.0549234 0.05518404
0.137 0.05486384 0.05528784
0.1375 0.05481958 0.055413593
0.138 0.05479047 0.05556081
0.1385 0.05477638 0.05572911
0.139 0.05477715 0.055918027
0.1395 0.05479263 0.056127224
0.14 0.05482268 0.056356255
0.1405 0.05486714 0.056604702
0.141 0.05492587 0.056872208
0.1415 0.05499871 0.05715834
0.142 0.05508551 0.05746274
0.1425 0.05518612 0.057784963
0.143 0.05530038 0.05812471
0.1435 0.05542814 0.058481563
0.144 0.05556925 0.058855165
0.1445 0.05572356 0.059245158
0.145 0.0558909 0.059651155
0.1455 0.05607114 0.0600728
0.146 0.05626411 0.06050976
0.1465 0.05646967 0.06096169
0.147 0.05668767 0.061428253
0.1475 0.05691795 0.061909128
0.148 0.05716036 0.062403943
0.1485 0.05741475 0.06291239
0.149 0.05768098 0.06343417
0.1495 0.0579589 0.06396891
0.15 0.05824836 0.06451635
0.1505 0.05854921 0.06507617
0.151 0.05886131 0.065648034
0.1515 0.05918452 0.06623168
0.152 0.05951868 0.066826835
0.1525 0.05986366 0.06743318
0.153 0.06021932 0.068050474
0.1535 0.06058552 0.068678394
0.154 0.06096211 0.0693167
0.1545 0.06134896 0.06996508
0.155 0.06174594 0.07062332
0.1555 0.06215289 0.07129116
0.156 0.06256971 0.07196832
0.1565 0.06299623 0.07265456
0.157 0.06343235 0.073349655
0.1575 0.06387792 0.07405335
0.158 0.06433282 0.07476543
0.1585 0.06479691 0.07548562
0.159 0.06527007 0.07621376
0.1595 0.06575218 0.07694958
0.16 0.06624309 0.07769284
0.1605 0.0667427 0.07844341
0.161 0.06725087 0.07920103
0.1615 0.0677675 0.07996552
0.162 0.06829247 0.08073662
0.1625 0.06882565 0.08151418
0.163 0.06936694 0.082297996
0.1635 0.06991621 0.08308789
0.164 0.07047336 0.08388367
0.1645 0.07103827 0.08468519
0.165 0.07161074 0.08549224
0.1655 0.07219038 0.08630465
0.166 0.07277709 0.08712228
0.1665 0.07337096 0.08794488
0.167 0.07397204 0.088772416
0.1675 0.0745803 0.089604616
0.168 0.07519566 0.090441376
0.1685 0.07581804 0.09128258
0.169 0.07644733 0.09212798
0.1695 0.07708272 0.09297754
0.17 0.07772272 0.09383108
0.1705 0.07836901 0.094688445
0.171 0.07902225 0.095549494
0.1715 0.07968251 0.096414044
0.172 0.08034962 0.09728208
0.1725 0.08102337 0.09815341
0.173 0.08170362 0.09902793
0.1735 0.08239016 0.099905506
0.174 0.0830828 0.10078603
0.1745 0.08378135 0.10166937
0.175 0.08448567 0.102555424
0.1755 0.08519562 0.1034441
0.176 0.08591111 0.10433528
0.1765 0.08663202 0.10522881
0.177 0.08735807 0.106124654
0.1775 0.08808903 0.1070227
0.178 0.08882453 0.10792281
0.1785 0.08956466 0.10882494
0.179 0.09030978 0.10972892
0.1795 0.09106003 0.110634714
0.18 0.0918154 0.111542284
0.1805 0.0925758 0.112451434
0.181 0.09334111 0.11336213
0.1815 0.09411124 0.11427429
0.182 0.09488609 0.11518785
0.1825 0.09566558 0.116102725
0.183 0.09644961 0.117018804
0.1835 0.09723812 0.11793603
0.184 0.09803102 0.118854344
0.1845 0.09882824 0.11977364
0.185 0.09962972 0.12069389
0.1855 0.1004354 0.12161499
0.186 0.1012451 0.12253685
0.1865 0.102059 0.12345949
0.187 0.1028766 0.124382764
0.1875 0.103697 0.12530664
0.188 0.1045199 0.12623109
0.1885 0.1053458 0.12715602
0.189 0.1061752 0.12808135
0.1895 0.1070087 0.12900709
0.19 0.1078464 0.1299331
0.1905 0.1086884 0.13085938
0.191 0.1095345 0.13178587
0.1915 0.1103846 0.13271251
0.192 0.1112373 0.13363925
0.1925 0.1120783 0.13456605
0.193 0.1129144 0.13549283
0.1935 0.1137586 0.13641962
0.194 0.1146141 0.1373463
0.1945 0.1154799 0.13827284
0.195 0.1163534 0.13919923
0.1955 0.1172327 0.1401254
0.196 0.1181162 0.14105128
0.1965 0.1190031 0.1419769
0.197 0.1198929 0.14290218
0.1975 0.1207851 0.14382708
0.198 0.1216751 0.14475156
0.1985 0.1225485 0.1456756
0.199 0.12342 0.1465991
0.1995 0.1243009 0.14752218
0.2 0.1251934 0.14259629
0.2005 0.1147057 0.137764
0.201 0.1034526 0.13307314
0.2015 0.09665293 0.12855434
0.202 0.09251841 0.12422496
0.2025 0.08963795 0.1200925
0.203 0.08731867 0.11615723
0.2035 0.08525466 0.11241427
0.204 0.08331419 0.10885526
0.2045 0.08144022 0.10546954
0.205 0.0796075 0.10224545
0.2055 0.07780444 0.0991707
0.206 0.07602552 0.09623319
0.2065 0.07426794 0.093421176
0.207 0.07253024 0.09072353
0.2075 0.07081158 0.08813003
0.208 0.06911143 0.08563121
0.2085 0.06742948 0.083218545
0.209 0.0657655 0.08088438
0.2095 0.0641193 0.078621894
0.21 0.06249077 0.076424986
0.2105 0.06087977 0.07428825
0.211 0.0592862 0.07220705
0.2115 0.05770996 0.07017717
0.212 0.05615096 0.068195
0.2125 0.05460909 0.06625728
0.213 0.05308428 0.064361244
0.2135 0.05157641 0.06250438
0.214 0.05008539 0.06068453
0.2145 0.04861113 0.05889969
0.215 0.04715353 0.05714814
0.2155 0.04571248 0.05542833
0.216 0.04428787 0.05373885
0.2165 0.04287961 0.052078422
0.217 0.04148758 0.05044588
0.2175 0.04011167 0.04884017
0.218 0.03875178 0.047260303
0.2185 0.03740777 0.045705322
0.219 0.03607955 0.044174407
0.2195 0.03476699 0.042666752
0.22 0.03346996 0.041181613
0.2205 0.03218836 0.039718267
0.221 0.03092205 0.03827605
0.2215 0.02967091 0.036854353
0.222 0.02843482 0.03545258
0.2225 0.02721364 0.034070168
0.223 0.02600726 0.032706607
0.2235 0.02481553 0.031361382
0.224 0.02363834 0.030034076
0.2245 0.02247555 0.028724227
0.225 0.02132703 0.027431455
0.2255 0.02019265 0.026155394
0.226 0.01907227 0.024895694
0.2265 0.01796576 0.023652036
0.227 0.01687299 0.022424143
0.2275 0.01579383 0.021211755
0.228 0.01472814 0.020014625
0.2285 0.01367578 0.018832538
0.229 0.01263663 0.017665286
0.2295 0.01161055 0.016512703
0.23 0.0105974 0.015374642
0.2305 0.009597052 0.014250934
0.231 0.008609371 0.013141468
0.2315 0.007634224 0.012046132
0.232 0.006671477 0.010964796
0.2325 0.005720997 0.009897396
0.233 0.004782651 0.008843843
0.2335 0.003856309 0.0078040548
0.234 0.002941837 0.0067779757
0.2345 0.002039106 0.0057655126
0.235 0.001147983 0.004766647
0.2355 0.0002683401 0.0037812777
0.236 -0.0005999528 0.0028093792
0.2365 -0.001457024 0.0018508919
0.237 -0.002303002 0.0009057559
0.2375 -0.003138014 -2.6080757e-05
0.238 -0.003962186 -0.000944674
0.2385 -0.004775644 -0.0018501021
0.239 -0.005578513 -0.002742391
0.2395 -0.006370916 -0.0036216415
0.24 -0.007152977 -0.0044879057
0.2405 -0.007924819 -0.005341258
0.241 -0.008686563 -0.006181784
0.2415 -0.009438328 -0.007009547
0.242 -0.01018024 -0.007824644
0.2425 -0.0109124 -0.00862718
0.243 -0.01163495 -0.009417228
0.2435 -0.01234799 -0.010194894
0.244 -0.01305164 -0.010960296
0.2445 -0.01374602 -0.011713527
0.245 -0.01443123 -0.012454692
0.2455 -0.0151074 -0.01318394
0.246 -0.01577463 -0.013901368
0.2465 -0.01643303 -0.014607113
0.247 -0.01708272 -0.015301291
0.2475 -0.0177238 -0.015984043
0.248 -0.01835638 -0.01665551
0.2485 -0.01898056 -0.01731581
0.249 -0.01959646 -0.017965104
0.2495 -0.02020418 -0.018603528
0.25 -0.02080381 -0.019231224
0.2505 -0.02139546 -0.019848347
0.251 -0.02197924 -0.02045504
0.2515 -0.02255524 -0.021051452
0.252 -0.02312356 -0.021637738
0.2525 -0.02368431 -0.022214048
0.253 -0.02423757 -0.022780534
0.2535 -0.02478344 -0.023337357
0.254 -0.02532203 -0.023884665
0.2545 -0.02585341 -0.024422608
0.255 -0.02637769 -0.02495135
0.2555 -0.02689496 -0.025471041
0.256 -0.02740531 -0.025981827
0.2565 -0.02790882 -0.02648387
0.257 -0.02840559 -0.026977314
0.2575 -0.02889571 -0.027462313
0.258 -0.02937925 -0.02793902
0.2585 -0.02985632 -0.028407576
0.259 -0.03032698 -0.028868128
0.2595 -0.03079133 -0.029320829
0.26 -0.03124945 -0.029765818
0.2605 -0.03170142 -0.030203242
0.261 -0.03214732 -0.030633235
0.2615 -0.03258723 -0.031055938
0.262 -0.03302123 -0.03147149
0.2625 -0.0334494 -0.03188003
0.263 -0.03387181 -0.032281682
0.2635 -0.03428854 -0.032676585
0.264 -0.03469967 -0.03306486
0.2645 -0.03510527 -0.033446647
0.265 -0.03550542 -0.033822063
0.2655 -0.03590018 -0.034191225
0.266 -0.03628963 -0.03455427
0.2665 -0.03667383 -0.034911305
0.267 -0.03705287 -0.035262443
0.2675 -0.0374268 -0.035607807
0.268 -0.03779569 -0.035947517
0.2685 -0.03815962 -0.036281668
0.269 -0.03851865 -0.036610372
0.2695 -0.03887284 -0.036933742
0.27 -0.03922226 -0.037251875
0.2705 -0.03956697 -0.037564874
0.271 -0.03990704 -0.037872843
0.2715 -0.04024253 -0.038175877
0.272 -0.04057349 -0.03847407
0.2725 -0.0409 -0.038767517
0.273 -0.04122211 -0.039056316
0.2735 -0.04153987 -0.03934055
0.274 -0.04185335 -0.039620303
0.2745 -0.04216261 -0.039895672
0.275 -0.0424677 -0.040166732
0.2755 -0.04276868 -0.040433563
0.276 -0.0430656 -0.04069626
0.2765 -0.04335852 -0.040954884
0.277 -0.04364749 -0.041209526
0.2775 -0.04393256 -0.041460253
0.278 -0.0442138 -0.04170715
0.2785 -0.04449124 -0.04195028
0.279 -0.04476494 -0.04218971
0.2795 -0.04503496 -0.042425513
0.28 -0.04530133 -0.042657755
0.2805 -0.04556412 -0.042886507
0.281 -0.04582336 -0.04311183
0.2815 -0.04607911 -0.04333378
0.282 -0.04633142 -0.043552432
0.2825 -0.04658032 -0.043767832
0.283 -0.04682587 -0.043980047
0.2835 -0.04706812 -0.044189133
0.284 -0.0473071 -0.044395145
0.2845 -0.04754286 -0.04459814
0.285 -0.04777544 -0.04479817
0.2855 -0.0480049 -0.044995286
0.286 -0.04823126 -0.045189537
0.2865 -0.04845457 -0.045380972
0.287 -0.04867488 -0.04556966
0.2875 -0.04889222 -0.045755617
0.288 -0.04910664 -0.045938917
0.2885 -0.04931816 -0.04611959
0.289 -0.04952685 -0.046297684
0.2895 -0.04973272 -0.046473246
0.29 -0.04993582 -0.046646316
0.2905 -0.05013619 -0.04681693
0.291 -0.05033386 -0.046985134
0.2915 -0.05052888 -0.047150977
0.292 -0.05072127 -0.047314487
0.2925 -0.05091107 -0.047475707
0.293 -0.05109832 -0.04763467
0.2935 -0.05128305 -0.047791418
0.294 -0.0514653 -0.04794598
0.2945 -0.0516451 -0.0480984
0.295 -0.05182248 -0.04824871
0.2955 -0.05199748 -0.048396938
0.296 -0.05217013 -0.048543118
0.2965 -0.05234045 -0.048687287
0.297 -0.05250849 -0.04882947
0.2975 -0.05267427 -0.04896971
0.298 -0.05283783 -0.04910802
0.2985 -0.05299918 -0.04924445
0.299 -0.05315837 -0.049379013
0.2995 -0.05331543 -0.04951174
0.3 -0.05347037 -0.04964267
0.3005 -0.05362324 -0.04977182
0.301 -0.05377406 -0.04989922
0.3015 -0.05392285 -0.050024893
0.302 -0.05406964 -0.050148867
0.3025 -0.05421447 -0.050271172
0.303 -0.05435735 -0.050391827
0.3035 -0.05449832 -0.050510854
0.304 -0.0546374 -0.050628286
0.3045 -0.05477461 -0.05074414
0.305 -0.05490999 -0.050858438
0.3055 -0.05504355 -0.050971203
0.306 -0.05517532 -0.051082462
0.3065 -0.05530533 -0.051192243
0.307 -0.05543359 -0.05130055
0.3075 -0.05556014 -0.05140742
0.308 -0.05568499 -0.051512856
0.3085 -0.05580817 -0.051616892
0.309 -0.0559297 -0.051719543
0.3095 -0.05604961 -0.051820833
0.31 -0.05616791 -0.05192078
0.3105 -0.05628462 -0.0520194
0.311 -0.05639978 -0.052116714
0.3115 -0.0565134 -0.052212738
0.312 -0.0566255 -0.052307487
0.3125 -0.05673609 -0.052400984
0.313 -0.05684521 -0.052493248
0.3135 -0.05695288 -0.052584294
0.314 -0.0570591 -0.05267413
0.3145 -0.0571639 -0.05276278
0.315 -0.05726731 -0.05285027
0.3155 -0.05736933 -0.052936595
0.316 -0.05746999 -0.053021785
0.3165 -0.05756931 -0.053105853
0.317 -0.0576673 -0.053188816
0.3175 -0.05776398 -0.053270683
0.318 -0.05785937 -0.053351477
0.3185 -0.05795349 -0.0534312
0.319 -0.05804635 -0.053509884
0.3195 -0.05813798 -0.053587526
0.32 -0.05822838 -0.05366415
0.3205 -0.05831758 -0.053739768
0.321 -0.05840559 -0.053814393
0.3215 -0.05849243 -0.053888034
0.322 -0.05857811 -0.053960707
0.3225 -0.05866264 -0.054032426
0.323 -0.05874605 -0.054103207
0.3235 -0.05882835 -0.054173056
0.324 -0.05890956 -0.054241985
0.3245 -0.05898968 -0.05431001
0.325 -0.05906874 -0.05437714
0.3255 -0.05914674 -0.05444339
0.326 -0.05922371 -0.054508775
0.3265 -0.05929965 -0.054573298
0.327 -0.05937458 -0.054636966
0.3275 -0.05944852 -0.054699805
0.328 -0.05952147 -0.05476182
0.3285 -0.05959345 -0.05482302
0.329 -0.05966448 -0.054883413
0.3295 -0.05973456 -0.054943014
0.33 -0.05980371 -0.055001833
0.3305 -0.05987194 -0.055059876
0.331 -0.05993926 -0.05511716
0.3315 -0.06000569 -0.055173688
0.332 -0.06007124 -0.055229478
0.3325 -0.06013592 -0.05528453
0.333 -0.06019974 -0.055338852
0.3335 -0.06026271 -0.05539247
0.334 -0.06032485 -0.05544538
0.3345 -0.06038616 -0.05549759
0.335 -0.06044666 -0.05554912
0.3355 -0.06050636 -0.055599965
0.336 -0.06056527 -0.055650145
0.3365 -0.06062339 -0.055699665
0.337 -0.06068074 -0.055748537
0.3375 -0.06073734 -0.05579676
0.338 -0.06079318 -0.055844348
0.3385 -0.06084828 -0.05589131
0.339 -0.06090266 -0.05593765
0.3395 -0.06095631 -0.05598338
0.34 -0.06100925 -0.056028508
0.3405 -0.0610615 -0.056073043
0.341 -0.06111305 -0.056116987
0.3415 -0.06116392 -0.056160353
0.342 -0.06121411 -0.05620315
0.3425 -0.06126364 -0.056245375
0.343 -0.06131252 -0.056287043
0.3435 -0.06136075 -0.056328163
0.344 -0.06140834 -0.056368742
0.3445 -0.0614553 -0.056408785
0.345 -0.06150164 -0.056448292
0.3455 -0.06154737 -0.056487277
0.346 -0.0615925 -0.056525752
0.3465 -0.06163703 -0.056563716
0.347 -0.06168097 -0.056601178
0.3475 -0.06172433 -0.05663814
0.348 -0.06176711 -0.056674615
0.3485 -0.06180934 -0.05671061
0.349 -0.061851 -0.05674612
0.3495 -0.06189212 -0.056781173
0.35 -0.06193269 -0.056815747
0.3505 -0.06197273 -0.05684987
0.351 -0.06201224 -0.056883536
0.3515 -0.06205122 -0.05691676
0.352 -0.0620897 -0.056949537
0.3525 -0.06212766 -0.056981884
0.353 -0.06216513 -0.0570138
0.3535 -0.0622021 -0.05704529
0.354 -0.06223858 -0.057076357
0.3545 -0.06227459 -0.057107016
0.355 -0.06231012 -0.057137273
0.3555 -0.06234518 -0.05716712
0.356 -0.06237978 -0.057196572
0.3565 -0.06241392 -0.057225637
0.357 -0.06244762 -0.057254307
0.3575 -0.06248087 -0.057282597
0.358 -0.06251368 -0.05731051
0.3585 -0.06254606 -0.05733805
0.359 -0.06257802 -0.057365224
0.3595 -0.06260955 -0.05739204
0.36 -0.06264067 -0.057418495
0.3605 -0.06267138 -0.0574446
0.361 -0.06270169 -0.057470348
0.3615 -0.0627316 -0.057495758
0.362 -0.06276112 -0.057520825
0.3625 -0.06279024 -0.057545565
0.363 -0.06281899 -0.05756997
0.3635 -0.06284735 -0.057594046
0.364 -0.06287535 -0.057617806
0.3645 -0.06290298 -0.057641245
0.365 -0.06293024 -0.057664376
0.3655 -0.06295715 -0.057687193
0.366 -0.0629837 -0.0577097
0.3665 -0.0630099 -0.057731915
0.367 -0.06303576 -0.057753824
0.3675 -0.06306128 -0.057775445
0.368 -0.06308647 -0.057796776
0.3685 -0.06311132 -0.057817817
0.369 -0.06313585 -0.057838578
0.3695 -0.06316006 -0.057859063
0.37 -0.06318395 -0.05787927
0.3705 -0.06320753 -0.057899207
0.371 -0.0632308 -0.05791887
0.3715 -0.06325376 -0.057938278
0.372 -0.06327642 -0.057957426
0.3725 -0.06329879 -0.057976313
0.373 -0.06332086 -0.057994947
0.3735 -0.06334264 -0.058013335
0.374 -0.06336414 -0.05803147
0.3745 -0.06338536 -0.05804936
0.375 -0.0634063 -0.058067013
0.3755 -0.06342696 -0.05808443
0.376 -0.06344736 -0.05810161
0.3765 -0.06346748 -0.058118556
0.377 -0.06348735 -0.058135275
0.3775 -0.06350695 -0.058151774
0.378 -0.0635263 -0.058168046
0.3785 -0.06354539 -0.058184102
0.379 -0.06356424 -0.058199942
0.3795 -0.06358284 -0.058215566
0.38 -0.06360119 -0.05823098
0.3805 -0.06361931 -0.058246188
0.381 -0.06363718 -0.058261193
0.3815 -0.06365483 -0.058275994
0.382 -0.06367224 -0.058290593
0.3825 -0.06368943 -0.058304995
0.383 -0.06370639 -0.058319204
0.3835 -0.06372313 -0.058333226
0.384 -0.06373966 -0.058347054
0.3845 -0.06375596 -0.058360692
0.385 -0.06377206 -0.05837415
0.3855 -0.06378794 -0.058387425
0.386 -0.06380362 -0.05840052
0.3865 -0.06381909 -0.05841344
0.387 -0.06383436 -0.05842618
0.3875 -0.06384943 -0.05843875
0.388 -0.0638643 -0.058451153
0.3885 -0.06387898 -0.058463387
0.389 -0.06389347 -0.058475457
0.3895 -0.06390777 -0.058487363
0.39 -0.06392188 -0.058499113
0.3905 -0.06393581 -0.0585107
0.391 -0.06394956 -0.058522128
0.3915 -0.06396313 -0.058533404
0.392 -0.06397652 -0.058544528
0.3925 -0.06398974 -0.058555495
0.393 -0.06400278 -0.058566317
0.3935 -0.06401566 -0.058576994
0.394 -0.06402837 -0.058587525
0.3945 -0.06404091 -0.05859791
0.395 -0.06405329 -0.05860816
0.3955 -0.06406551 -0.05861827
0.396 -0.06407757 -0.058628242
0.3965 -0.06408947 -0.05863808
0.397 -0.06410122 -0.05864778
0.3975 -0.06411281 -0.058657352
0.398 -0.06412425 -0.058666795
0.3985 -0.06413555 -0.05867611
0.399 -0.0641467 -0.0586853
0.3995 -0.0641577 -0.058694363
0.4 -0.06416856 -0.0587033
0.4005 -0.06417928 -0.05871212
0.401 -0.06418986 -0.05872082
0.4015 -0.0642003 -0.0587294
0.402 -0.0642106 -0.058737863
0.4025 -0.06422078 -0.05874621
0.403 -0.06423082 -0.058754444
0.4035 -0.06424073 -0.058762565
0.404 -0.06425051 -0.05877058
0.4045 -0.06426016 -0.058778487
0.405 -0.06426969 -0.05878628
0.4055 -0.06427909 -0.058793977
0.406 -0.06428838 -0.05880156
0.4065 -0.06429754 -0.058809042
0.407 -0.06430658 -0.058816426
0.4075 -0.06431551 -0.05882371
0.408 -0.06432432 -0.058830887
0.4085 -0.06433301 -0.058837973
0.409 -0.0643416 -0.05884496
0.4095 -0.06435007 -0.058851857
0.41 -0.06435843 -0.058858655
0.4105 -0.06436668 -0.058865365
0.411 -0.06437483 -0.058871977
0.4115 -0.06438287 -0.0588785
0.412 -0.06439081 -0.058884937
0.4125 -0.06439864 -0.058891285
0.413 -0.06440637 -0.05889755
0.4135 -0.06441401 -0.058903728
0.414 -0.06442154 -0.058909826
0.4145 -0.06442898 -0.05891583
0.415 -0.06443631 -0.05892176
0.4155 -0.06444356 -0.058927607
0.416 -0.06445071 -0.058933374
0.4165 -0.06445777 -0.058939062
0.417 -0.06446473 -0.058944672
0.4175 -0.06447161 -0.058950216
0.418 -0.0644784 -0.058955673
0.4185 -0.0644851 -0.05896106
0.419 -0.06449171 -0.058966372
0.4195 -0.06449824 -0.058971614
0.42 -0.06450468 -0.05897678
0.4205 -0.06451104 -0.058981873
0.421 -0.06451732 -0.05898691
0.4215 -0.06452351 -0.058991864
0.422 -0.06452963 -0.05899676
0.4225 -0.06453567 -0.059001587
0.423 -0.06454162 -0.059006345
0.4235 -0.06454751 -0.05901104
0.424 -0.06455331 -0.05901567
0.4245 -0.06455904 -0.059020236
0.425 -0.0645647 -0.059024744
0.4255 -0.06457028 -0.059029188
0.426 -0.06457579 -0.059033573
0.4265 -0.06458124 -0.059037894
0.427 -0.06458661 -0.05904216
0.4275 -0.06459191 -0.05904636
0.428 -0.06459714 -0.05905051
0.4285 -0.0646023 -0.059054606
0.429 -0.0646074 -0.05905864
0.4295 -0.06461243 -0.05906262
0.43 -0.0646174 -0.059066545
0.4305 -0.0646223 -0.059070416
0.431 -0.06462714 -0.059074238
0.4315 -0.06463192 -0.059078008
0.432 -0.06463664 -0.059081722
0.4325 -0.06464129 -0.05908539
0.433 -0.06464589 -0.059089005
0.4335 -0.06465042 -0.059092574
0.434 -0.0646549 -0.05909609
0.4345 -0.06465932 -0.059099562
0.435 -0.06466368 -0.059102982
0.4355 -0.06466799 -0.059106357
0.436 -0.06467224 -0.059109688
0.4365 -0.06467643 -0.059112966
0.437 -0.06468058 -0.059116207
0.4375 -0.06468466 -0.059119403
0.438 -0.0646887 -0.059122555
0.4385 -0.06469268 -0.05912566
0.439 -0.06469662 -0.059128728
0.4395 -0.0647005 -0.05913175
0.44 -0.06470433 -0.059134733
0.4405 -0.06470811 -0.059137672
0.441 -0.06471185 -0.059140574
0.4415 -0.06471553 -0.05914344
0.442 -0.06471917 -0.059146263
0.4425 -0.06472276 -0.05914904
0.443 -0.06472631 -0.05915179
0.4435 -0.06472981 -0.059154496
0.444 -0.06473326 -0.059157167
0.4445 -0.06473667 -0.0591598
0.445 -0.06474004 -0.0591624
0.4455 -0.06474336 -0.059164964
0.446 -0.06474664 -0.059167493
0.4465 -0.06474988 -0.059169985
0.447 -0.06475307 -0.05917244
0.4475 -0.06475623 -0.059174865
0.448 -0.06475934 -0.059177265
0.4485 -0.06476242 -0.059179623
0.449 -0.06476545 -0.05918195
0.4495 -0.06476845 -0.059184246
0.45 -0.06477141 -0.05918651
0.4505 -0.06477433 -0.059188742
0.451 -0.06477721 -0.059190944
0.4515 -0.06478005 -0.059193116
0.452 -0.06478286 -0.059195258
0.4525 -0.06478563 -0.059197374
0.453 -0.06478837 -0.059199456
0.4535 -0.06479107 -0.059201516
0.454 -0.06479374 -0.059203543
0.4545 -0.06479637 -0.059205543
0.455 -0.06479897 -0.059207514
0.4555 -0.06480154 -0.059209466
0.456 -0.06480407 -0.059211385
0.4565 -0.06480657 -0.059213277
0.457 -0.06480904 -0.059215147
0.4575 -0.06481147 -0.059216984
0.458 -0.06481388 -0.0592188
0.4585 -0.06481625 -0.059220597
0.459 -0.06481859 -0.059222363
0.4595 -0.06482091 -0.059224106
0.46 -0.06482319 -0.05922582
0.4605 -0.06482545 -0.05922752
0.461 -0.06482767 -0.059229188
0.4615 -0.06482987 -0.059230838
0.462 -0.06483204 -0.059232466
0.4625 -0.06483418 -0.05923407
0.463 -0.06483629 -0.059235655
0.4635 -0.06483838 -0.059237212
0.464 -0.06484044 -0.059238754
0.4645 -0.06484247 -0.059240274
0.465 -0.06484448 -0.05924177
0.4655 -0.06484646 -0.059243247
0.466 -0.06484842 -0.0592447
0.4665 -0.06485035 -0.05924614
0.467 -0.06485226 -0.059247557
0.4675 -0.06485414 -0.059248958
0.468 -0.064856 -0.059250336
0.4685 -0.06485783 -0.059251696
0.469 -0.06485964 -0.059253033
0.4695 -0.06486143 -0.05925436
0.47 -0.06486319 -0.059255663
0.4705 -0.06486494 -0.05925695
0.471 -0.06486665 -0.05925822
0.4715 -0.06486835 -0.05925947
0.472 -0.06487003 -0.05926071
0.4725 -0.06487168 -0.059261926
0.473 -0.06487332 -0.05926313
0.4735 -0.06487493 -0.059264313
0.474 -0.06487652 -0.05926548
0.4745 -0.06487809 -0.059266634
0.475 -0.06487964 -0.05926777
0.4755 -0.06488117 -0.05926889
0.476 -0.06488269 -0.059269994
0.4765 -0.06488418 -0.059271082
0.477 -0.06488565 -0.05927216
0.4775 -0.06488711 -0.059273224
0.478 -0.06488854 -0.05927427
0.4785 -0.06488996 -0.059275303
0.479 -0.06489136 -0.05927632
0.4795 -0.06489274 -0.059277326
0.48 -0.06489411 -0.059278317
0.4805 -0.06489545 -0.059279293
0.481 -0.06489678 -0.059280254
0.4815 -0.06489809 -0.059281204
0.482 -0.06489939 -0.05928214
0.4825 -0.06490067 -0.059283063
0.483 -0.06490193 -0.05928398
0.4835 -0.06490318 -0.059284877
0.484 -0.06490441 -0.059285764
0.4845 -0.06490562 -0.05928664
0.485 -0.06490682 -0.059287503
0.4855 -0.06490801 -0.059288353
0.486 -0.06490917 -0.059289195
0.4865 -0.06491033 -0.05929002
0.487 -0.06491147 -0.059290834
0.4875 -0.06491259 -0.059291642
0.488 -0.0649137 -0.059292436
0.4885 -0.0649148 -0.059293218
0.489 -0.06491588 -0.059293993
0.4895 -0.06491695 -0.059294753
0.49 -0.064918 -0.059295505
0.4905 -0.06491905 -0.059296243
0.491 -0.06492007 -0.059296973
0.4915 -0.06492109 -0.059297696
0.492 -0.06492209 -0.059298407
0.4925 -0.06492308 -0.05929911
0.493 -0.06492406 -0.0592998
0.4935 -0.06492502 -0.059300482
0.494 -0.06492597 -0.059301153
0.4945 -0.06492691 -0.059301816
0.495 -0.06492784 -0.05930247
0.4955 -0.06492875 -0.05930312
0.496 -0.06492966 -0.059303753
0.4965 -0.06493055 -0.05930438
0.497 -0.06493143 -0.059305
0.4975 -0.0649323 -0.059305612
0.498 -0.06493316 -0.059306215
0.4985 -0.06493401 -0.05930681
0.499 -0.06493485 -0.059307396
0.4995 -0.06493567 -0.05930797
