0.0 -0.065 -0.045576304
0.0005 -0.065 -0.060490496
0.001 -0.065 -0.069981225
0.0015 -0.065 -0.07580965
0.002 -0.065 -0.07919862
0.0025 -0.065 -0.08097544
0.003 -0.065 -0.08169478
0.0035 -0.065 -0.08172765
0.004 -0.065 -0.08132231
0.0045 -0.065 -0.080645084
0.005 -0.065 -0.07980743
0.0055 -0.065 -0.078884
0.006 -0.065 -0.07792464
0.0065 -0.065 -0.076962285
0.007 -0.065 -0.07601848
0.0075 -0.065 -0.075106874
0.008 -0.065 -0.074235775
0.0085 -0.065 -0.07340981
0.009 -0.065 -0.072631
0.0095 -0.065 -0.07189977
0.01 -0.065 -0.07121526
0.0105 -0.065 -0.07057592
0.011 -0.065 -0.0699797
0.0115 -0.065 -0.06942425
0.012 -0.065 -0.06890707
0.0125 -0.065 -0.0684256
0.013 -0.065 -0.067977354
0.0135 -0.065 -0.06755986
0.014 -0.065 -0.067170754
0.0145 -0.065 -0.06680779
0.015 -0.065 -0.06646887
0.0155 -0.065 -0.06615206
0.016 -0.065 -0.06585544
0.0165 -0.065 -0.06557743
0.017 -0.065 -0.06531642
0.0175 -0.065 -0.06507097
0.018 -0.065 -0.06483981
0.0185 -0.065 -0.06462174
0.019 -0.065 -0.06441564
0.0195 -0.065 -0.0642206
0.02 -0.065 -0.064035684
0.0205 -0.065 -0.063860096
0.021 -0.065 -0.06369311
0.0215 -0.065 -0.06353406
0.022 -0.065 -0.06338236
0.0225 -0.065 -0.06323748
0.023 -0.065 -0.06309892
0.0235 -0.065 -0.062966265
0.024 -0.065 -0.062839106
0.0245 -0.065 -0.062717065
0.025 -0.065 -0.06259986
0.0255 -0.065 -0.062487178
0.026 -0.065 -0.06237875
0.0265 -0.065 -0.06227435
0.027 -0.065 -0.062173717
0.0275 -0.065 -0.06207668
0.028 -0.065 -0.061983086
0.0285 -0.065 -0.061892718
0.029 -0.065 -0.06180545
0.0295 -0.065 -0.061721124
0.03 -0.065 -0.06163962
0.0305 -0.065 -0.061560832
0.031 -0.065 -0.061484605
0.0315 -0.065 -0.061410867
0.032 -0.065 -0.061339505
0.0325 -0.065 -0.061270446
0.033 -0.065 -0.061203554
0.0335 -0.065 -0.0611388
0.034 -0.065 -0.061076097
0.0345 -0.065 -0.061015382
0.035 -0.065 -0.06095656
0.0355 -0.065 -0.060899578
0.036 -0.065 -0.060844347
0.0365 -0.065 -0.06079085
0.037 -0.065 -0.06073901
0.0375 -0.065 -0.06068878
0.038 -0.065 -0.060640104
0.0385 -0.065 -0.060592927
0.039 -0.065 -0.06054721
0.0395 -0.065 -0.060502894
0.04 -0.065 -0.06045994
0.0405 -0.065 -0.060418338
0.041 -0.065 -0.060377993
0.0415 -0.065 -0.060338892
0.042 -0.065 -0.060300983
0.0425 -0.065 -0.060264237
0.043 -0.065 -0.06022861
0.0435 -0.065 -0.060194083
0.044 -0.065 -0.060160622
0.0445 -0.065 -0.060128182
0.045 -0.065 -0.06009674
0.0455 -0.065 -0.06006626
0.046 -0.065 -0.06003672
0.0465 -0.065 -0.060008086
0.047 -0.065 -0.059980325
0.0475 -0.065 -0.059953414
0.048 -0.065 -0.059927337
0.0485 -0.065 -0.059902042
0.049 -0.065 -0.05987753
0.0495 -0.065 -0.059853792
0.05 -0.065 -0.059830762
0.0505 -0.065 -0.059808426
0.051 -0.065 -0.05978679
0.0515 -0.065 -0.059765793
0.052 -0.065 -0.059745446
0.0525 -0.065 -0.05972574
0.053 -0.065 -0.059706636
0.0535 -0.065 -0.059688136
0.054 -0.065 -0.059670165
0.0545 -0.065 -0.059652776
0.055 -0.065 -0.059635907
0.0555 -0.065 -0.05961956
0.056 -0.065 -0.05960369
0.0565 -0.065 -0.059588328
0.057 -0.065 -0.059573434
0.0575 -0.065 -0.05955898
0.058 -0.065 -0.059544995
0.0585 -0.065 -0.05953142
0.059 -0.065 -0.059518293
0.0595 -0.065 -0.059505545
0.06 -0.065 -0.05949319
0.0605 -0.065 -0.059481204
0.061 -0.065 -0.059469596
0.0615 -0.065 -0.05945836
0.062 -0.065 -0.059447438
0.0625 -0.065 -0.05943688
0.063 -0.065 -0.059426636
0.0635 -0.065 -0.059416674
0.064 -0.065 -0.059407033
0.0645 -0.065 -0.059397697
0.065 -0.065 -0.059388652
0.0655 -0.065 -0.05937987
0.066 -0.065 -0.05937136
0.0665 -0.065 -0.05936311
0.067 -0.065 -0.059355125
0.0675 -0.065 -0.059347376
0.068 -0.065 -0.05933986
0.0685 -0.065 -0.059332594
0.069 -0.065 -0.059325524
0.0695 -0.065 -0.059318684
0.07 -0.065 -0.059312053
0.0705 -0.065 -0.05930563
0.071 -0.065 -0.059299402
0.0715 -0.065 -0.059293367
0.072 -0.065 -0.059287503
0.0725 -0.065 -0.059281826
0.073 -0.065 -0.059276327
0.0735 -0.065 -0.059271
0.074 -0.065 -0.05926583
0.0745 -0.065 -0.059260815
0.075 -0.065 -0.059255965
0.0755 -0.065 -0.05925125
0.076 -0.065 -0.059246674
0.0765 -0.065 -0.059242234
0.077 -0.065 -0.059237957
0.0775 -0.065 -0.0592338
0.078 -0.065 -0.05922976
0.0785 -0.065 -0.059225865
0.079 -0.065 -0.059222072
0.0795 -0.065 -0.059218407
0.08 -0.065 -0.059214845
0.0805 -0.065 -0.059211403
0.081 -0.065 -0.05920805
0.0815 -0.065 -0.059204802
0.082 -0.065 -0.05920165
0.0825 -0.065 -0.05919861
0.083 -0.065 -0.05919566
0.0835 -0.065 -0.05919279
0.084 -0.065 -0.05919002
0.0845 -0.065 -0.059187345
0.085 -0.065 -0.05918473
0.0855 -0.065 -0.05918221
0.086 -0.065 -0.059179753
0.0865 -0.065 -0.05917739
0.087 -0.065 -0.059175067
0.0875 -0.065 -0.059172854
0.088 -0.065 -0.059170686
0.0885 -0.065 -0.059168585
0.089 -0.065 -0.059166558
0.0895 -0.065 -0.05916459
0.09 -0.065 -0.059162676
0.0905 -0.065 -0.05916082
0.091 -0.065 -0.059159026
0.0915 -0.065 -0.059157282
0.092 -0.065 -0.0591556
0.0925 -0.065 -0.059153967
0.093 -0.065 -0.05915238
0.0935 -0.065 -0.059150837
0.094 -0.065 -0.059149347
0.0945 -0.065 -0.0591479
0.095 -0.065 -0.0591465
0.0955 -0.065 -0.059145138
0.096 -0.065 -0.05914382
0.0965 -0.065 -0.05914253
0.097 -0.065 -0.0591413
0.0975 -0.065 -0.0591401
0.098 -0.065 -0.05913894
0.0985 -0.065 -0.05913783
0.099 -0.065 -0.059136726
0.0995 -0.065 -0.059135668
0.1 -0.065 -0.05677954
0.1005 -0.04842002 -0.05233924
0.101 -0.03041441 -0.046065636
0.1015 -0.01554058 -0.038221784
0.102 -0.002683864 -0.029055124
0.1025 0.009246408 -0.018787878
0.103 0.02080325 -0.007615193
0.1035 0.0322654 0.0042937472
0.104 0.04373207 0.016793216
0.1045 0.05515523 0.029758194
0.105 0.06660326 0.043081567
0.1055 0.0781241 0.056671783
0.106 0.08969852 0.07045067
0.1065 0.1012944 0.08435143
0.107 0.1128987 0.0983169
0.1075 0.1245012 0.11229865
0.108 0.1360905 0.12625524
0.1085 0.1476539 0.14015147
0.109 0.1591644 0.15395734
0.1095 0.1705962 0.1676476
0.11 0.1819526 0.18120086
0.1105 0.1932398 0.19459912
0.111 0.2044604 0.20782745
0.1115 0.2156133 0.22087327
0.112 0.2266947 0.23372632
0.1125 0.2376994 0.24637824
0.113 0.2486219 0.2588224
0.1135 0.2594575 0.27105352
0.114 0.2702012 0.28306764
0.1145 0.2808488 0.29486182
0.115 0.2913963 0.30643415
0.1155 0.3018369 0.31778353
0.116 0.3121692 0.32890967
0.1165 0.3223937 0.33981258
0.117 0.3325092 0.35049316
0.1175 0.3425089 0.3609527
0.118 0.3523839 0.37119287
0.1185 0.3621433 0.38121554
0.119 0.3717924 0.39102316
0.1195 0.3813314 0.40061828
0.12 0.3907587 0.41000366
0.1205 0.4000726 0.41918233
0.121 0.4092719 0.42815727
0.1215 0.4183558 0.43693185
0.122 0.4273238 0.44550946
0.1225 0.4361712 0.45389345
0.123 0.4448932 0.46208736
0.1235 0.4534978 0.47009483
0.124 0.4619908 0.47791943
0.1245 0.4703738 0.48556474
0.125 0.4786464 0.49303433
0.1255 0.4868079 0.50033194
0.126 0.4948578 0.5074612
0.1265 0.5027952 0.51442564
0.127 0.5106181 0.5212288
0.1275 0.5183301 0.52787435
0.128 0.5259334 0.5343658
0.1285 0.5334277 0.5407064
0.129 0.5400835 0.5468999
0.1295 0.5462477 0.55294937
0.13 0.5527054 0.5588585
0.1305 0.5594744 0.56463027
0.131 0.5664168 0.57026815
0.1315 0.5733968 0.57577515
0.132 0.5793133 0.5811546
0.1325 0.5850242 0.5864092
0.133 0.5911094 0.59154236
0.1335 0.5975139 0.59655666
0.134 0.6040836 0.6014553
0.1345 0.6106897 0.606241
0.135 0.617247 0.6109164
0.1355 0.6237065 0.61548436
0.136 0.6300021 0.61994743
0.1365 0.6361405 0.6243083
0.137 0.6421636 0.62856936
0.1375 0.64808 0.6327332
0.138 0.6538889 0.6368022
0.1385 0.6595896 0.6407787
0.139 0.6651831 0.64466506
0.1395 0.6706709 0.64846337
0.14 0.6760524 0.652176
0.1405 0.6813334 0.65580493
0.141 0.6865203 0.6593524
0.1415 0.691614 0.6628202
0.142 0.6966132 0.66621065
0.1425 0.701526 0.6695253
0.143 0.7063581 0.6727664
0.1435 0.7111118 0.6759355
0.144 0.7157882 0.6790346
0.1445 0.720388 0.68206537
0.145 0.7249115 0.68502945
0.1455 0.7293593 0.68792856
0.146 0.7337333 0.6907643
0.1465 0.7380356 0.6935383
0.147 0.7422675 0.69625187
0.1475 0.7464301 0.6989067
0.148 0.7505244 0.7015042
0.1485 0.7545476 0.7040458
0.149 0.7584949 0.7065329
0.1495 0.7623744 0.70896673
0.15 0.7661923 0.7160579
0.1505 0.7533744 0.719645
0.151 0.7390449 0.7202847
0.1515 0.7276936 0.71846724
0.152 0.7182848 0.7146199
0.1525 0.7097524 0.7091131
0.153 0.7015228 0.70226574
0.1535 0.6933412 0.69435155
0.154 0.6851089 0.685604
0.1545 0.6767958 0.6762209
0.155 0.6683998 0.66636944
0.1555 0.6599292 0.65618914
0.156 0.6513778 0.6457957
0.1565 0.642736 0.6352843
0.157 0.6340586 0.6247319
0.1575 0.6253355 0.6142006
0.158 0.6166149 0.60373914
0.1585 0.6079162 0.5933852
0.159 0.59924 0.5831677
0.1595 0.5905851 0.5731077
0.16 0.5819521 0.56322026
0.1605 0.5733439 0.5535151
0.161 0.5647643 0.54399824
0.1615 0.5562181 0.5346725
0.162 0.54771 0.5255379
0.1625 0.5392448 0.5165928
0.163 0.530827 0.5078341
0.1635 0.5224607 0.49925748
0.164 0.5141498 0.4908581
0.1645 0.5058978 0.48263034
0.165 0.497708 0.47456867
0.1655 0.4895831 0.46666682
0.166 0.481526 0.4589189
0.1665 0.4735388 0.45131895
0.167 0.4656238 0.44386107
0.1675 0.4577828 0.4365394
0.168 0.4500176 0.4293485
0.1685 0.4423297 0.42228296
0.169 0.4347204 0.41533747
0.1695 0.427191 0.4085072
0.17 0.4197424 0.4017873
0.1705 0.4123757 0.39517328
0.171 0.4050915 0.38866076
0.1715 0.3978905 0.3822456
0.172 0.3907733 0.3759239
0.1725 0.3837403 0.36969194
0.173 0.3767919 0.3635461
0.1735 0.3699283 0.35748306
0.174 0.3631497 0.3514996
0.1745 0.3564562 0.34559256
0.175 0.3498478 0.33975917
0.1755 0.3433245 0.33399668
0.176 0.3368861 0.32830244
0.1765 0.3305325 0.32267398
0.177 0.3242635 0.31710914
0.1775 0.3180787 0.31160554
0.178 0.3119778 0.30616125
0.1785 0.3059605 0.30077437
0.179 0.3000263 0.29544303
0.1795 0.2941747 0.2901655
0.18 0.2884054 0.2849403
0.1805 0.2827176 0.27976584
0.181 0.277111 0.2746409
0.1815 0.2715849 0.26956406
0.182 0.2661386 0.26453426
0.1825 0.2607715 0.25955042
0.183 0.255483 0.2546115
0.1835 0.2502724 0.24971667
0.184 0.245139 0.24486515
0.1845 0.240082 0.24005619
0.185 0.2351007 0.23528916
0.1855 0.2301944 0.23056349
0.186 0.2253623 0.22587869
0.1865 0.2206037 0.22123435
0.187 0.2159176 0.21663006
0.1875 0.2113034 0.21206562
0.188 0.2067603 0.20754072
0.1885 0.2022873 0.20305529
0.189 0.1978838 0.1986091
0.1895 0.1935489 0.19420215
0.19 0.1892818 0.18983437
0.1905 0.1850816 0.1855058
0.191 0.1809475 0.18121651
0.1915 0.1768788 0.17696658
0.192 0.1728745 0.1727562
0.1925 0.1689338 0.1685854
0.193 0.165056 0.16445452
0.1935 0.1612401 0.16036367
0.194 0.1574854 0.15631314
0.1945 0.1537911 0.15230316
0.195 0.1501562 0.14833401
0.1955 0.1465801 0.14440599
0.196 0.1430618 0.1405194
0.1965 0.1396006 0.13667452
0.197 0.1361957 0.13287167
0.1975 0.1328463 0.12911122
0.198 0.1295515 0.12539338
0.1985 0.1263107 0.121718526
0.199 0.123123 0.11808699
0.1995 0.1199876 0.11449902
0.2 0.1169037 0.110954925
0.2005 0.1138707 0.107455045
0.201 0.1108878 0.103999645
0.2015 0.1079541 0.10058895
0.202 0.105069 0.09722323
0.2025 0.1022317 0.093902715
0.203 0.0994415 0.09062761
0.2035 0.09669769 0.08739815
0.204 0.09399954 0.0842145
0.2045 0.09134634 0.0810768
0.205 0.08873741 0.077985205
0.2055 0.08617205 0.07493982
0.206 0.08364957 0.07194072
0.2065 0.08116932 0.06898802
0.207 0.07873061 0.06608175
0.2075 0.0763328 0.06322189
0.208 0.07397524 0.060408473
0.2085 0.07165727 0.057641484
0.209 0.06937828 0.054920852
0.2095 0.06713763 0.052246474
0.21 0.06493471 0.049618267
0.2105 0.06276891 0.04703611
0.211 0.06063963 0.044499815
0.2115 0.05854628 0.04200925
0.212 0.05648826 0.039564185
0.2125 0.05446502 0.037164398
0.213 0.05247596 0.03480965
0.2135 0.05052055 0.03249965
0.214 0.04859821 0.030234138
0.2145 0.04670842 0.02801278
0.215 0.04485062 0.02583523
0.2155 0.0430243 0.02370114
0.216 0.04122893 0.021610158
0.2165 0.03946399 0.019561874
0.217 0.03772898 0.017555887
0.2175 0.03602341 0.015591765
0.218 0.03434677 0.01366909
0.2185 0.03269858 0.011787342
0.219 0.03107838 0.009946132
0.2195 0.02948568 0.008144932
0.22 0.02792003 0.006383246
0.2205 0.02638097 0.0046605896
0.221 0.02486805 0.0029764418
0.2215 0.02338084 0.0013302658
0.222 0.02191889 -0.00027848594
0.2225 0.02048178 -0.0018503498
0.223 0.01906909 -0.0033858623
0.2235 0.0176804 -0.0048855897
0.224 0.01631532 -0.0063500907
0.2245 0.01497342 -0.007779924
0.225 0.01365433 -0.009175682
0.2255 0.01235765 -0.010537913
0.226 0.01108301 -0.011867223
0.2265 0.009830013 -0.013164168
0.227 0.008598305 -0.014429336
0.2275 0.007387519 -0.015663302
0.228 0.006197295 -0.016866622
0.2285 0.005027283 -0.018039918
0.229 0.003877136 -0.019183738
0.2295 0.002746513 -0.020298658
0.23 0.00163508 -0.021385266
0.2305 0.0005425072 -0.022444105
0.231 -0.0005315296 -0.023475764
0.2315 -0.001587349 -0.024480795
0.232 -0.002625263 -0.025459742
0.2325 -0.003645582 -0.026413178
0.233 -0.004648606 -0.027341647
0.2335 -0.005634635 -0.028245693
0.234 -0.006603961 -0.029125853
0.2345 -0.007556871 -0.02998264
0.235 -0.008493649 -0.030816576
0.2355 -0.009414573 -0.031628214
0.236 -0.01031992 -0.032418042
0.2365 -0.01120995 -0.03318654
0.237 -0.01208493 -0.033934243
0.2375 -0.01294513 -0.03466162
0.238 -0.01379079 -0.035369173
0.2385 -0.01462217 -0.03605736
0.239 -0.01543952 -0.036726654
0.2395 -0.01624308 -0.037377514
0.24 -0.01703308 -0.03801039
0.2405 -0.01780976 -0.038625717
0.241 -0.01857335 -0.039223924
0.2415 -0.01932408 -0.039805457
0.242 -0.02006216 -0.040370747
0.2425 -0.02078783 -0.040920183
0.243 -0.02150129 -0.041454166
0.2435 -0.02220275 -0.04197313
0.244 -0.02289242 -0.042477414
0.2445 -0.0235705 -0.042967416
0.245 -0.0242372 -0.043443516
0.2455 -0.02489271 -0.043906063
0.246 -0.02553723 -0.044355422
0.2465 -0.02617094 -0.044791937
0.247 -0.02679403 -0.045215935
0.2475 -0.02740669 -0.045627788
0.248 -0.02800909 -0.04602784
0.2485 -0.02860141 -0.04641632
0.249 -0.02918383 -0.04679358
0.2495 -0.02975652 -0.047159955
0.25 -0.03031964 -0.047515735
0.2505 -0.03087337 -0.047861196
0.251 -0.03141785 -0.04819663
0.2515 -0.03195326 -0.04852228
0.252 -0.03247975 -0.048838444
0.2525 -0.03299747 -0.0491454
0.253 -0.03350657 -0.049443357
0.2535 -0.0340072 -0.04973259
0.254 -0.03449951 -0.05001337
0.2545 -0.03498365 -0.0502859
0.255 -0.03545974 -0.050550416
0.2555 -0.03592794 -0.05080714
0.256 -0.03638837 -0.051056318
0.2565 -0.03684117 -0.05129815
0.257 -0.03728648 -0.051532835
0.2575 -0.03772441 -0.051760577
0.258 -0.0381551 -0.05198159
0.2585 -0.03857867 -0.05219607
0.259 -0.03899524 -0.052404165
0.2595 -0.03940494 -0.052606113
0.26 -0.03980788 -0.05280204
0.2605 -0.04020417 -0.05299215
0.261 -0.04059394 -0.05317661
0.2615 -0.04097729 -0.053355567
0.262 -0.04135433 -0.053529188
0.2625 -0.04172517 -0.05369763
0.263 -0.04208993 -0.05386106
0.2635 -0.04244869 -0.05401957
0.264 -0.04280156 -0.054173365
0.2645 -0.04314865 -0.054322556
0.265 -0.04349005 -0.054467283
0.2655 -0.04382586 -0.054607674
0.266 -0.04415618 -0.054743856
0.2665 -0.0444811 -0.054875955
0.267 -0.04480071 -0.055004083
0.2675 -0.04511509 -0.05512836
0.268 -0.04542435 -0.055248894
0.2685 -0.04572857 -0.055365823
0.269 -0.04602783 -0.05547922
0.2695 -0.04632222 -0.055589184
0.27 -0.04661182 -0.055695884
0.2705 -0.04689671 -0.05579935
0.271 -0.04717698 -0.055899672
0.2715 -0.04745269 -0.055996984
0.272 -0.04772393 -0.056091383
0.2725 -0.04799077 -0.0561829
0.273 -0.0482533 -0.05627168
0.2735 -0.04851157 -0.05635777
0.274 -0.04876566 -0.056441233
0.2745 -0.04901565 -0.056522198
0.275 -0.0492616 -0.056600697
0.2755 -0.04950359 -0.056676835
0.276 -0.04974167 -0.056750663
0.2765 -0.04997591 -0.056822248
0.277 -0.05020638 -0.056891687
0.2775 -0.05043314 -0.05695901
0.278 -0.05065626 -0.057024293
0.2785 -0.0508758 -0.057087608
0.279 -0.0510918 -0.057148978
0.2795 -0.05130435 -0.0572085
0.28 -0.05151349 -0.057266228
0.2805 -0.05171927 -0.057322167
0.281 -0.05192177 -0.057376422
0.2815 -0.05212102 -0.057429045
0.282 -0.05231709 -0.057480074
0.2825 -0.05251003 -0.057529546
0.283 -0.0526999 -0.057577506
0.2835 -0.05288673 -0.057624012
0.284 -0.05307059 -0.057669103
0.2845 -0.05325152 -0.05771281
0.285 -0.05342958 -0.057755202
0.2855 -0.0536048 -0.057796314
0.286 -0.05377724 -0.05783619
0.2865 -0.05394694 -0.057874814
0.287 -0.05411396 -0.057912275
0.2875 -0.05427832 -0.057948597
0.288 -0.05444009 -0.05798381
0.2885 -0.05459929 -0.058017947
0.289 -0.05475598 -0.058051057
0.2895 -0.05491019 -0.05808314
0.29 -0.05506197 -0.058114275
0.2905 -0.05521135 -0.058144435
0.291 -0.05535838 -0.05817368
0.2915 -0.0555031 -0.058202036
0.292 -0.05564554 -0.058229536
0.2925 -0.05578574 -0.058256187
0.293 -0.05592373 -0.058282018
0.2935 -0.05605956 -0.058307067
0.294 -0.05619326 -0.058331363
0.2945 -0.05632486 -0.05835493
0.295 -0.0564544 -0.058377773
0.2955 -0.05658192 -0.0583999
0.296 -0.05670744 -0.05842136
0.2965 -0.056831 -0.058442168
0.297 -0.05695263 -0.058462337
0.2975 -0.05707236 -0.058481894
0.298 -0.05719023 -0.05850085
0.2985 -0.05730626 -0.058519237
0.299 -0.05742048 -0.05853705
0.2995 -0.05753293 -0.05855432
0.3 -0.05764363 -0.058571063
0.3005 -0.05775261 -0.05858732
0.301 -0.0578599 -0.05860304
0.3015 -0.05796553 -0.058618307
0.302 -0.05806952 -0.05863311
0.3025 -0.0581719 -0.058647454
0.303 -0.05827269 -0.05866135
0.3035 -0.05837193 -0.058674812
0.304 -0.05846964 -0.05868788
0.3045 -0.05856583 -0.058700554
0.305 -0.05866055 -0.058712833
0.3055 -0.0587538 -0.058724754
0.306 -0.05884562 -0.058736295
0.3065 -0.05893603 -0.058747485
0.307 -0.05902505 -0.058758326
0.3075 -0.0591127 -0.05876884
0.308 -0.059199 -0.05877903
0.3085 -0.05928398 -0.058788918
0.309 -0.05936766 -0.0587985
0.3095 -0.05945005 -0.058807775
0.31 -0.05953119 -0.058816798
0.3105 -0.05961108 -0.058825523
0.311 -0.05968976 -0.058833987
0.3115 -0.05976723 -0.058842175
0.312 -0.05984352 -0.058850132
0.3125 -0.05991865 -0.058857836
0.313 -0.05999263 -0.05886531
0.3135 -0.06006549 -0.05887256
0.314 -0.06013724 -0.058879584
0.3145 -0.0602079 -0.058886394
0.315 -0.06027749 -0.058893003
0.3155 -0.06034602 -0.058899403
0.316 -0.06041351 -0.0589056
0.3165 -0.06047998 -0.058911614
0.317 -0.06054544 -0.058917455
0.3175 -0.06060991 -0.058923103
0.318 -0.06067341 -0.05892858
0.3185 -0.06073594 -0.058933884
0.319 -0.06079754 -0.058939047
0.3195 -0.0608582 -0.058944054
0.32 -0.06091795 -0.058948897
0.3205 -0.0609768 -0.05895359
0.321 -0.06103477 -0.058958113
0.3215 -0.06109186 -0.058962516
0.322 -0.06114809 -0.058966793
0.3225 -0.06120348 -0.05897093
0.323 -0.06125804 -0.05897495
0.3235 -0.06131178 -0.05897884
0.324 -0.06136472 -0.05898261
0.3245 -0.06141686 -0.058986276
0.325 -0.06146823 -0.05898983
0.3255 -0.06151882 -0.058993258
0.326 -0.06156866 -0.058996595
0.3265 -0.06161776 -0.05899983
0.327 -0.06166612 -0.05900296
0.3275 -0.06171376 -0.059005998
0.328 -0.06176069 -0.059008934
0.3285 -0.06180693 -0.059011787
0.329 -0.06185247 -0.059014544
0.3295 -0.06189734 -0.05901724
0.33 -0.06194154 -0.059019834
0.3305 -0.06198509 -0.059022352
0.331 -0.06202799 -0.059024796
0.3315 -0.06207026 -0.059027158
0.332 -0.06211189 -0.059029453
0.3325 -0.06215292 -0.059031695
0.333 -0.06219333 -0.05903385
0.3335 -0.06223315 -0.059035935
0.334 -0.06227238 -0.05903796
0.3345 -0.06231103 -0.05903992
0.335 -0.06234911 -0.059041828
0.3355 -0.06238663 -0.059043676
0.336 -0.0624236 -0.059045464
0.3365 -0.06246002 -0.059047192
0.337 -0.06249591 -0.059048876
0.3375 -0.06253127 -0.0590505
0.338 -0.06256611 -0.059052072
0.3385 -0.06260044 -0.059053607
0.339 -0.06263427 -0.05905509
0.3395 -0.0626676 -0.059056535
0.34 -0.06270044 -0.059057936
0.3405 -0.0627328 -0.059059285
0.341 -0.06276469 -0.05906061
0.3415 -0.06279611 -0.059061877
0.342 -0.06282707 -0.059063092
0.3425 -0.06285758 -0.05906429
0.343 -0.06288765 -0.05906546
0.3435 -0.06291728 -0.059066586
0.344 -0.06294647 -0.059067667
0.3445 -0.06297524 -0.05906871
0.345 -0.0630036 -0.059069753
0.3455 -0.06303154 -0.059070744
0.346 -0.06305907 -0.059071705
0.3465 -0.06308621 -0.05907265
0.347 -0.06311295 -0.059073545
0.3475 -0.0631393 -0.059074417
0.348 -0.06316527 -0.05907526
0.3485 -0.06319087 -0.059076086
0.349 -0.06321609 -0.05907689
0.3495 -0.06324095 -0.059077673
0.35 -0.06326545 -0.059078418
0.3505 -0.0632896 -0.059079148
0.351 -0.0633134 -0.059079833
0.3515 -0.06333685 -0.05908054
0.352 -0.06335997 -0.05908119
0.3525 -0.06338275 -0.059081815
0.353 -0.06340521 -0.05908245
0.3535 -0.06342734 -0.059083052
0.354 -0.06344915 -0.05908364
0.3545 -0.06347066 -0.059084207
0.355 -0.06349185 -0.05908476
0.3555 -0.06351274 -0.059085287
0.356 -0.06353332 -0.0590858
0.3565 -0.06355362 -0.059086315
0.357 -0.06357362 -0.059086792
0.3575 -0.06359334 -0.059087254
0.358 -0.06361277 -0.05908771
0.3585 -0.06363193 -0.05908815
0.359 -0.06365081 -0.059088573
0.3595 -0.06366942 -0.059089012
0.36 -0.06368777 -0.0590894
0.3605 -0.06370586 -0.059089795
0.361 -0.06372368 -0.05909019
0.3615 -0.06374126 -0.05909054
0.362 -0.06375858 -0.059090897
0.3625 -0.06377566 -0.059091233
0.363 -0.06379249 -0.059091575
0.3635 -0.06380909 -0.059091896
0.364 -0.06382545 -0.059092224
0.3645 -0.06384157 -0.059092537
0.365 -0.06385747 -0.059092827
0.3655 -0.06387315 -0.059093118
0.366 -0.0638886 -0.059093386
0.3665 -0.06390383 -0.059093647
0.367 -0.06391884 -0.059093915
0.3675 -0.06393365 -0.05909416
0.368 -0.06394824 -0.0590944
0.3685 -0.06396263 -0.059094638
0.369 -0.06397682 -0.05909487
0.3695 -0.0639908 -0.059095092
0.37 -0.06400459 -0.059095323
0.3705 -0.06401818 -0.05909554
0.371 -0.06403158 -0.059095733
0.3715 -0.0640448 -0.059095934
0.372 -0.06405782 -0.05909612
0.3725 -0.06407067 -0.059096307
0.373 -0.06408333 -0.059096485
0.3735 -0.06409582 -0.059096664
0.374 -0.06410813 -0.059096836
0.3745 -0.06412026 -0.059096992
0.375 -0.06413223 -0.059097156
0.3755 -0.06414403 -0.059097283
0.376 -0.06415567 -0.059097454
0.3765 -0.06416714 -0.05909758
0.377 -0.06417845 -0.05909773
0.3775 -0.0641896 -0.05909788
0.378 -0.0642006 -0.05909802
0.3785 -0.06421144 -0.05909814
0.379 -0.06422213 -0.05909826
0.3795 -0.06423267 -0.059098385
0.38 -0.06424307 -0.05909849
0.3805 -0.06425332 -0.0590986
0.381 -0.06426342 -0.05909872
0.3815 -0.06427339 -0.059098832
0.382 -0.06428322 -0.05909893
0.3825 -0.06429291 -0.05909901
0.383 -0.06430246 -0.059099115
0.3835 -0.06431189 -0.059099205
0.384 -0.06432118 -0.059099294
0.3845 -0.06433034 -0.059099384
0.385 -0.06433938 -0.059099466
0.3855 -0.06434829 -0.059099548
0.386 -0.06435708 -0.05909963
0.3865 -0.06436574 -0.05909971
0.387 -0.06437429 -0.05909978
0.3875 -0.06438271 -0.05909986
0.388 -0.06439102 -0.05909992
0.3885 -0.06439922 -0.059099995
0.389 -0.0644073 -0.05910007
0.3895 -0.06441527 -0.05910012
0.39 -0.06442313 -0.059100196
0.3905 -0.06443088 -0.059100255
0.391 -0.06443853 -0.0591003
0.3915 -0.06444607 -0.059100352
0.392 -0.0644535 -0.05910041
0.3925 -0.06446084 -0.05910047
0.393 -0.06446807 -0.059100524
0.3935 -0.0644752 -0.059100583
0.394 -0.06448223 -0.059100643
0.3945 -0.06448917 -0.059100673
0.395 -0.06449601 -0.059100717
0.3955 -0.06450276 -0.059100755
0.396 -0.06450942 -0.059100807
0.3965 -0.06451598 -0.059100866
0.397 -0.06452246 -0.059100896
0.3975 -0.06452884 -0.059100933
0.398 -0.06453514 -0.059100963
0.3985 -0.06454135 -0.059101008
0.399 -0.06454748 -0.059101038
0.3995 -0.06455352 -0.059101075
0.4 -0.06455948 -0.059101105
0.4005 -0.06456536 -0.059101142
0.401 -0.06457115 -0.05910117
0.4015 -0.06457687 -0.059101194
0.402 -0.06458251 -0.059101224
0.4025 -0.06458808 -0.059101254
0.403 -0.06459357 -0.0591013
0.4035 -0.06459898 -0.05910132
0.404 -0.06460432 -0.059101358
0.4045 -0.06460958 -0.05910138
0.405 -0.06461478 -0.059101395
0.4055 -0.0646199 -0.059101418
0.406 -0.06462495 -0.059101418
0.4065 -0.06462994 -0.05910144
0.407 -0.06463486 -0.059101462
0.4075 -0.06463971 -0.059101485
0.408 -0.06464449 -0.059101507
0.4085 -0.06464921 -0.059101522
0.409 -0.06465387 -0.059101537
0.4095 -0.06465846 -0.05910155
0.41 -0.06466299 -0.059101574
0.4105 -0.06466746 -0.05910159
0.411 -0.06467187 -0.05910159
0.4115 -0.06467621 -0.05910162
0.412 -0.0646805 -0.059101634
0.4125 -0.06468474 -0.059101664
0.413 -0.06468891 -0.059101693
0.4135 -0.06469303 -0.059101693
0.414 -0.06469709 -0.059101716
0.4145 -0.0647011 -0.059101716
0.415 -0.06470505 -0.059101723
0.4155 -0.06470895 -0.059101738
0.416 -0.06471279 -0.05910176
0.4165 -0.06471659 -0.059101775
0.417 -0.06472033 -0.059101783
0.4175 -0.06472403 -0.059101798
0.418 -0.06472767 -0.059101798
0.4185 -0.06473126 -0.059101813
0.419 -0.06473481 -0.05910182
0.4195 -0.06473831 -0.059101835
0.42 -0.06474176 -0.059101835
0.4205 -0.06474516 -0.059101857
0.421 -0.06474852 -0.059101857
0.4215 -0.06475183 -0.059101857
0.422 -0.0647551 -0.059101872
0.4225 -0.06475833 -0.05910188
0.423 -0.06476151 -0.059101894
0.4235 -0.06476465 -0.059101887
0.424 -0.06476775 -0.059101894
0.4245 -0.0647708 -0.059101894
0.425 -0.06477382 -0.059101902
0.4255 -0.06477679 -0.059101902
0.426 -0.06477972 -0.059101917
0.4265 -0.06478262 -0.059101917
0.427 -0.06478547 -0.05910193
0.4275 -0.06478829 -0.05910193
0.428 -0.06479107 -0.05910194
0.4285 -0.06479381 -0.059101947
0.429 -0.06479652 -0.059101954
0.4295 -0.06479919 -0.059101954
0.43 -0.06480182 -0.05910196
0.4305 -0.06480442 -0.05910196
0.431 -0.06480699 -0.05910196
0.4315 -0.06480952 -0.05910196
0.432 -0.06481201 -0.05910197
0.4325 -0.06481448 -0.059101976
0.433 -0.06481691 -0.059101976
0.4335 -0.06481931 -0.059101984
0.434 -0.06482167 -0.059101984
0.4345 -0.06482401 -0.059101984
0.435 -0.06482631 -0.05910199
0.4355 -0.06482858 -0.05910199
0.436 -0.06483082 -0.059102
0.4365 -0.06483304 -0.059102
0.437 -0.06483522 -0.059102
0.4375 -0.06483737 -0.059102
0.438 -0.0648395 -0.059102
0.4385 -0.06484159 -0.059102
0.439 -0.06484366 -0.059102
0.4395 -0.0648457 -0.059102
0.44 -0.06484772 -0.059102
0.4405 -0.06484971 -0.059102
0.441 -0.06485167 -0.059102
0.4415 -0.0648536 -0.059102
0.442 -0.06485551 -0.059102
0.4425 -0.0648574 -0.059102
0.443 -0.06485926 -0.059102
0.4435 -0.06486109 -0.059102
0.444 -0.0648629 -0.059102
0.4445 -0.06486469 -0.059102
0.445 -0.06486645 -0.059102
0.4455 -0.06486819 -0.059102
0.446 -0.06486991 -0.059102
0.4465 -0.0648716 -0.059102
0.447 -0.06487327 -0.059102
0.4475 -0.06487492 -0.059102
0.448 -0.06487655 -0.059102
0.4485 -0.06487815 -0.059102
0.449 -0.06487974 -0.059102
0.4495 -0.0648813 -0.059102
0.45 -0.06488285 -0.059102
0.4505 -0.06488437 -0.059102
0.451 -0.06488587 -0.059102
0.4515 -0.06488735 -0.059102
0.452 -0.06488882 -0.059102
0.4525 -0.06489026 -0.059102
0.453 -0.06489169 -0.059102
0.4535 -0.06489309 -0.059102
0.454 -0.06489448 -0.059102
0.4545 -0.06489585 -0.059102
0.455 -0.0648972 -0.059102
0.4555 -0.06489853 -0.059102
0.456 -0.06489985 -0.059102
0.4565 -0.06490115 -0.059102
0.457 -0.06490243 -0.059102
0.4575 -0.0649037 -0.059102
0.458 -0.06490494 -0.059102
0.4585 -0.06490618 -0.059102
0.459 -0.06490739 -0.059102
0.4595 -0.06490859 -0.059102
0.46 -0.06490977 -0.059102
0.4605 -0.06491094 -0.059102
0.461 -0.0649121 -0.059102
0.4615 -0.06491323 -0.059102
0.462 -0.06491436 -0.059102
0.4625 -0.06491546 -0.059102
0.463 -0.06491656 -0.059102
0.4635 -0.06491764 -0.059102
0.464 -0.0649187 -0.059102
0.4645 -0.06491975 -0.059102
0.465 -0.06492079 -0.059102
0.4655 -0.06492181 -0.059102
0.466 -0.06492282 -0.059102
0.4665 -0.06492382 -0.059102
0.467 -0.06492481 -0.059102
0.4675 -0.06492578 -0.059102
0.468 -0.06492674 -0.059102
0.4685 -0.06492768 -0.059102
0.469 -0.06492861 -0.059102
0.4695 -0.06492954 -0.059102
0.47 -0.06493045 -0.059102
0.4705 -0.06493134 -0.059102
0.471 -0.06493223 -0.059102
0.4715 -0.0649331 -0.059102
0.472 -0.06493397 -0.059102
0.4725 -0.06493482 -0.059102
0.473 -0.06493566 -0.059102
0.4735 -0.06493649 -0.059102
0.474 -0.06493731 -0.059102
0.4745 -0.06493811 -0.059102
0.475 -0.06493891 -0.059102
0.4755 -0.0649397 -0.059102
0.476 -0.06494047 -0.059102
0.4765 -0.06494124 -0.059102
0.477 -0.064942 -0.059102
0.4775 -0.06494274 -0.059102
0.478 -0.06494348 -0.059102
0.4785 -0.06494421 -0.059102
0.479 -0.06494493 -0.059102
0.4795 -0.06494564 -0.059102
0.48 -0.06494633 -0.059102
0.4805 -0.06494702 -0.059102
0.481 -0.06494771 -0.059102
0.4815 -0.06494838 -0.059102
0.482 -0.06494904 -0.059102
0.4825 -0.0649497 -0.059102
0.483 -0.06495034 -0.059102
0.4835 -0.06495098 -0.059102
0.484 -0.06495161 -0.059102
0.4845 -0.06495223 -0.059102
0.485 -0.06495285 -0.059102
0.4855 -0.06495345 -0.059102
0.486 -0.06495405 -0.059102
0.4865 -0.06495464 -0.059102
0.487 -0.06495522 -0.059102
0.4875 -0.0649558 -0.059102
0.488 -0.06495637 -0.059102
0.4885 -0.06495692 -0.059102
0.489 -0.06495748 -0.059102
0.4895 -0.06495802 -0.059102
0.49 -0.06495856 -0.059102
0.4905 -0.06495909 -0.059102
0.491 -0.06495962 -0.059102
0.4915 -0.06496014 -0.059102
0.492 -0.06496065 -0.059102
0.4925 -0.06496115 -0.059102
0.493 -0.06496165 -0.059102
0.4935 -0.06496214 -0.059102
0.494 -0.06496263 -0.059102
0.4945 -0.0649631 -0.059102
0.495 -0.06496358 -0.059102
0.4955 -0.06496404 -0.059102
0.496 -0.0649645 -0.059102
0.4965 -0.06496496 -0.059102
0.497 -0.06496541 -0.059102
0.4975 -0.06496585 -0.059102
0.498 -0.06496629 -0.059102
0.4985 -0.06496672 -0.059102
0.499 -0.06496715 -0.059102
0.4995 -0.06496757 -0.059102
