0.0 -0.065 -0.045576304
0.0005 -0.065 -0.060490496
0.001 -0.065 -0.069981225
0.0015 -0.065 -0.07580965
0.002 -0.065 -0.07919862
0.0025 -0.065 -0.08097544
0.003 -0.065 -0.08169478
0.0035 -0.065 -0.08172765
0.004 -0.065 -0.08132231
0.0045 -0.065 -0.080645084
0.005 -0.065 -0.07980743
0.0055 -0.065 -0.078884
0.006 -0.065 -0.07792464
0.0065 -0.065 -0.076962285
0.007 -0.065 -0.07601848
0.0075 -0.065 -0.075106874
0.008 -0.065 -0.074235775
0.0085 -0.065 -0.07340981
0.009 -0.065 -0.072631
0.0095 -0.065 -0.07189977
0.01 -0.065 -0.07121526
0.0105 -0.065 -0.07057592
0.011 -0.065 -0.0699797
0.0115 -0.065 -0.06942425
0.012 -0.065 -0.06890707
0.0125 -0.065 -0.0684256
0.013 -0.065 -0.067977354
0.0135 -0.065 -0.06755986
0.014 -0.065 -0.067170754
0.0145 -0.065 -0.06680779
0.015 -0.065 -0.06646887
0.0155 -0.065 -0.06615206
0.016 -0.065 -0.06585544
0.0165 -0.065 -0.06557743
0.017 -0.065 -0.06531642
0.0175 -0.065 -0.06507097
0.018 -0.065 -0.06483981
0.0185 -0.065 -0.06462174
0.019 -0.065 -0.06441564
0.0195 -0.065 -0.0642206
0.02 -0.065 -0.064035684
0.0205 -0.065 -0.063860096
0.021 -0.065 -0.06369311
0.0215 -0.065 -0.06353406
0.022 -0.065 -0.06338236
0.0225 -0.065 -0.06323748
0.023 -0.065 -0.06309892
0.0235 -0.065 -0.062966265
0.024 -0.065 -0.062839106
0.0245 -0.065 -0.062717065
0.025 -0.065 -0.06259986
0.0255 -0.065 -0.062487178
0.026 -0.065 -0.06237875
0.0265 -0.065 -0.06227435
0.027 -0.065 -0.062173717
0.0275 -0.065 -0.06207668
0.028 -0.065 -0.061983086
0.0285 -0.065 -0.061892718
0.029 -0.065 -0.06180545
0.0295 -0.065 -0.061721124
0.03 -0.065 -0.06163962
0.0305 -0.065 -0.061560832
0.031 -0.065 -0.061484605
0.0315 -0.065 -0.061410867
0.032 -0.065 -0.061339505
0.0325 -0.065 -0.061270446
0.033 -0.065 -0.061203554
0.0335 -0.065 -0.0611388
0.034 -0.065 -0.061076097
0.0345 -0.065 -0.061015382
0.035 -0.065 -0.06095656
0.0355 -0.065 -0.060899578
0.036 -0.065 -0.060844347
0.0365 -0.065 -0.06079085
0.037 -0.065 -0.06073901
0.0375 -0.065 -0.06068878
0.038 -0.065 -0.060640104
0.0385 -0.065 -0.060592927
0.039 -0.065 -0.06054721
0.0395 -0.065 -0.060502894
0.04 -0.065 -0.06045994
0.0405 -0.065 -0.060418338
0.041 -0.065 -0.060377993
0.0415 -0.065 -0.060338892
0.042 -0.065 -0.060300983
0.0425 -0.065 -0.060264237
0.043 -0.065 -0.06022861
0.0435 -0.065 -0.060194083
0.044 -0.065 -0.060160622
0.0445 -0.065 -0.060128182
0.045 -0.065 -0.06009674
0.0455 -0.065 -0.06006626
0.046 -0.065 -0.06003672
0.0465 -0.065 -0.060008086
0.047 -0.065 -0.059980325
0.0475 -0.065 -0.059953414
0.048 -0.065 -0.059927337
0.0485 -0.065 -0.059902042
0.049 -0.065 -0.05987753
0.0495 -0.065 -0.059853792
0.05 -0.065 -0.059830762
0.0505 -0.065 -0.059808426
0.051 -0.065 -0.05978679
0.0515 -0.065 -0.059765793
0.052 -0.065 -0.059745446
0.0525 -0.065 -0.05972574
0.053 -0.065 -0.059706636
0.0535 -0.065 -0.059688136
0.054 -0.065 -0.059670165
0.0545 -0.065 -0.059652776
0.055 -0.065 -0.059635907
0.0555 -0.065 -0.05961956
0.056 -0.065 -0.05960369
0.0565 -0.065 -0.059588328
0.057 -0.065 -0.059573434
0.0575 -0.065 -0.05955898
0.058 -0.065 -0.059544995
0.0585 -0.065 -0.05953142
0.059 -0.065 -0.059518293
0.0595 -0.065 -0.059505545
0.06 -0.065 -0.05949319
0.0605 -0.065 -0.059481204
0.061 -0.065 -0.059469596
0.0615 -0.065 -0.05945836
0.062 -0.065 -0.059447438
0.0625 -0.065 -0.05943688
0.063 -0.065 -0.059426636
0.0635 -0.065 -0.059416674
0.064 -0.065 -0.059407033
0.0645 -0.065 -0.059397697
0.065 -0.065 -0.059388652
0.0655 -0.065 -0.05937987
0.066 -0.065 -0.05937136
0.0665 -0.065 -0.05936311
0.067 -0.065 -0.059355125
0.0675 -0.065 -0.059347376
0.068 -0.065 -0.05933986
0.0685 -0.065 -0.059332594
0.069 -0.065 -0.059325524
0.0695 -0.065 -0.059318684
0.07 -0.065 -0.059312053
0.0705 -0.065 -0.05930563
0.071 -0.065 -0.059299402
0.0715 -0.065 -0.059293367
0.072 -0.065 -0.059287503
0.0725 -0.065 -0.059281826
0.073 -0.065 -0.059276327
0.0735 -0.065 -0.059271
0.074 -0.065 -0.05926583
0.0745 -0.065 -0.059260815
0.075 -0.065 -0.059255965
0.0755 -0.065 -0.05925125
0.076 -0.065 -0.059246674
0.0765 -0.065 -0.059242234
0.077 -0.065 -0.059237957
0.0775 -0.065 -0.0592338
0.078 -0.065 -0.05922976
0.0785 -0.065 -0.059225865
0.079 -0.065 -0.059222072
0.0795 -0.065 -0.059218407
0.08 -0.065 -0.059214845
0.0805 -0.065 -0.059211403
0.081 -0.065 -0.05920805
0.0815 -0.065 -0.059204802
0.082 -0.065 -0.05920165
0.0825 -0.065 -0.05919861
0.083 -0.065 -0.05919566
0.0835 -0.065 -0.05919279
0.084 -0.065 -0.05919002
0.0845 -0.065 -0.059187345
0.085 -0.065 -0.05918473
0.0855 -0.065 -0.05918221
0.086 -0.065 -0.059179753
0.0865 -0.065 -0.05917739
0.087 -0.065 -0.059175067
0.0875 -0.065 -0.059172854
0.088 -0.065 -0.059170686
0.0885 -0.065 -0.059168585
0.089 -0.065 -0.059166558
0.0895 -0.065 -0.05916459
0.09 -0.065 -0.059162676
0.0905 -0.065 -0.05916082
0.091 -0.065 -0.059159026
0.0915 -0.065 -0.059157282
0.092 -0.065 -0.0591556
0.0925 -0.065 -0.059153967
0.093 -0.065 -0.05915238
0.0935 -0.065 -0.059150837
0.094 -0.065 -0.059149347
0.0945 -0.065 -0.0591479
0.095 -0.065 -0.0591465
0.0955 -0.065 -0.059145138
0.096 -0.065 -0.05914382
0.0965 -0.065 -0.05914253
0.097 -0.065 -0.0591413
0.0975 -0.065 -0.0591401
0.098 -0.065 -0.05913894
0.0985 -0.065 -0.05913783
0.099 -0.065 -0.059136726
0.0995 -0.065 -0.059135668
0.1 -0.065 -0.05677954
0.1005 -0.04842002 -0.05233924
0.101 -0.03041441 -0.046065636
0.1015 -0.01554058 -0.038221784
0.102 -0.002683864 -0.029055124
0.1025 0.009246408 -0.018787878
0.103 0.02080325 -0.007615193
0.1035 0.0322654 0.0042937472
0.104 0.04373207 0.016793216
0.1045 0.05515523 0.029758194
0.105 0.06660326 0.043081567
0.1055 0.0781241 0.056671783
0.106 0.08969852 0.07045067
0.1065 0.1012944 0.08435143
0.107 0.1128987 0.0983169
0.1075 0.1245012 0.11229865
0.108 0.1360905 0.12625524
0.1085 0.1476539 0.14015147
0.109 0.1591644 0.15395734
0.1095 0.1705962 0.1676476
0.11 0.1819526 0.18120086
0.1105 0.1932398 0.19459912
0.111 0.2044604 0.20782745
0.1115 0.2156133 0.22087327
0.112 0.2266947 0.23372632
0.1125 0.2376994 0.24637824
0.113 0.2486219 0.2588224
0.1135 0.2594575 0.27105352
0.114 0.2702012 0.28306764
0.1145 0.2808488 0.29486182
0.115 0.2913963 0.30643415
0.1155 0.3018369 0.31778353
0.116 0.3121692 0.32890967
0.1165 0.3223937 0.33981258
0.117 0.3325092 0.35049316
0.1175 0.3425089 0.3609527
0.118 0.3523839 0.37119287
0.1185 0.3621433 0.38121554
0.119 0.3717924 0.39102316
0.1195 0.3813314 0.40061828
0.12 0.3907587 0.4180818
0.1205 0.3834971 0.43021965
0.121 0.3746693 0.43810278
0.1215 0.3687631 0.44261155
0.122 0.364742 0.44446045
0.1225 0.3615396 0.4442241
0.123 0.3585821 0.44236186
0.1235 0.3556142 0.4392396
0.124 0.3525369 0.4351478
0.1245 0.3493197 0.43031678
0.125 0.3459602 0.4249288
0.1255 0.3424667 0.41912767
0.126 0.3388506 0.41302672
0.1265 0.3351243 0.4067147
0.127 0.3312996 0.40026113
0.1275 0.3273876 0.39372018
0.128 0.3233987 0.3871336
0.1285 0.3193423 0.3805336
0.129 0.315227 0.3739446
0.1295 0.3110582 0.36738533
0.13 0.3068451 0.3608695
0.1305 0.3025965 0.35440752
0.131 0.2983192 0.34800658
0.1315 0.2940186 0.34167203
0.132 0.2896986 0.33540735
0.1325 0.2853644 0.32921487
0.133 0.2810218 0.32309577
0.1335 0.2766752 0.31705078
0.134 0.2723284 0.31107983
0.1345 0.2679849 0.30518255
0.135 0.263648 0.29935837
0.1355 0.2593209 0.2936063
0.136 0.2550064 0.28792536
0.1365 0.2507073 0.28231442
0.137 0.246426 0.27677226
0.1375 0.2421649 0.27129772
0.138 0.2379263 0.26588944
0.1385 0.233712 0.26054624
0.139 0.229524 0.25526688
0.1395 0.225364 0.2500501
0.14 0.2212335 0.24489471
0.1405 0.217134 0.23979962
0.141 0.2130669 0.23476368
0.1415 0.2090333 0.22978583
0.142 0.2050344 0.22486502
0.1425 0.2010712 0.22000028
0.143 0.1971446 0.21519074
0.1435 0.1932555 0.21043548
0.144 0.1894045 0.20573373
0.1445 0.1855924 0.20108473
0.145 0.1818197 0.1964878
0.1455 0.1780871 0.19194229
0.146 0.1743949 0.18744758
0.1465 0.1707436 0.18300314
0.147 0.1671335 0.17860846
0.1475 0.1635649 0.17426316
0.148 0.1600381 0.16996685
0.1485 0.1565532 0.16571914
0.149 0.1531105 0.16151981
0.1495 0.14971 0.15736853
0.15 0.1463518 0.15326513
0.1505 0.1430358 0.14920942
0.151 0.1397623 0.1452013
0.1515 0.136531 0.14124058
0.152 0.1333419 0.13732721
0.1525 0.130195 0.1334611
0.153 0.12709 0.1296423
0.1535 0.1240269 0.12587075
0.154 0.1210056 0.12214643
0.1545 0.1180257 0.11846939
0.155 0.1150871 0.11483963
0.1555 0.1121895 0.111257195
0.156 0.1093328 0.10772213
0.1565 0.1065166 0.10423449
0.157 0.1037407 0.100794286
0.1575 0.1010047 0.09740163
0.158 0.09830836 0.09405649
0.1585 0.09565137 0.09075897
0.159 0.09303338 0.087509096
0.1595 0.09045405 0.08430686
0.16 0.08791303 0.081152305
0.1605 0.08540997 0.07804541
0.161 0.08294448 0.07498619
0.1615 0.08051621 0.07197461
0.162 0.07812476 0.06901064
0.1625 0.07576975 0.06609419
0.163 0.0734508 0.063225225
0.1635 0.0711675 0.060403652
0.164 0.06891946 0.05762936
0.1645 0.06670628 0.054902203
0.165 0.06452754 0.05222205
0.1655 0.06238285 0.049588755
0.166 0.06027179 0.047002092
0.1665 0.05819396 0.04446186
0.167 0.05614894 0.04196784
0.1675 0.05413632 0.03951978
0.168 0.05215569 0.037117444
0.1685 0.05020663 0.03476052
0.169 0.04828874 0.032448687
0.1695 0.04640161 0.030181648
0.17 0.04454481 0.027959036
0.1705 0.04271795 0.025780523
0.171 0.04092062 0.023645682
0.1715 0.03915241 0.021554152
0.172 0.03741292 0.019505503
0.1725 0.03570174 0.017499322
0.173 0.03401847 0.01553517
0.1735 0.03236273 0.013612585
0.174 0.03073411 0.011731068
0.1745 0.02913223 0.009890186
0.175 0.02755669 0.008089395
0.1755 0.02600711 0.0063282046
0.176 0.0244831 0.004606122
0.1765 0.02298429 0.0029226001
0.177 0.0215103 0.0012771133
0.1775 0.02006076 -0.00033089332
0.178 0.0186353 -0.00190196
0.1785 0.01723355 -0.0034366604
0.179 0.01585516 -0.0049355384
0.1795 0.01449976 -0.006399179
0.18 0.01316699 -0.007828144
0.1805 0.01185652 -0.009222982
0.181 0.01056799 -0.010584293
0.1815 0.009301065 -0.011912657
0.182 0.008055397 -0.013208663
0.1825 0.006830657 -0.0144729
0.183 0.005626513 -0.015705919
0.1835 0.004442638 -0.016908323
0.184 0.00327871 -0.018080672
0.1845 0.002134409 -0.019223554
0.185 0.001009422 -0.020337565
0.1855 -9.656211e-05 -0.021423263
0.186 -0.00118385 -0.022481201
0.1865 -0.002252745 -0.023511982
0.187 -0.003303545 -0.024516126
0.1875 -0.004336544 -0.025494216
0.188 -0.005352033 -0.026446803
0.1885 -0.006350298 -0.027374422
0.189 -0.007331623 -0.028277634
0.1895 -0.008296285 -0.029156974
0.19 -0.00924456 -0.03001297
0.1905 -0.01017672 -0.030846132
0.191 -0.01109303 -0.03165698
0.1915 -0.01199375 -0.032446057
0.192 -0.01287914 -0.033213824
0.1925 -0.01374946 -0.03396081
0.193 -0.01460496 -0.03468749
0.1935 -0.01544589 -0.035394326
0.194 -0.01627248 -0.036081843
0.1945 -0.01708499 -0.036750466
0.195 -0.01788365 -0.037400678
0.1955 -0.01866869 -0.038032897
0.196 -0.01944034 -0.038647607
0.1965 -0.02019883 -0.039245225
0.197 -0.02094437 -0.039826162
0.1975 -0.0216772 -0.040390886
0.198 -0.02239752 -0.040939763
0.1985 -0.02310555 -0.041473202
0.199 -0.0238015 -0.041991606
0.1995 -0.02448556 -0.04249537
0.2 -0.02515796 -0.04298486
0.2005 -0.02581887 -0.043460466
0.201 -0.0264685 -0.04392253
0.2015 -0.02710705 -0.044371426
0.202 -0.0277347 -0.0448075
0.2025 -0.02835163 -0.045231067
0.203 -0.02895804 -0.045642495
0.2035 -0.0295541 -0.0460421
0.204 -0.03014 -0.04643017
0.2045 -0.03071589 -0.046807066
0.205 -0.03128197 -0.047173075
0.2055 -0.03183838 -0.047528468
0.206 -0.03238532 -0.047873534
0.2065 -0.03292292 -0.048208594
0.207 -0.03345137 -0.048533894
0.2075 -0.03397081 -0.048849724
0.208 -0.03448139 -0.049156338
0.2085 -0.03498328 -0.049453966
0.209 -0.03547663 -0.049742892
0.2095 -0.03596157 -0.050023362
0.21 -0.03643826 -0.050295606
0.2105 -0.03690684 -0.05055984
0.211 -0.03736745 -0.05081629
0.2115 -0.03782022 -0.0510652
0.212 -0.0382653 -0.05130676
0.2125 -0.03870282 -0.051541217
0.213 -0.0391329 -0.051768705
0.2135 -0.03955567 -0.05198948
0.214 -0.03997127 -0.052203707
0.2145 -0.04037982 -0.0524116
0.215 -0.04078143 -0.052613303
0.2155 -0.04117624 -0.052809037
0.216 -0.04156435 -0.052998945
0.2165 -0.04194589 -0.05318319
0.217 -0.04232096 -0.053361945
0.2175 -0.04268969 -0.05353538
0.218 -0.04305217 -0.053703636
0.2185 -0.04340853 -0.05386687
0.219 -0.04375886 -0.05402524
0.2195 -0.04410326 -0.05417887
0.22 -0.04444186 -0.054327875
0.2205 -0.04477473 -0.054472446
0.221 -0.04510199 -0.05461268
0.2215 -0.04542372 -0.054748707
0.222 -0.04574004 -0.05488065
0.2225 -0.04605102 -0.055008642
0.223 -0.04635676 -0.05513279
0.2235 -0.04665736 -0.0552532
0.224 -0.0469529 -0.055369988
0.2245 -0.04724348 -0.055483267
0.225 -0.04752916 -0.055593133
0.2255 -0.04781005 -0.05569969
0.226 -0.04808623 -0.05580303
0.2265 -0.04835777 -0.055903263
0.227 -0.04862476 -0.05600047
0.2275 -0.04888727 -0.056094736
0.228 -0.04914538 -0.056186162
0.2285 -0.04939918 -0.056274824
0.229 -0.04964873 -0.05636082
0.2295 -0.0498941 -0.05644422
0.23 -0.05013538 -0.056525074
0.2305 -0.05037262 -0.05660349
0.231 -0.05060591 -0.056679554
0.2315 -0.05083531 -0.0567533
0.232 -0.05106088 -0.05682481
0.2325 -0.05128269 -0.05689417
0.233 -0.05150081 -0.056961417
0.2335 -0.0517153 -0.057026625
0.234 -0.05192623 -0.057089858
0.2345 -0.05213365 -0.05715117
0.235 -0.05233762 -0.057210617
0.2355 -0.05253822 -0.05726827
0.236 -0.05273548 -0.05732417
0.2365 -0.05292947 -0.05737838
0.237 -0.05312025 -0.05743093
0.2375 -0.05330788 -0.0574819
0.238 -0.0534924 -0.057531312
0.2385 -0.05367387 -0.05757922
0.239 -0.05385234 -0.057625674
0.2395 -0.05402787 -0.05767072
0.24 -0.0542005 -0.057714388
0.2405 -0.05437028 -0.057756737
0.241 -0.05453727 -0.057797782
0.2415 -0.05470151 -0.057837598
0.242 -0.05486304 -0.057876185
0.2425 -0.05502193 -0.05791361
0.243 -0.0551782 -0.057949886
0.2435 -0.0553319 -0.057985067
0.244 -0.05548309 -0.05801917
0.2445 -0.05563179 -0.058052234
0.245 -0.05577806 -0.0580843
0.2455 -0.05592194 -0.0581154
0.246 -0.05606346 -0.058145523
0.2465 -0.05620267 -0.058174744
0.247 -0.05633961 -0.058203064
0.2475 -0.05647431 -0.05823054
0.248 -0.05660681 -0.05825717
0.2485 -0.05673715 -0.05828297
0.249 -0.05686537 -0.05830799
0.2495 -0.05699151 -0.058332257
0.25 -0.05711559 -0.05835577
0.2505 -0.05723766 -0.058378585
0.251 -0.05735774 -0.058400705
0.2515 -0.05747588 -0.05842214
0.252 -0.0575921 -0.058442906
0.2525 -0.05770643 -0.05846306
0.253 -0.05781892 -0.058482595
0.2535 -0.05792958 -0.05850154
0.254 -0.05803846 -0.058519885
0.2545 -0.05814558 -0.058537684
0.255 -0.05825097 -0.058554947
0.2555 -0.05835466 -0.058571674
0.256 -0.05845668 -0.05858791
0.2565 -0.05855705 -0.058603615
0.257 -0.05865581 -0.058618866
0.2575 -0.05875298 -0.058633633
0.258 -0.05884859 -0.05864796
0.2585 -0.05894267 -0.05866185
0.259 -0.05903523 -0.058675304
0.2595 -0.05912632 -0.058688357
0.26 -0.05921594 -0.058701023
0.2605 -0.05930413 -0.05871328
0.261 -0.05939091 -0.05872518
0.2615 -0.0594763 -0.058736704
0.262 -0.05956032 -0.058747888
0.2625 -0.05964301 -0.05875873
0.263 -0.05972438 -0.05876922
0.2635 -0.05980445 -0.058779404
0.264 -0.05988325 -0.058789283
0.2645 -0.05996079 -0.05879885
0.265 -0.0600371 -0.058808118
0.2655 -0.0601122 -0.05881711
0.266 -0.06018611 -0.058825828
0.2665 -0.06025884 -0.058834285
0.267 -0.06033042 -0.058842473
0.2675 -0.06040087 -0.058850415
0.268 -0.06047021 -0.05885811
0.2685 -0.06053844 -0.058865592
0.269 -0.0606056 -0.05887282
0.2695 -0.0606717 -0.05887983
0.27 -0.06073676 -0.058886632
0.2705 -0.06080079 -0.05889324
0.271 -0.06086382 -0.058899626
0.2715 -0.06092585 -0.058905832
0.272 -0.06098691 -0.058911838
0.2725 -0.061047 -0.05891765
0.273 -0.06110616 -0.058923304
0.2735 -0.06116438 -0.058928795
0.274 -0.0612217 -0.058934093
0.2745 -0.06127811 -0.05893924
0.275 -0.06133364 -0.058944203
0.2755 -0.06138831 -0.05894904
0.276 -0.06144212 -0.058953732
0.2765 -0.06149509 -0.05895827
0.277 -0.06154723 -0.058962665
0.2775 -0.06159856 -0.05896695
0.278 -0.0616491 -0.058971077
0.2785 -0.06169884 -0.058975086
0.279 -0.06174781 -0.058978982
0.2795 -0.06179602 -0.058982745
0.28 -0.06184348 -0.058986403
0.2805 -0.06189021 -0.05898995
0.281 -0.06193621 -0.05899339
0.2815 -0.0619815 -0.058996707
0.282 -0.06202608 -0.05899994
0.2825 -0.06206998 -0.059003055
0.283 -0.0621132 -0.059006095
0.2835 -0.06215575 -0.059009023
0.284 -0.06219765 -0.05901187
0.2845 -0.0622389 -0.05901465
0.285 -0.06227951 -0.059017316
0.2855 -0.0623195 -0.05901991
0.286 -0.06235887 -0.059022427
0.2865 -0.06239764 -0.059024855
0.287 -0.06243581 -0.059027232
0.2875 -0.0624734 -0.05902952
0.288 -0.06251041 -0.05903174
0.2885 -0.06254685 -0.059033915
0.289 -0.06258273 -0.059035994
0.2895 -0.06261807 -0.059038
0.29 -0.06265286 -0.059039973
0.2905 -0.06268713 -0.059041888
0.291 -0.06272087 -0.059043743
0.2915 -0.0627541 -0.059045516
0.292 -0.06278681 -0.059047244
0.2925 -0.06281904 -0.059048936
0.293 -0.06285077 -0.05905056
0.2935 -0.06288201 -0.05905214
0.294 -0.06291279 -0.059053667
0.2945 -0.06294309 -0.059055157
0.295 -0.06297294 -0.059056595
0.2955 -0.06300233 -0.05905799
0.296 -0.06303128 -0.059059337
0.2965 -0.06305979 -0.059060656
0.297 -0.06308787 -0.05906193
0.2975 -0.06311552 -0.05906315
0.298 -0.06314276 -0.059064344
0.2985 -0.06316959 -0.0590655
0.299 -0.06319601 -0.059066616
0.2995 -0.06322203 -0.05906771
0.3 -0.06324766 -0.05906877
0.3005 -0.06327291 -0.059069797
0.301 -0.06329777 -0.05907079
0.3015 -0.06332226 -0.059071742
0.302 -0.06334639 -0.05907268
0.3025 -0.06337015 -0.059073575
0.303 -0.06339356 -0.05907444
0.3035 -0.06341661 -0.05907529
0.304 -0.06343932 -0.059076108
0.3045 -0.06346169 -0.059076905
0.305 -0.06348373 -0.059077673
0.3055 -0.06350543 -0.059078433
0.306 -0.06352682 -0.059079155
0.3065 -0.06354788 -0.059079856
0.307 -0.06356863 -0.059080556
0.3075 -0.06358907 -0.059081197
0.308 -0.06360921 -0.059081838
0.3085 -0.06362904 -0.059082463
0.309 -0.06364859 -0.059083067
0.3095 -0.06366784 -0.059083663
0.31 -0.0636868 -0.05908422
0.3105 -0.06370549 -0.05908478
0.311 -0.0637239 -0.059085302
0.3115 -0.06374203 -0.05908583
0.312 -0.0637599 -0.059086323
0.3125 -0.0637775 -0.059086822
0.313 -0.06379484 -0.059087276
0.3135 -0.06381193 -0.059087746
0.314 -0.06382876 -0.05908817
0.3145 -0.06384535 -0.05908861
0.315 -0.06386169 -0.059089012
0.3155 -0.06387779 -0.059089415
0.316 -0.06389366 -0.05908981
0.3165 -0.06390929 -0.05909019
0.317 -0.06392469 -0.05909054
0.3175 -0.06393986 -0.059090897
0.318 -0.06395482 -0.05909124
0.3185 -0.06396955 -0.059091583
0.319 -0.06398407 -0.059091903
0.3195 -0.06399837 -0.059092224
0.32 -0.06401246 -0.059092544
0.3205 -0.06402635 -0.059092827
0.321 -0.06404004 -0.059093125
0.3215 -0.06405353 -0.059093386
0.322 -0.06406681 -0.059093654
0.3225 -0.06407991 -0.059093922
0.323 -0.06409281 -0.05909416
0.3235 -0.06410553 -0.0590944
0.324 -0.06411806 -0.059094638
0.3245 -0.06413041 -0.05909487
0.325 -0.06414258 -0.059095092
0.3255 -0.06415457 -0.059095323
0.326 -0.06416639 -0.05909554
0.3265 -0.06417804 -0.059095733
0.327 -0.06418952 -0.059095934
0.3275 -0.06420083 -0.05909612
0.328 -0.06421198 -0.059096307
0.3285 -0.06422297 -0.059096485
0.329 -0.06423379 -0.059096664
0.3295 -0.06424446 -0.059096836
0.33 -0.06425498 -0.059096992
0.3305 -0.06426535 -0.059097156
0.331 -0.06427556 -0.059097283
0.3315 -0.06428563 -0.059097454
0.332 -0.06429556 -0.05909758
0.3325 -0.06430534 -0.05909773
0.333 -0.06431498 -0.05909788
0.3335 -0.06432448 -0.05909802
0.334 -0.06433384 -0.05909814
0.3345 -0.06434308 -0.05909826
0.335 -0.06435217 -0.059098385
0.3355 -0.06436114 -0.05909849
0.336 -0.06436998 -0.0590986
0.3365 -0.06437869 -0.05909872
0.337 -0.06438728 -0.059098832
0.3375 -0.06439575 -0.05909893
0.338 -0.06440409 -0.05909901
0.3385 -0.06441231 -0.059099115
0.339 -0.06442042 -0.059099205
0.3395 -0.06442841 -0.059099294
0.34 -0.06443629 -0.059099384
0.3405 -0.06444406 -0.059099466
0.341 -0.06445171 -0.059099548
0.3415 -0.06445926 -0.05909963
0.342 -0.0644667 -0.05909971
0.3425 -0.06447403 -0.05909978
0.343 -0.06448126 -0.05909986
0.3435 -0.06448838 -0.05909992
0.344 -0.06449541 -0.059099995
0.3445 -0.06450233 -0.05910007
0.345 -0.06450916 -0.05910012
0.3455 -0.06451589 -0.059100196
0.346 -0.06452252 -0.059100255
0.3465 -0.06452906 -0.0591003
0.347 -0.06453551 -0.059100352
0.3475 -0.06454187 -0.05910041
0.348 -0.06454814 -0.05910047
0.3485 -0.06455432 -0.059100524
0.349 -0.06456041 -0.059100583
0.3495 -0.06456641 -0.059100643
0.35 -0.06457233 -0.059100673
0.3505 -0.06457817 -0.059100717
0.351 -0.06458393 -0.059100755
0.3515 -0.0645896 -0.059100807
0.352 -0.0645952 -0.059100866
0.3525 -0.06460071 -0.059100896
0.353 -0.06460615 -0.059100933
0.3535 -0.06461151 -0.059100963
0.354 -0.0646168 -0.059101008
0.3545 -0.06462201 -0.059101038
0.355 -0.06462715 -0.059101075
0.3555 -0.06463222 -0.059101105
0.356 -0.06463722 -0.059101142
0.3565 -0.06464214 -0.05910117
0.357 -0.064647 -0.059101194
0.3575 -0.06465179 -0.059101224
0.358 -0.06465651 -0.059101254
0.3585 -0.06466117 -0.0591013
0.359 -0.06466576 -0.05910132
0.3595 -0.06467029 -0.059101358
0.36 -0.06467475 -0.05910138
0.3605 -0.06467916 -0.059101395
0.361 -0.0646835 -0.059101418
0.3615 -0.06468778 -0.059101418
0.362 -0.064692 -0.05910144
0.3625 -0.06469616 -0.059101462
0.363 -0.06470027 -0.059101485
0.3635 -0.06470431 -0.059101507
0.364 -0.06470831 -0.059101522
0.3645 -0.06471224 -0.059101537
0.365 -0.06471612 -0.05910155
0.3655 -0.06471995 -0.059101574
0.366 -0.06472372 -0.05910159
0.3665 -0.06472745 -0.05910159
0.367 -0.06473112 -0.05910162
0.3675 -0.06473474 -0.059101634
0.368 -0.06473831 -0.059101664
0.3685 -0.06474183 -0.059101693
0.369 -0.0647453 -0.059101693
0.3695 -0.06474872 -0.059101716
0.37 -0.0647521 -0.059101716
0.3705 -0.06475543 -0.059101723
0.371 -0.06475871 -0.059101738
0.3715 -0.06476195 -0.05910176
0.372 -0.06476515 -0.059101775
0.3725 -0.0647683 -0.059101783
0.373 -0.0647714 -0.059101798
0.3735 -0.06477447 -0.059101798
0.374 -0.06477749 -0.059101813
0.3745 -0.06478047 -0.05910182
0.375 -0.06478341 -0.059101835
0.3755 -0.06478631 -0.059101835
0.376 -0.06478917 -0.059101857
0.3765 -0.06479199 -0.059101857
0.377 -0.06479477 -0.059101857
0.3775 -0.06479751 -0.059101872
0.378 -0.06480022 -0.05910188
0.3785 -0.06480289 -0.059101894
0.379 -0.06480552 -0.059101887
0.3795 -0.06480812 -0.059101894
0.38 -0.06481068 -0.059101894
0.3805 -0.0648132 -0.059101902
0.381 -0.06481569 -0.059101902
0.3815 -0.06481815 -0.059101917
0.382 -0.06482057 -0.059101917
0.3825 -0.06482296 -0.05910193
0.383 -0.06482532 -0.05910193
0.3835 -0.06482765 -0.05910194
0.384 -0.06482994 -0.059101947
0.3845 -0.0648322 -0.059101954
0.385 -0.06483443 -0.059101954
0.3855 -0.06483664 -0.05910196
0.386 -0.06483881 -0.05910196
0.3865 -0.06484095 -0.05910196
0.387 -0.06484306 -0.05910196
0.3875 -0.06484515 -0.05910197
0.388 -0.0648472 -0.059101976
0.3885 -0.06484923 -0.059101976
0.389 -0.06485123 -0.059101984
0.3895 -0.0648532 -0.059101984
0.39 -0.06485515 -0.059101984
0.3905 -0.06485707 -0.05910199
0.391 -0.06485896 -0.05910199
0.3915 -0.06486083 -0.059102
0.392 -0.06486268 -0.059102
0.3925 -0.06486449 -0.059102
0.393 -0.06486629 -0.059102
0.3935 -0.06486806 -0.059102
0.394 -0.0648698 -0.059102
0.3945 -0.06487152 -0.059102
0.395 -0.06487322 -0.059102
0.3955 -0.0648749 -0.059102
0.396 -0.06487655 -0.059102
0.3965 -0.06487818 -0.059102
0.397 -0.06487979 -0.059102
0.3975 -0.06488138 -0.059102
0.398 -0.06488294 -0.059102
0.3985 -0.06488449 -0.059102
0.399 -0.06488601 -0.059102
0.3995 -0.06488751 -0.059102
0.4 -0.064889 -0.059102
0.4005 -0.06489046 -0.059102
0.401 -0.0648919 -0.059102
0.4015 -0.06489333 -0.059102
0.402 -0.06489473 -0.059102
0.4025 -0.06489612 -0.059102
0.403 -0.06489749 -0.059102
0.4035 -0.06489884 -0.059102
0.404 -0.06490017 -0.059102
0.4045 -0.06490148 -0.059102
0.405 -0.06490277 -0.059102
0.4055 -0.06490405 -0.059102
0.406 -0.06490531 -0.059102
0.4065 -0.06490656 -0.059102
0.407 -0.06490778 -0.059102
0.4075 -0.064909 -0.059102
0.408 -0.06491019 -0.059102
0.4085 -0.06491137 -0.059102
0.409 -0.06491253 -0.059102
0.4095 -0.06491368 -0.059102
0.41 -0.06491481 -0.059102
0.4105 -0.06491593 -0.059102
0.411 -0.06491703 -0.059102
0.4115 -0.06491812 -0.059102
0.412 -0.06491919 -0.059102
0.4125 -0.06492025 -0.059102
0.413 -0.06492129 -0.059102
0.4135 -0.06492232 -0.059102
0.414 -0.06492334 -0.059102
0.4145 -0.06492434 -0.059102
0.415 -0.06492533 -0.059102
0.4155 -0.06492631 -0.059102
0.416 -0.06492727 -0.059102
0.4165 -0.06492823 -0.059102
0.417 -0.06492916 -0.059102
0.4175 -0.06493009 -0.059102
0.418 -0.064931 -0.059102
0.4185 -0.0649319 -0.059102
0.419 -0.06493279 -0.059102
0.4195 -0.06493367 -0.059102
0.42 -0.06493454 -0.059102
0.4205 -0.06493539 -0.059102
0.421 -0.06493623 -0.059102
0.4215 -0.06493707 -0.059102
0.422 -0.06493789 -0.059102
0.4225 -0.0649387 -0.059102
0.423 -0.0649395 -0.059102
0.4235 -0.06494028 -0.059102
0.424 -0.06494106 -0.059102
0.4245 -0.06494183 -0.059102
0.425 -0.06494259 -0.059102
0.4255 -0.06494334 -0.059102
0.426 -0.06494407 -0.059102
0.4265 -0.0649448 -0.059102
0.427 -0.06494552 -0.059102
0.4275 -0.06494623 -0.059102
0.428 -0.06494693 -0.059102
0.4285 -0.06494762 -0.059102
0.429 -0.0649483 -0.059102
0.4295 -0.06494897 -0.059102
0.43 -0.06494963 -0.059102
0.4305 -0.06495029 -0.059102
0.431 -0.06495094 -0.059102
0.4315 -0.06495157 -0.059102
0.432 -0.0649522 -0.059102
0.4325 -0.06495282 -0.059102
0.433 -0.06495343 -0.059102
0.4335 -0.06495404 -0.059102
0.434 -0.06495464 -0.059102
0.4345 -0.06495522 -0.059102
0.435 -0.06495581 -0.059102
0.4355 -0.06495638 -0.059102
0.436 -0.06495694 -0.059102
0.4365 -0.0649575 -0.059102
0.437 -0.06495805 -0.059102
0.4375 -0.0649586 -0.059102
0.438 -0.06495913 -0.059102
0.4385 -0.06495966 -0.059102
0.439 -0.06496019 -0.059102
0.4395 -0.0649607 -0.059102
0.44 -0.06496121 -0.059102
0.4405 -0.06496171 -0.059102
0.441 -0.06496221 -0.059102
0.4415 -0.0649627 -0.059102
0.442 -0.06496318 -0.059102
0.4425 -0.06496366 -0.059102
0.443 -0.06496413 -0.059102
0.4435 -0.06496459 -0.059102
0.444 -0.06496505 -0.059102
0.4445 -0.0649655 -0.059102
0.445 -0.06496595 -0.059102
0.4455 -0.06496639 -0.059102
0.446 -0.06496682 -0.059102
0.4465 -0.06496725 -0.059102
0.447 -0.06496767 -0.059102
0.4475 -0.06496809 -0.059102
0.448 -0.0649685 -0.059102
0.4485 -0.06496891 -0.059102
0.449 -0.06496931 -0.059102
0.4495 -0.06496971 -0.059102
0.45 -0.0649701 -0.059102
0.4505 -0.06497048 -0.059102
0.451 -0.06497086 -0.059102
0.4515 -0.06497124 -0.059102
0.452 -0.06497161 -0.059102
0.4525 -0.06497198 -0.059102
0.453 -0.06497234 -0.059102
0.4535 -0.06497269 -0.059102
0.454 -0.06497304 -0.059102
0.4545 -0.06497339 -0.059102
0.455 -0.06497374 -0.059102
0.4555 -0.06497407 -0.059102
0.456 -0.06497441 -0.059102
0.4565 -0.06497474 -0.059102
0.457 -0.06497506 -0.059102
0.4575 -0.06497538 -0.059102
0.458 -0.0649757 -0.059102
0.4585 -0.06497601 -0.059102
0.459 -0.06497632 -0.059102
0.4595 -0.06497663 -0.059102
0.46 -0.06497693 -0.059102
0.4605 -0.06497722 -0.059102
0.461 -0.06497752 -0.059102
0.4615 -0.06497781 -0.059102
0.462 -0.06497809 -0.059102
0.4625 -0.06497837 -0.059102
0.463 -0.06497865 -0.059102
0.4635 -0.06497892 -0.059102
0.464 -0.0649792 -0.059102
0.4645 -0.06497946 -0.059102
0.465 -0.06497973 -0.059102
0.4655 -0.06497999 -0.059102
0.466 -0.06498024 -0.059102
0.4665 -0.0649805 -0.059102
0.467 -0.06498075 -0.059102
0.4675 -0.06498099 -0.059102
0.468 -0.06498124 -0.059102
0.4685 -0.06498148 -0.059102
0.469 -0.06498172 -0.059102
0.4695 -0.06498195 -0.059102
0.47 -0.06498218 -0.059102
0.4705 -0.06498241 -0.059102
0.471 -0.06498264 -0.059102
0.4715 -0.06498286 -0.059102
0.472 -0.06498308 -0.059102
0.4725 -0.0649833 -0.059102
0.473 -0.06498351 -0.059102
0.4735 -0.06498372 -0.059102
0.474 -0.06498393 -0.059102
0.4745 -0.06498414 -0.059102
0.475 -0.06498434 -0.059102
0.4755 -0.06498454 -0.059102
0.476 -0.06498474 -0.059102
0.4765 -0.06498493 -0.059102
0.477 -0.06498513 -0.059102
0.4775 -0.06498532 -0.059102
0.478 -0.0649855 -0.059102
0.4785 -0.06498569 -0.059102
0.479 -0.06498587 -0.059102
0.4795 -0.06498605 -0.059102
0.48 -0.06498623 -0.059102
0.4805 -0.06498641 -0.059102
0.481 -0.06498658 -0.059102
0.4815 -0.06498675 -0.059102
0.482 -0.06498692 -0.059102
0.4825 -0.06498709 -0.059102
0.483 -0.06498726 -0.059102
0.4835 -0.06498742 -0.059102
0.484 -0.06498758 -0.059102
0.4845 -0.06498774 -0.059102
0.485 -0.06498789 -0.059102
0.4855 -0.06498805 -0.059102
0.486 -0.0649882 -0.059102
0.4865 -0.06498835 -0.059102
0.487 -0.0649885 -0.059102
0.4875 -0.06498865 -0.059102
0.488 -0.06498879 -0.059102
0.4885 -0.06498894 -0.059102
0.489 -0.06498908 -0.059102
0.4895 -0.06498922 -0.059102
0.49 -0.06498935 -0.059102
0.4905 -0.06498949 -0.059102
0.491 -0.06498962 -0.059102
0.4915 -0.06498976 -0.059102
0.492 -0.06498989 -0.059102
0.4925 -0.06499002 -0.059102
0.493 -0.06499014 -0.059102
0.4935 -0.06499027 -0.059102
0.494 -0.06499039 -0.059102
0.4945 -0.06499052 -0.059102
0.495 -0.06499064 -0.059102
0.4955 -0.06499076 -0.059102
0.496 -0.06499087 -0.059102
0.4965 -0.06499099 -0.059102
0.497 -0.06499111 -0.059102
0.4975 -0.06499122 -0.059102
0.498 -0.06499133 -0.059102
0.4985 -0.06499144 -0.059102
0.499 -0.06499155 -0.059102
0.4995 -0.06499166 -0.059102
