0.0 -0.065 0.07532034
0.0005 -0.065 0.038751222
0.001 -0.065 0.0112725645
0.0015 -0.065 -0.008174598
0.002 -0.065 -0.021380275
0.0025 -0.065 -0.030036554
0.003 -0.065 -0.035511643
0.0035 -0.065 -0.03883362
0.004 -0.065 -0.040741444
0.0045 -0.065 -0.04174903
0.005 -0.065 -0.042203933
0.0055 -0.065 -0.042335004
0.006 -0.065 -0.042288706
0.0065 -0.065 -0.04215586
0.007 -0.065 -0.041990563
0.0075 -0.065 -0.04182321
0.008 -0.065 -0.0416694
0.0085 -0.065 -0.041535914
0.009 -0.065 -0.041424364
0.0095 -0.065 -0.041333646
0.01 -0.065 -0.041261345
0.0105 -0.065 -0.04120463
0.011 -0.065 -0.041160762
0.0115 -0.065 -0.041127115
0.012 -0.065 -0.041101635
0.0125 -0.065 -0.04108244
0.013 -0.065 -0.041068077
0.0135 -0.065 -0.041057423
0.014 -0.065 -0.041049555
0.0145 -0.065 -0.04104376
0.015 -0.065 -0.041039526
0.0155 -0.065 -0.041036457
0.016 -0.065 -0.04103422
0.0165 -0.065 -0.041032597
0.017 -0.065 -0.041031435
0.0175 -0.065 -0.041030586
0.018 -0.065 -0.04102999
0.0185 -0.065 -0.041029572
0.019 -0.065 -0.04102926
0.0195 -0.065 -0.041029066
0.02 -0.065 -0.041028887
0.0205 -0.065 -0.041028813
0.021 -0.065 -0.041028723
0.0215 -0.065 -0.041028693
0.022 -0.065 -0.041028664
0.0225 -0.065 -0.04102865
0.023 -0.065 -0.041028634
0.0235 -0.065 -0.04102862
0.024 -0.065 -0.04102862
0.0245 -0.065 -0.04102862
0.025 -0.065 -0.04102862
0.0255 -0.065 -0.04102862
0.026 -0.065 -0.04102862
0.0265 -0.065 -0.04102862
0.027 -0.065 -0.04102862
0.0275 -0.065 -0.04102862
0.028 -0.065 -0.04102862
0.0285 -0.065 -0.04102862
0.029 -0.065 -0.04102862
0.0295 -0.065 -0.04102862
0.03 -0.065 -0.04102862
0.0305 -0.065 -0.04102862
0.031 -0.065 -0.04102862
0.0315 -0.065 -0.04102862
0.032 -0.065 -0.04102862
0.0325 -0.065 -0.04102862
0.033 -0.065 -0.04102862
0.0335 -0.065 -0.04102862
0.034 -0.065 -0.04102862
0.0345 -0.065 -0.04102862
0.035 -0.065 -0.04102862
0.0355 -0.065 -0.04102862
0.036 -0.065 -0.04102862
0.0365 -0.065 -0.04102862
0.037 -0.065 -0.04102862
0.0375 -0.065 -0.04102862
0.038 -0.065 -0.04102862
0.0385 -0.065 -0.04102862
0.039 -0.065 -0.04102862
0.0395 -0.065 -0.04102862
0.04 -0.065 -0.04102862
0.0405 -0.065 -0.04102862
0.041 -0.065 -0.04102862
0.0415 -0.065 -0.04102862
0.042 -0.065 -0.04102862
0.0425 -0.065 -0.04102862
0.043 -0.065 -0.04102862
0.0435 -0.065 -0.04102862
0.044 -0.065 -0.04102862
0.0445 -0.065 -0.04102862
0.045 -0.065 -0.04102862
0.0455 -0.065 -0.04102862
0.046 -0.065 -0.04102862
0.0465 -0.065 -0.04102862
0.047 -0.065 -0.04102862
0.0475 -0.065 -0.04102862
0.048 -0.065 -0.04102862
0.0485 -0.065 -0.04102862
0.049 -0.065 -0.04102862
0.0495 -0.065 -0.04102862
0.05 -0.065 -0.04102862
0.0505 -0.065 -0.04102862
0.051 -0.065 -0.04102862
0.0515 -0.065 -0.04102862
0.052 -0.065 -0.04102862
0.0525 -0.065 -0.04102862
0.053 -0.065 -0.04102862
0.0535 -0.065 -0.04102862
0.054 -0.065 -0.04102862
0.0545 -0.065 -0.04102862
0.055 -0.065 -0.04102862
0.0555 -0.065 -0.04102862
0.056 -0.065 -0.04102862
0.0565 -0.065 -0.04102862
0.057 -0.065 -0.04102862
0.0575 -0.065 -0.04102862
0.058 -0.065 -0.04102862
0.0585 -0.065 -0.04102862
0.059 -0.065 -0.04102862
0.0595 -0.065 -0.04102862
0.06 -0.065 -0.04102862
0.0605 -0.065 -0.04102862
0.061 -0.065 -0.04102862
0.0615 -0.065 -0.04102862
0.062 -0.065 -0.04102862
0.0625 -0.065 -0.04102862
0.063 -0.065 -0.04102862
0.0635 -0.065 -0.04102862
0.064 -0.065 -0.04102862
0.0645 -0.065 -0.04102862
0.065 -0.065 -0.04102862
0.0655 -0.065 -0.04102862
0.066 -0.065 -0.04102862
0.0665 -0.065 -0.04102862
0.067 -0.065 -0.04102862
0.0675 -0.065 -0.04102862
0.068 -0.065 -0.04102862
0.0685 -0.065 -0.04102862
0.069 -0.065 -0.04102862
0.0695 -0.065 -0.04102862
0.07 -0.065 -0.04102862
0.0705 -0.065 -0.04102862
0.071 -0.065 -0.04102862
0.0715 -0.065 -0.04102862
0.072 -0.065 -0.04102862
0.0725 -0.065 -0.04102862
0.073 -0.065 -0.04102862
0.0735 -0.065 -0.04102862
0.074 -0.065 -0.04102862
0.0745 -0.065 -0.04102862
0.075 -0.065 -0.04102862
0.0755 -0.065 -0.04102862
0.076 -0.065 -0.04102862
0.0765 -0.065 -0.04102862
0.077 -0.065 -0.04102862
0.0775 -0.065 -0.04102862
0.078 -0.065 -0.04102862
0.0785 -0.065 -0.04102862
0.079 -0.065 -0.04102862
0.0795 -0.065 -0.04102862
0.08 -0.065 -0.04102862
0.0805 -0.065 -0.04102862
0.081 -0.065 -0.04102862
0.0815 -0.065 -0.04102862
0.082 -0.065 -0.04102862
0.0825 -0.065 -0.04102862
0.083 -0.065 -0.04102862
0.0835 -0.065 -0.04102862
0.084 -0.065 -0.04102862
0.0845 -0.065 -0.04102862
0.085 -0.065 -0.04102862
0.0855 -0.065 -0.04102862
0.086 -0.065 -0.04102862
0.0865 -0.065 -0.04102862
0.087 -0.065 -0.04102862
0.0875 -0.065 -0.04102862
0.088 -0.065 -0.04102862
0.0885 -0.065 -0.04102862
0.089 -0.065 -0.04102862
0.0895 -0.065 -0.04102862
0.09 -0.065 -0.04102862
0.0905 -0.065 -0.04102862
0.091 -0.065 -0.04102862
0.0915 -0.065 -0.04102862
0.092 -0.065 -0.04102862
0.0925 -0.065 -0.04102862
0.093 -0.065 -0.04102862
0.0935 -0.065 -0.04102862
0.094 -0.065 -0.04102862
0.0945 -0.065 -0.04102862
0.095 -0.065 -0.04102862
0.0955 -0.065 -0.04102862
0.096 -0.065 -0.04102862
0.0965 -0.065 -0.04102862
0.097 -0.065 -0.04102862
0.0975 -0.065 -0.04102862
0.098 -0.065 -0.04102862
0.0985 -0.065 -0.04102862
0.099 -0.065 -0.04102862
0.0995 -0.065 -0.04102862
0.1 -0.065 -0.09160046
0.1005 -0.06490931 -0.0952986
0.101 -0.06459041 -0.07752235
0.1015 -0.06412416 -0.053152904
0.102 -0.06357079 -0.029265702
0.1025 -0.06295184 -0.008570418
0.103 -0.06227563 0.008295536
0.1035 -0.06154685 0.021554217
0.104 -0.06077438 0.031720415
0.1045 -0.05996042 0.039359212
0.105 -0.05910016 0.044991866
0.1055 -0.05818633 0.049066037
0.106 -0.05722594 0.051952392
0.1065 -0.05622177 0.05395128
0.107 -0.0551669 0.055302665
0.1075 -0.05406833 0.05619593
0.108 -0.05293315 0.056779116
0.1085 -0.05176191 0.057166845
0.109 -0.05055305 0.057446808
0.1095 -0.04930495 0.057685375
0.11 -0.0480166 0.057931915
0.1105 -0.04668754 0.058222562
0.111 -0.04531779 0.05858296
0.1115 -0.04390853 0.059030637
0.112 -0.04246399 0.05957696
0.1125 -0.0409826 0.060228333
0.113 -0.03946195 0.060987547
0.1135 -0.03790136 0.0618546
0.114 -0.03630114 0.06282744
0.1145 -0.03466211 0.06390251
0.115 -0.03298532 0.06507516
0.1155 -0.0312718 0.06633994
0.116 -0.02952247 0.06769103
0.1165 -0.02773811 0.06912221
0.117 -0.02591933 0.0706272
0.1175 -0.02406667 0.07219964
0.118 -0.02218166 0.07383323
0.1185 -0.02026827 0.07552187
0.119 -0.01832251 0.077259585
0.1195 -0.01634279 0.07904066
0.12 -0.01432973 0.08085962
0.1205 -0.01228447 0.08271119
0.121 -0.01020818 0.08459036
0.1215 -0.008101809 0.08649248
0.122 -0.005966088 0.088413045
0.1225 -0.003801721 0.090347946
0.123 -0.001613021 0.09229326
0.1235 0.0005907917 0.0942453
0.124 0.002803108 0.09620069
0.1245 0.005038454 0.09815627
0.125 0.00730515 0.100109145
0.1255 0.009609664 0.1020565
0.126 0.01195154 0.103995934
0.1265 0.01432664 0.1059251
0.127 0.01673013 0.10784195
0.1275 0.01915242 0.10974452
0.128 0.02158674 0.11163111
0.1285 0.02402222 0.11350016
0.129 0.02647977 0.11535014
0.1295 0.02897244 0.117179886
0.13 0.03150123 0.1189882
0.1305 0.0340626 0.12077415
0.131 0.03665249 0.12253675
0.1315 0.03926761 0.12427531
0.132 0.04190516 0.12598912
0.1325 0.04455206 0.12767766
0.133 0.04720935 0.1293404
0.1335 0.04988692 0.13097697
0.134 0.0525847 0.13258708
0.1345 0.05530428 0.13417046
0.135 0.05804692 0.13572697
0.1355 0.06081198 0.13725643
0.136 0.06359788 0.13875887
0.1365 0.06640306 0.14023423
0.137 0.06922639 0.14168267
0.1375 0.07206177 0.14310418
0.138 0.07489182 0.14449894
0.1385 0.07773631 0.14586708
0.139 0.08060558 0.1472088
0.1395 0.08350011 0.14852433
0.14 0.08641725 0.14981395
0.1405 0.0893541 0.15107794
0.141 0.09230835 0.15231659
0.1415 0.09527832 0.15353021
0.142 0.0982627 0.15471911
0.1425 0.1012606 0.15588367
0.143 0.1042713 0.15702422
0.1435 0.1072944 0.15814112
0.144 0.11033 0.15923473
0.1445 0.1133783 0.16030549
0.145 0.1164394 0.16135372
0.1455 0.1195132 0.16237983
0.146 0.122589 0.16338417
0.1465 0.1256601 0.1643672
0.147 0.1287419 0.16532928
0.1475 0.1318419 0.16627073
0.148 0.1349602 0.16719204
0.1485 0.1380948 0.16809352
0.149 0.1412437 0.16897553
0.1495 0.1444027 0.16983852
0.15 0.1475664 0.15693036
0.1505 0.15058 0.14602697
0.151 0.15324 0.13704123
0.1515 0.1556734 0.1298181
0.152 0.1579802 0.124176964
0.1525 0.1601996 0.11993286
0.153 0.1623473 0.116907194
0.1535 0.1644172 0.11493303
0.154 0.1663944 0.11385727
0.1545 0.1682833 0.11354135
0.155 0.1701184 0.11386089
0.1555 0.1719161 0.114705026
0.156 0.1736764 0.11597559
0.1565 0.1753935 0.11758593
0.157 0.1770616 0.11946002
0.1575 0.1786764 0.12153138
0.158 0.1802354 0.12374227
0.1585 0.1817372 0.12604278
0.159 0.1831815 0.12838987
0.1595 0.1845685 0.13074681
0.16 0.1858985 0.13308242
0.1605 0.1871682 0.1353705
0.161 0.1883472 0.13758919
0.1615 0.1894627 0.13972053
0.162 0.1905367 0.14174996
0.1625 0.1915723 0.14366594
0.163 0.1923711 0.14545947
0.1635 0.1930798 0.14712386
0.164 0.1938284 0.14865442
0.1645 0.1946171 0.15004812
0.165 0.1954206 0.15130338
0.1655 0.1962138 0.1524199
0.166 0.1969779 0.15339833
0.1665 0.197701 0.15424034
0.167 0.1983765 0.15494817
0.1675 0.1990011 0.1555247
0.168 0.1995736 0.15597332
0.1685 0.2000934 0.15629771
0.169 0.2005616 0.15650186
0.1695 0.2009806 0.15659004
0.17 0.2013523 0.15656656
0.1705 0.2016782 0.15643588
0.171 0.2019597 0.15620244
0.1715 0.2021974 0.15587069
0.172 0.2023742 0.15544511
0.1725 0.2024942 0.1549301
0.173 0.2025776 0.15432988
0.1735 0.2026325 0.15364864
0.174 0.2026594 0.15289041
0.1745 0.2026559 0.1520593
0.175 0.2026198 0.15115893
0.1755 0.2025497 0.15019298
0.176 0.2024448 0.14916505
0.1765 0.2023049 0.14807838
0.177 0.2021302 0.14693637
0.1775 0.2019212 0.14574194
0.178 0.2016782 0.14449815
0.1785 0.2014019 0.14320773
0.179 0.2010925 0.14187339
0.1795 0.2007349 0.14049767
0.18 0.2003299 0.13908303
0.1805 0.199896 0.1376316
0.181 0.1994414 0.13614574
0.1815 0.1989664 0.13462749
0.182 0.1984687 0.13307871
0.1825 0.197946 0.13150129
0.183 0.1973971 0.12989701
0.1835 0.1968211 0.12826751
0.184 0.196211 0.12661439
0.1845 0.1955353 0.12493922
0.185 0.1948121 0.12324338
0.1855 0.1940786 0.12152819
0.186 0.1933419 0.119794995
0.1865 0.1925974 0.11804503
0.187 0.1918392 0.11627938
0.1875 0.1910628 0.11449921
0.188 0.1902652 0.1127056
0.1885 0.1894449 0.11089948
0.189 0.1886011 0.109081894
0.1895 0.1877338 0.10725373
0.19 0.1868431 0.105415866
0.1905 0.1859296 0.103569105
0.191 0.1849936 0.10171436
0.1915 0.1840357 0.09985225
0.192 0.1830559 0.0979836
0.1925 0.1820547 0.09610918
0.193 0.1810328 0.094229504
0.1935 0.1799901 0.09234542
0.194 0.1789267 0.09045756
0.1945 0.177844 0.08856639
0.195 0.1767429 0.08667266
0.1955 0.1756242 0.08477682
0.196 0.1744882 0.08287954
0.1965 0.1733351 0.080981344
0.197 0.1721652 0.07908279
0.1975 0.1709784 0.07718432
0.198 0.1697751 0.07528648
0.1985 0.1685554 0.07338977
0.199 0.1673195 0.07149464
0.1995 0.1660678 0.069601685
0.2 0.1648003 0.026636437
0.2005 0.1620785 0.0027430505
0.201 0.1580661 -0.0019123703
0.2015 0.1546608 0.007252112
0.202 0.151965 0.02350998
0.2025 0.1497098 0.041611016
0.203 0.1476933 0.05848071
0.2035 0.145807 0.0727649
0.204 0.1439992 0.08413482
0.2045 0.1422463 0.09275752
0.205 0.1405377 0.09898749
0.2055 0.138869 0.10321617
0.206 0.1372382 0.105808675
0.2065 0.1356445 0.10708375
0.207 0.1340879 0.10731129
0.2075 0.1325682 0.10671712
0.208 0.1310859 0.10548856
0.2085 0.129641 0.10378087
0.209 0.1282338 0.10172218
0.2095 0.1268645 0.099418044
0.21 0.1255333 0.09695499
0.2105 0.1242403 0.09440373
0.211 0.1229856 0.0918216
0.2115 0.1217694 0.08925467
0.212 0.1205917 0.08673948
0.2125 0.1194525 0.08430467
0.213 0.1183519 0.081972085
0.2135 0.1172898 0.07975815
0.214 0.1162663 0.077674516
0.2145 0.1152811 0.07572892
0.215 0.1143343 0.07392595
0.2155 0.1134258 0.0722676
0.216 0.1125554 0.07075381
0.2165 0.111723 0.06938282
0.217 0.1109284 0.06815136
0.2175 0.1101714 0.067055374
0.218 0.1094519 0.066089824
0.2185 0.1087697 0.06524922
0.219 0.1081246 0.064527646
0.2195 0.1075162 0.06391898
0.22 0.1069445 0.0634169
0.2205 0.106409 0.06301502
0.221 0.1059097 0.062707
0.2215 0.1054461 0.06248676
0.222 0.105018 0.062348157
0.2225 0.1046252 0.06228523
0.223 0.1042674 0.06229239
0.2235 0.1039441 0.062364094
0.224 0.1036552 0.06249521
0.2245 0.1034004 0.06268069
0.225 0.1031792 0.062915824
0.2255 0.1029914 0.06319609
0.226 0.1028366 0.0635173
0.2265 0.1027146 0.06387545
0.227 0.102625 0.064266786
0.2275 0.1025674 0.06468771
0.228 0.1025415 0.065134965
0.2285 0.102547 0.06560539
0.229 0.1025835 0.066096105
0.2295 0.1026507 0.06660437
0.23 0.1027482 0.06712767
0.2305 0.1028757 0.06766361
0.231 0.1030328 0.068210006
0.2315 0.1032192 0.06876474
0.232 0.1034346 0.06932598
0.2325 0.1036786 0.069892
0.233 0.1039507 0.07046106
0.2335 0.1042508 0.07103168
0.234 0.1045784 0.07160244
0.2345 0.1049333 0.07217207
0.235 0.1053149 0.07273936
0.2355 0.1057231 0.07330318
0.236 0.1061575 0.07386252
0.2365 0.1066176 0.074416414
0.237 0.1071033 0.07496411
0.2375 0.1076141 0.07550472
0.238 0.1081497 0.076037526
0.2385 0.1087098 0.07656191
0.239 0.1092941 0.07707727
0.2395 0.1099022 0.07758297
0.24 0.1105338 0.07807864
0.2405 0.1111885 0.078563824
0.241 0.1118661 0.07903801
0.2415 0.1125663 0.07950096
0.242 0.1132886 0.079952314
0.2425 0.1140329 0.0803918
0.243 0.1147987 0.0808191
0.2435 0.1155859 0.08123409
0.244 0.116394 0.08163652
0.2445 0.1172228 0.08202632
0.245 0.118072 0.08240326
0.2455 0.1189413 0.08276722
0.246 0.1198304 0.083118215
0.2465 0.120739 0.08345617
0.247 0.1216665 0.083781004
0.2475 0.1226126 0.08409266
0.248 0.1235774 0.08439123
0.2485 0.1245606 0.08467663
0.249 0.125562 0.08494894
0.2495 0.1265815 0.08520814
0.25 0.1276187 0.17720968
0.2505 0.12856 0.20331638
0.251 0.1292115 0.20557955
0.2515 0.1296668 0.19974753
0.252 0.1300139 0.19191775
0.2525 0.1302941 0.18439046
0.253 0.1305246 0.17791615
0.2535 0.1307117 0.17261335
0.254 0.1308497 0.16835907
0.2545 0.1309316 0.16495685
0.255 0.1309746 0.16220786
0.2555 0.130988 0.15993817
0.256 0.1309729 0.1580065
0.2565 0.1309277 0.15630338
0.257 0.1308507 0.15474693
0.2575 0.1307404 0.15327775
0.258 0.1305962 0.1518542
0.2585 0.1304178 0.15044796
0.259 0.1302052 0.14904055
0.2595 0.1299589 0.14762068
0.26 0.1296792 0.14618193
0.2605 0.1293667 0.1447212
0.261 0.1290218 0.14323753
0.2615 0.1286452 0.14173122
0.262 0.1282373 0.14020325
0.2625 0.1277987 0.1386549
0.263 0.1273299 0.13708743
0.2635 0.1268314 0.135502
0.264 0.1263037 0.13389952
0.2645 0.1257472 0.13228069
0.265 0.1251626 0.13064587
0.2655 0.1245501 0.12899527
0.266 0.1239104 0.12732887
0.2665 0.1232437 0.1256465
0.267 0.1225507 0.123947866
0.2675 0.1218316 0.122232474
0.268 0.121087 0.12049993
0.2685 0.1203173 0.11874964
0.269 0.1195228 0.1169811
0.2695 0.118704 0.11519378
0.27 0.1178613 0.11338713
0.2705 0.1169951 0.11156068
0.271 0.1161058 0.109714
0.2715 0.1151938 0.10784661
0.272 0.1142595 0.1059582
0.2725 0.1133032 0.10404844
0.273 0.1123254 0.10211703
0.2735 0.1113263 0.10016379
0.274 0.1103064 0.09818855
0.2745 0.1092661 0.09619118
0.275 0.1082056 0.094171636
0.2755 0.1071253 0.092129886
0.276 0.1060257 0.090065956
0.2765 0.1049069 0.08797988
0.277 0.1037694 0.0858718
0.2775 0.1026134 0.08374184
0.278 0.1014394 0.08159022
0.2785 0.1002476 0.079417124
0.279 0.09903835 0.077222854
0.2795 0.09781194 0.07500769
0.28 0.09656868 0.07277195
0.2805 0.09530888 0.07051602
0.281 0.09403284 0.068240345
0.2815 0.09274084 0.06594533
0.282 0.09143318 0.063631445
0.2825 0.09011013 0.061299264
0.283 0.08877197 0.058949288
0.2835 0.08741898 0.056582086
0.284 0.08605142 0.054198347
0.2845 0.08466957 0.051798694
0.285 0.08327367 0.04938385
0.2855 0.08186399 0.046954542
0.286 0.08044077 0.04451154
0.2865 0.07900427 0.042055696
0.287 0.07755473 0.039587826
0.2875 0.07609238 0.03710884
0.288 0.07461746 0.034619674
0.2885 0.07313021 0.032121316
0.289 0.07163084 0.029614754
0.2895 0.07011959 0.027101032
0.29 0.06859666 0.02458129
0.2905 0.06706228 0.022056617
0.291 0.06551666 0.019528218
0.2915 0.06396 0.016997308
0.292 0.06239251 0.014465131
0.2925 0.06081439 0.011932969
0.293 0.05922583 0.009402178
0.2935 0.05762704 0.006874129
0.294 0.05601819 0.0043502003
0.2945 0.05439948 0.0018318444
0.295 0.05277109 -0.00067943335
0.2955 0.0511332 -0.003182128
0.296 0.04948598 -0.0056747273
0.2965 0.04782962 -0.008155599
0.297 0.04616427 -0.010623157
0.2975 0.04449011 -0.013075739
0.298 0.0428073 -0.0155117065
0.2985 0.041116 -0.017929316
0.299 0.03941637 -0.020326898
0.2995 0.03770857 -0.022702634
0.3 0.03599274 -0.08854763
0.3005 0.03438231 -0.11460154
0.301 0.03307104 -0.11187838
0.3015 0.03196521 -0.09382418
0.302 0.03097681 -0.070396736
0.3025 0.03006414 -0.047172397
0.303 0.02921022 -0.026602507
0.3035 0.02840837 -0.00940904
0.304 0.02765572 0.004487753
0.3045 0.02695084 0.015473887
0.305 0.02629274 0.024010181
0.3055 0.02568064 0.03053698
0.306 0.02511384 0.035441384
0.3065 0.02459165 0.039050944
0.307 0.02411344 0.04163745
0.3075 0.02367855 0.043424167
0.308 0.02328637 0.044593237
0.3085 0.02293628 0.045292363
0.309 0.02262768 0.0456409
0.3095 0.02235996 0.045734815
0.31 0.02213252 0.04565084
0.3105 0.02194478 0.045449823
0.311 0.02179615 0.04517986
0.3115 0.02168606 0.04487849
0.312 0.02161392 0.044574663
0.3125 0.02157917 0.04429032
0.313 0.02158124 0.04404202
0.3135 0.02161958 0.043841586
0.314 0.02169364 0.043697238
0.3145 0.02180286 0.04361438
0.315 0.0219467 0.04359602
0.3155 0.02212462 0.04364355
0.316 0.0223361 0.043756828
0.3165 0.02258061 0.043934703
0.317 0.02285762 0.044175163
0.3175 0.02316662 0.044475608
0.318 0.02350711 0.04483304
0.3185 0.02387858 0.045244277
0.319 0.02428053 0.045705616
0.3195 0.02471247 0.04621373
0.32 0.02517391 0.046764895
0.3205 0.02566438 0.047355555
0.321 0.02618292 0.04798223
0.3215 0.02672332 0.048641503
0.322 0.02728786 0.049330063
0.3225 0.02788124 0.050044768
0.323 0.02850449 0.0507825
0.3235 0.0291568 0.051540487
0.324 0.0298369 0.052315943
0.3245 0.03054358 0.053106256
0.325 0.03127587 0.053909034
0.3255 0.03203299 0.054722004
0.326 0.03281431 0.055543043
0.3265 0.03361762 0.056369998
0.327 0.03443682 0.057201147
0.3275 0.03527681 0.058034636
0.328 0.03613237 0.058868885
0.3285 0.03700662 0.05970236
0.329 0.0378999 0.060533628
0.3295 0.03882129 0.06136141
0.33 0.03977224 0.062184423
0.3305 0.04075034 0.063001685
0.331 0.04175275 0.063812114
0.3315 0.04277721 0.06461469
0.332 0.04382176 0.06540859
0.3325 0.04487685 0.06619302
0.333 0.04594341 0.06696726
0.3335 0.04702929 0.06773056
0.334 0.04813753 0.06848241
0.3345 0.04926785 0.069222115
0.335 0.05041881 0.069949366
0.3355 0.05158893 0.070663504
0.336 0.052777 0.071364224
0.3365 0.05398215 0.07205114
0.337 0.05520372 0.07272395
0.3375 0.05644125 0.07338232
0.338 0.05769438 0.07402598
0.3385 0.05895977 0.07465471
0.339 0.06021616 0.075268365
0.3395 0.06148061 0.075866714
0.34 0.06276838 0.0764497
0.3405 0.06408167 0.07701718
0.341 0.06541788 0.077568986
0.3415 0.06677367 0.07810517
0.342 0.06814631 0.078625575
0.3425 0.06953388 0.07913029
0.343 0.0709351 0.07961914
0.3435 0.07234917 0.08009222
0.344 0.07377554 0.08054957
0.3445 0.07521367 0.08099125
0.345 0.07666331 0.08141725
0.3455 0.07812442 0.081827655
0.346 0.07959696 0.08222249
0.3465 0.08108089 0.082601935
0.347 0.08257617 0.082966074
0.3475 0.08408262 0.08331494
0.348 0.08560006 0.08364871
0.3485 0.08712826 0.08396747
0.349 0.08866706 0.08427136
0.3495 0.09021627 0.08456055
0.35 0.0917757 0.17658441
0.3505 0.09323193 0.2027185
0.351 0.09439109 0.2050209
0.3515 0.09534677 0.19923504
0.352 0.09618693 0.19145368
0.3525 0.09695333 0.18397404
0.353 0.09766304 0.17754495
0.3535 0.09832278 0.1722841
0.354 0.09893543 0.16806811
0.3545 0.09950239 0.1647006
0.355 0.1000246 0.16198274
0.3555 0.1005029 0.1597409
0.356 0.1009378 0.15783408
0.3565 0.10133 0.15615296
0.357 0.1016802 0.15461594
0.3575 0.1019889 0.15316392
0.358 0.1022565 0.15175548
0.3585 0.1024833 0.15036246
0.359 0.1026699 0.14896667
0.3595 0.1028171 0.14755693
0.36 0.1029258 0.14612703
0.3605 0.1029964 0.14467402
0.361 0.1030294 0.143197
0.3615 0.1030255 0.14169651
0.362 0.1029854 0.14017355
0.3625 0.1029097 0.13862956
0.363 0.1027989 0.13706586
0.3635 0.1026536 0.13548362
0.364 0.1024742 0.13388391
0.3645 0.1022614 0.13226743
0.365 0.1020155 0.13063464
0.3655 0.1017369 0.12898579
0.366 0.1014261 0.12732089
0.3665 0.1010837 0.1256398
0.367 0.1007102 0.12394221
0.3675 0.1003061 0.12222774
0.368 0.09987196 0.120495945
0.3685 0.09940825 0.118746325
0.369 0.09891544 0.11697834
0.3695 0.09839399 0.11519149
0.37 0.09784436 0.113385215
0.3705 0.09726699 0.11155911
0.371 0.09666234 0.10971269
0.3715 0.09603086 0.10784554
0.372 0.09537297 0.105957314
0.3725 0.09468912 0.10404768
0.373 0.09397974 0.10211641
0.3735 0.09324524 0.100163296
0.374 0.09248605 0.09818814
0.3745 0.09170258 0.096190855
0.375 0.09089524 0.094171375
0.3755 0.09006443 0.09212967
0.376 0.08921055 0.09006576
0.3765 0.08833399 0.087979734
0.377 0.08743514 0.08587168
0.3775 0.08651437 0.083741754
0.378 0.08557206 0.081590146
0.3785 0.08460858 0.079417065
0.379 0.0836243 0.07722281
0.3795 0.08261957 0.07500765
0.38 0.08159475 0.072771914
0.3805 0.08055018 0.070516005
0.381 0.07948622 0.06824033
0.3815 0.07840318 0.06594531
0.382 0.07730142 0.06363146
0.3825 0.07618124 0.061299264
0.383 0.07504299 0.058949288
0.3835 0.07388696 0.056582086
0.384 0.07271349 0.054198347
0.3845 0.07152286 0.051798694
0.385 0.07031538 0.04938385
0.3855 0.06909136 0.046954542
0.386 0.06785108 0.04451154
0.3865 0.06659482 0.042055696
0.387 0.06532288 0.039587826
0.3875 0.06403553 0.03710884
0.388 0.06273304 0.034619674
0.3885 0.06141568 0.032121316
0.389 0.06008371 0.029614754
0.3895 0.05873741 0.027101032
0.39 0.05737701 0.02458129
0.3905 0.05600277 0.022056617
0.391 0.05461495 0.019528218
0.3915 0.05321377 0.016997308
0.392 0.05179948 0.014465131
0.3925 0.05037232 0.011932969
0.393 0.04893251 0.009402178
0.3935 0.04748028 0.006874129
0.394 0.04601586 0.0043502003
0.3945 0.04453945 0.0018318444
0.395 0.04305128 -0.00067943335
0.3955 0.04155156 -0.003182128
0.396 0.04004049 -0.0056747273
0.3965 0.03851827 -0.008155599
0.397 0.03698511 -0.010623157
0.3975 0.03544121 -0.013075739
0.398 0.03388675 -0.0155117065
0.3985 0.03232193 -0.017929316
0.399 0.03074693 -0.020326898
0.3995 0.02916194 -0.022702634
0.4 0.02756712 -0.025054827
0.4005 0.02600987 -0.027682558
0.401 0.0245738 -0.030217946
0.4015 0.02322544 -0.032476425
0.402 0.02192834 -0.034388304
0.4025 0.02066351 -0.03595008
0.403 0.0194223 -0.037192762
0.4035 0.01820083 -0.038161665
0.404 0.01699729 -0.038905054
0.4045 0.01581077 -0.03946787
0.405 0.01464078 -0.039889365
0.4055 0.01348697 -0.04020214
0.406 0.01234909 -0.040432334
0.4065 0.01122692 -0.040600598
0.407 0.01012027 -0.040722817
0.4075 0.009028953 -0.04081112
0.408 0.007952793 -0.04087457
0.4085 0.006891618 -0.040919945
0.409 0.005845254 -0.040952265
0.4095 0.004813532 -0.040975213
0.41 0.003796284 -0.040991396
0.4105 0.002793342 -0.041002765
0.411 0.001804539 -0.041010737
0.4115 0.0008297083 -0.04101631
0.412 -0.0001313152 -0.041020155
0.4125 -0.001078697 -0.041022852
0.413 -0.0020126 -0.041024685
0.4135 -0.002933189 -0.04102595
0.414 -0.003840627 -0.04102683
0.4145 -0.004735075 -0.041027427
0.415 -0.005616695 -0.041027814
0.4155 -0.006485646 -0.041028067
0.416 -0.007342089 -0.04102826
0.4165 -0.008186182 -0.041028365
0.417 -0.009018082 -0.041028455
0.4175 -0.009837946 -0.04102853
0.418 -0.01064593 -0.04102856
0.4185 -0.01144219 -0.04102856
0.419 -0.01222687 -0.041028574
0.4195 -0.01300013 -0.041028574
0.42 -0.01376212 -0.04102856
0.4205 -0.014513 -0.041028574
0.421 -0.0152529 -0.041028574
0.4215 -0.01598197 -0.041028574
0.422 -0.01670037 -0.041028574
0.4225 -0.01740823 -0.041028574
0.423 -0.0181057 -0.041028574
0.4235 -0.01879292 -0.041028574
0.424 -0.01947003 -0.041028574
0.4245 -0.02013718 -0.041028574
0.425 -0.02079449 -0.041028574
0.4255 -0.02144211 -0.041028574
0.426 -0.02208016 -0.041028574
0.4265 -0.0227088 -0.041028574
0.427 -0.02332813 -0.041028574
0.4275 -0.02393831 -0.041028574
0.428 -0.02453945 -0.041028574
0.4285 -0.02513168 -0.041028574
0.429 -0.02571514 -0.041028574
0.4295 -0.02628994 -0.041028574
0.43 -0.02685622 -0.041028574
0.4305 -0.02741408 -0.041028574
0.431 -0.02796366 -0.041028574
0.4315 -0.02850507 -0.041028574
0.432 -0.02903843 -0.041028574
0.4325 -0.02956385 -0.041028574
0.433 -0.03008146 -0.041028574
0.4335 -0.03059136 -0.041028574
0.434 -0.03109367 -0.041028574
0.4345 -0.0315885 -0.041028574
0.435 -0.03207595 -0.041028574
0.4355 -0.03255615 -0.041028574
0.436 -0.03302918 -0.041028574
0.4365 -0.03349516 -0.041028574
0.437 -0.0339542 -0.041028574
0.4375 -0.03440638 -0.041028574
0.438 -0.03485183 -0.041028574
0.4385 -0.03529063 -0.041028574
0.439 -0.03572288 -0.041028574
0.4395 -0.03614868 -0.041028574
0.44 -0.03656813 -0.041028574
0.4405 -0.03698132 -0.041028574
0.441 -0.03738835 -0.041028574
0.4415 -0.0377893 -0.041028574
0.442 -0.03818427 -0.041028574
0.4425 -0.03857335 -0.041028574
0.443 -0.03895662 -0.041028574
0.4435 -0.03933417 -0.041028574
0.444 -0.03970609 -0.041028574
0.4445 -0.04007247 -0.041028574
0.445 -0.04043338 -0.041028574
0.4455 -0.0407889 -0.041028574
0.446 -0.04113913 -0.041028574
0.4465 -0.04148413 -0.041028574
0.447 -0.041824 -0.041028574
0.4475 -0.04215879 -0.041028574
0.448 -0.0424886 -0.041028574
0.4485 -0.0428135 -0.041028574
0.449 -0.04313356 -0.041028574
0.4495 -0.04344885 -0.041028574
0.45 -0.04375945 -0.041028574
0.4505 -0.04406542 -0.041028574
0.451 -0.04436684 -0.041028574
0.4515 -0.04466378 -0.041028574
0.452 -0.0449563 -0.041028574
0.4525 -0.04524448 -0.041028574
0.453 -0.04552837 -0.041028574
0.4535 -0.04580805 -0.041028574
0.454 -0.04608357 -0.041028574
0.4545 -0.04635499 -0.041028574
0.455 -0.0466224 -0.041028574
0.4555 -0.04688583 -0.041028574
0.456 -0.04714536 -0.041028574
0.4565 -0.04740103 -0.041028574
0.457 -0.04765292 -0.041028574
0.4575 -0.04790108 -0.041028574
0.458 -0.04814556 -0.041028574
0.4585 -0.04838643 -0.041028574
0.459 -0.04862373 -0.041028574
0.4595 -0.04885752 -0.041028574
0.46 -0.04908785 -0.041028574
0.4605 -0.04931478 -0.041028574
0.461 -0.04953836 -0.041028574
0.4615 -0.04975863 -0.041028574
0.462 -0.04997566 -0.041028574
0.4625 -0.05018948 -0.041028574
0.463 -0.05040015 -0.041028574
0.4635 -0.05060771 -0.041028574
0.464 -0.05081222 -0.041028574
0.4645 -0.05101371 -0.041028574
0.465 -0.05121224 -0.041028574
0.4655 -0.05140785 -0.041028574
0.466 -0.05160058 -0.041028574
0.4665 -0.05179048 -0.041028574
0.467 -0.05197759 -0.041028574
0.4675 -0.05216196 -0.041028574
0.468 -0.05234361 -0.041028574
0.4685 -0.05252261 -0.041028574
0.469 -0.05269898 -0.041028574
0.4695 -0.05287276 -0.041028574
0.47 -0.053044 -0.041028574
0.4705 -0.05321273 -0.041028574
0.471 -0.05337899 -0.041028574
0.4715 -0.05354283 -0.041028574
0.472 -0.05370427 -0.041028574
0.4725 -0.05386335 -0.041028574
0.473 -0.0540201 -0.041028574
0.4735 -0.05417457 -0.041028574
0.474 -0.05432679 -0.041028574
0.4745 -0.05447679 -0.041028574
0.475 -0.0546246 -0.041028574
0.4755 -0.05477026 -0.041028574
0.476 -0.0549138 -0.041028574
0.4765 -0.05505526 -0.041028574
0.477 -0.05519466 -0.041028574
0.4775 -0.05533203 -0.041028574
0.478 -0.05546741 -0.041028574
0.4785 -0.05560082 -0.041028574
0.479 -0.0557323 -0.041028574
0.4795 -0.05586187 -0.041028574
0.48 -0.05598956 -0.041028574
0.4805 -0.05611541 -0.041028574
0.481 -0.05623943 -0.041028574
0.4815 -0.05636166 -0.041028574
0.482 -0.05648213 -0.041028574
0.4825 -0.05660085 -0.041028574
0.483 -0.05671786 -0.041028574
0.4835 -0.05683318 -0.041028574
0.484 -0.05694684 -0.041028574
0.4845 -0.05705886 -0.041028574
0.485 -0.05716926 -0.041028574
0.4855 -0.05727808 -0.041028574
0.486 -0.05738533 -0.041028574
0.4865 -0.05749104 -0.041028574
0.487 -0.05759522 -0.041028574
0.4875 -0.05769792 -0.041028574
0.488 -0.05779913 -0.041028574
0.4885 -0.0578989 -0.041028574
0.489 -0.05799723 -0.041028574
0.4895 -0.05809416 -0.041028574
0.49 -0.05818969 -0.041028574
0.4905 -0.05828386 -0.041028574
0.491 -0.05837668 -0.041028574
0.4915 -0.05846817 -0.041028574
0.492 -0.05855836 -0.041028574
0.4925 -0.05864726 -0.041028574
0.493 -0.05873489 -0.041028574
0.4935 -0.05882127 -0.041028574
0.494 -0.05890641 -0.041028574
0.4945 -0.05899035 -0.041028574
0.495 -0.05907308 -0.041028574
0.4955 -0.05915464 -0.041028574
0.496 -0.05923504 -0.041028574
0.4965 -0.0593143 -0.041028574
0.497 -0.05939243 -0.041028574
0.4975 -0.05946945 -0.041028574
0.498 -0.05954538 -0.041028574
0.4985 -0.05962023 -0.041028574
0.499 -0.05969402 -0.041028574
0.4995 -0.05976676 -0.041028574
