0.0 -0.065 0.0021736678
0.0005 -0.06452437 -0.0077485237
0.001 -0.06326148 -0.019876475
0.0015 -0.06146967 -0.029528031
0.002 -0.05933995 -0.036446966
0.0025 -0.05697831 -0.041203924
0.003 -0.05444504 -0.04432801
0.0035 -0.0517769 -0.04619337
0.004 -0.0490031 -0.047053836
0.0045 -0.04614478 -0.047087036
0.005 -0.04321061 -0.046424575
0.0055 -0.04020839 -0.04516954
0.006 -0.03714588 -0.043406792
0.0065 -0.03402901 -0.041208126
0.007 -0.03086437 -0.038635887
0.0075 -0.02765702 -0.035744675
0.008 -0.02441171 -0.032582857
0.0085 -0.02113506 -0.029192934
0.009 -0.01783198 -0.025613138
0.0095 -0.01450937 -0.021876613
0.01 -0.01117319 -0.018013308
0.0105 -0.007828347 -0.014049331
0.011 -0.004479012 -0.010007957
0.0115 -0.001128864 -0.005909452
0.012 0.002219253 -0.001771817
0.0125 0.005563907 0.0023891237
0.013 0.00890249 0.0065596607
0.0135 0.01223093 0.010727694
0.014 0.01554609 0.014882674
0.0145 0.01884564 0.019015571
0.015 0.02212782 0.023118636
0.0155 0.02539116 0.027184984
0.016 0.02863441 0.031208685
0.0165 0.03184659 0.03518515
0.017 0.03494273 0.039109997
0.0175 0.03797007 0.04297977
0.018 0.04097152 0.046791486
0.0185 0.04396888 0.050542854
0.019 0.04697081 0.054231904
0.0195 0.04997844 0.057857417
0.02 0.05298892 0.06141793
0.0205 0.05599738 0.06491288
0.021 0.05899749 0.068341665
0.0215 0.06198399 0.0717039
0.022 0.06495241 0.07499977
0.0225 0.067899 0.07822924
0.023 0.0708206 0.08139252
0.0235 0.07371274 0.0844902
0.024 0.07656879 0.08752289
0.0245 0.07938548 0.09049099
0.025 0.08216245 0.093395494
0.0255 0.08490089 0.096237026
0.026 0.08760261 0.09901657
0.0265 0.09026947 0.10173523
0.027 0.09290312 0.10439377
0.0275 0.09550486 0.1069934
0.028 0.09807568 0.10953497
0.0285 0.1006163 0.11201965
0.029 0.1031271 0.11444863
0.0295 0.1056085 0.11682283
0.03 0.1080605 0.11914345
0.0305 0.1104826 0.121411644
0.031 0.1128749 0.12362852
0.0315 0.1152379 0.12579517
0.032 0.1175716 0.12791272
0.0325 0.1198762 0.12998234
0.033 0.1221517 0.1320049
0.0335 0.1243982 0.13398175
0.034 0.1266158 0.13591368
0.0345 0.1288043 0.13780202
0.035 0.1309641 0.13964759
0.0355 0.1330947 0.14145155
0.036 0.1351956 0.14321469
0.0365 0.1372674 0.14493833
0.037 0.1393104 0.14662312
0.0375 0.1413247 0.14827017
0.038 0.1433092 0.14988051
0.0385 0.1452648 0.1514547
0.039 0.1471925 0.1529939
0.0395 0.1490931 0.15449895
0.04 0.1509672 0.15597071
0.0405 0.1528153 0.15740995
0.041 0.1546378 0.15881751
0.0415 0.1564348 0.1601942
0.042 0.1582065 0.16154076
0.0425 0.1599533 0.16285802
0.043 0.1614959 0.16414674
0.0435 0.1626111 0.16540752
0.044 0.1636318 0.16664107
0.0445 0.164696 0.16784813
0.045 0.1658249 0.16902931
0.0455 0.1670474 0.17018546
0.046 0.1683755 0.17131697
0.0465 0.1698023 0.17242454
0.047 0.17131 0.17350884
0.0475 0.1728769 0.17457037
0.048 0.1744817 0.17560972
0.0485 0.1761054 0.17662759
0.049 0.1777325 0.17762424
0.0495 0.1793509 0.17860039
0.05 0.1809516 0.1795565
0.0505 0.1825279 0.18049313
0.051 0.1840756 0.18141063
0.0515 0.1855919 0.1823097
0.052 0.1870753 0.1831906
0.0525 0.1885254 0.1840538
0.053 0.1899423 0.18489982
0.0535 0.1913264 0.18572895
0.054 0.1926788 0.18654175
0.0545 0.1940005 0.18733858
0.055 0.1952926 0.1881196
0.0555 0.1965563 0.1888857
0.056 0.197793 0.18963678
0.0565 0.1990037 0.19037332
0.057 0.2001897 0.19109584
0.0575 0.2013519 0.19180445
0.058 0.2024915 0.19249956
0.0585 0.2036094 0.19318165
0.059 0.2047063 0.19385074
0.0595 0.2057831 0.19450732
0.06 0.2068405 0.19515173
0.0605 0.2078791 0.1957839
0.061 0.2088996 0.19640468
0.0615 0.2099025 0.19701402
0.062 0.2108883 0.19761215
0.0625 0.2118562 0.19819935
0.063 0.2128055 0.19877602
0.0635 0.2137377 0.19934224
0.064 0.2146534 0.1998982
0.0645 0.2155128 0.20044439
0.065 0.2162993 0.20098092
0.0655 0.2170455 0.2015077
0.066 0.2177809 0.20202537
0.0665 0.2185217 0.202534
0.067 0.2192732 0.20303358
0.0675 0.2200363 0.20352463
0.068 0.2208093 0.20400707
0.0685 0.2215886 0.20448129
0.069 0.2223705 0.20494743
0.0695 0.2231514 0.20540558
0.07 0.2239281 0.20585589
0.0705 0.2246973 0.20629881
0.071 0.225457 0.2067342
0.0715 0.2262064 0.20716219
0.072 0.2269449 0.20758308
0.0725 0.2276722 0.20799689
0.073 0.2283878 0.20840423
0.0735 0.2290917 0.2088045
0.074 0.2297838 0.20919843
0.0745 0.2304641 0.2095858
0.075 0.2311328 0.20996688
0.0755 0.2317897 0.21034189
0.076 0.2324339 0.21071084
0.0765 0.2330658 0.2110738
0.077 0.2336864 0.21143107
0.0775 0.2342965 0.21178253
0.078 0.2348966 0.21212853
0.0785 0.2354869 0.21246906
0.079 0.2360676 0.21280412
0.0795 0.2366391 0.213134
0.08 0.2372014 0.21345882
0.0805 0.2377547 0.21377839
0.081 0.2382991 0.2140932
0.0815 0.2388348 0.21440305
0.082 0.2393619 0.21470825
0.0825 0.2398805 0.21500863
0.083 0.2403907 0.21530448
0.0835 0.240892 0.21559583
0.084 0.2413838 0.21588282
0.0845 0.241867 0.21616553
0.085 0.2423425 0.21644382
0.0855 0.2428106 0.21671791
0.086 0.2432718 0.21698798
0.0865 0.243726 0.21725403
0.087 0.2441735 0.21751617
0.0875 0.2446142 0.21777435
0.088 0.2450478 0.2180288
0.0885 0.2454734 0.2182794
0.089 0.2458919 0.21852629
0.0895 0.2463042 0.21876965
0.09 0.2467104 0.21900944
0.0905 0.2471109 0.21924569
0.091 0.2475054 0.21947847
0.0915 0.2478927 0.21970792
0.092 0.2482734 0.21993415
0.0925 0.2486483 0.22015704
0.093 0.2490179 0.2203768
0.0935 0.2493822 0.22059347
0.094 0.2497414 0.22080688
0.0945 0.2500952 0.22101726
0.095 0.2504438 0.22122474
0.0955 0.2507869 0.22142924
0.096 0.2511231 0.22163086
0.0965 0.2514532 0.22182961
0.097 0.251778 0.22202565
0.0975 0.2520981 0.22221877
0.098 0.2524137 0.22240926
0.0985 0.2527248 0.2225971
0.099 0.2530314 0.22278236
0.0995 0.2533337 0.2229649
0.1 0.2536315 0.23184289
0.1005 0.2647986 0.24601369
0.101 0.2795709 0.26312637
0.1015 0.2958953 0.28181794
0.102 0.3129391 0.30127433
0.1025 0.3303205 0.3209953
0.103 0.3478297 0.34066623
0.1035 0.3653314 0.36008677
0.104 0.382728 0.37912884
0.1045 0.3999454 0.39771172
0.105 0.4169259 0.4157867
0.1055 0.4336245 0.4333262
0.106 0.450006 0.4503176
0.1065 0.4660438 0.46675876
0.107 0.481718 0.4826544
0.1075 0.4970144 0.49801436
0.108 0.5119234 0.5128514
0.1085 0.5264393 0.5271808
0.109 0.5405596 0.54101884
0.1095 0.5542844 0.55438244
0.11 0.5676158 0.5672891
0.1105 0.5805578 0.57975614
0.111 0.5931156 0.5918003
0.1115 0.6052955 0.6034383
0.112 0.6171047 0.61468625
0.1125 0.6285511 0.62555957
0.113 0.6396429 0.6360731
0.1135 0.6503889 0.6462414
0.114 0.6607979 0.6560778
0.1145 0.670879 0.6655953
0.115 0.6806413 0.6748064
0.1155 0.6900938 0.683723
0.116 0.6992456 0.6923561
0.1165 0.7081058 0.7007166
0.117 0.716683 0.70881474
0.1175 0.724986 0.71666026
0.118 0.7330234 0.7242625
0.1185 0.7408033 0.7316301
0.119 0.7483341 0.7387718
0.1195 0.7556236 0.7456957
0.12 0.7626796 0.75240946
0.1205 0.7695095 0.7589205
0.121 0.7761206 0.7652359
0.1215 0.7825201 0.77136254
0.122 0.7887149 0.777307
0.1225 0.7947115 0.7830753
0.123 0.8005164 0.7886735
0.1235 0.806136 0.7941074
0.124 0.8115763 0.79938257
0.1245 0.8168431 0.8045043
0.125 0.8219421 0.8094777
0.1255 0.8268788 0.8143078
0.126 0.8316585 0.81899905
0.1265 0.8362865 0.8235562
0.127 0.8407675 0.8279837
0.1275 0.8451066 0.8322856
0.128 0.8493082 0.836466
0.1285 0.853377 0.8405288
0.129 0.8573173 0.844478
0.1295 0.8611332 0.8483168
0.13 0.8648289 0.8520493
0.1305 0.8684083 0.85567844
0.131 0.8718751 0.8592075
0.1315 0.8752332 0.8626399
0.132 0.8784859 0.8659784
0.1325 0.8816369 0.8692261
0.133 0.8846893 0.87238586
0.1335 0.8876465 0.8754603
0.134 0.8905115 0.87845224
0.1345 0.8932873 0.88136405
0.135 0.8959767 0.8841983
0.1355 0.8985827 0.8869573
0.136 0.9011079 0.8896434
0.1365 0.903555 0.8922588
0.137 0.9059266 0.8948058
0.1375 0.9082252 0.8972862
0.138 0.9104531 0.89970213
0.1385 0.9126128 0.9020556
0.139 0.9147063 0.90434843
0.1395 0.916736 0.9065824
0.14 0.9187039 0.90875924
0.1405 0.920612 0.9108808
0.141 0.9224622 0.91294867
0.1415 0.9242565 0.9149643
0.142 0.9259967 0.9169293
0.1425 0.9276846 0.9188452
0.143 0.9293219 0.9207133
0.1435 0.9309103 0.9225352
0.144 0.9324513 0.924312
0.1445 0.9339465 0.92604506
0.145 0.9353974 0.92773575
0.1455 0.9368055 0.9293853
0.146 0.9381722 0.9309947
0.1465 0.9394988 0.9325653
0.147 0.9407867 0.934098
0.1475 0.9420372 0.9355939
0.148 0.9432514 0.9370543
0.1485 0.9444306 0.9384798
0.149 0.9455759 0.93987155
0.1495 0.9466885 0.94123054
0.15 0.9477695 0.9425577
0.1505 0.9488199 0.9438536
0.151 0.9498406 0.9451195
0.1515 0.9508328 0.94635606
0.152 0.9517974 0.94756395
0.1525 0.9527352 0.9487441
0.153 0.9536472 0.9498972
0.1535 0.9545342 0.951024
0.154 0.9553972 0.95212513
0.1545 0.9562368 0.9532014
0.155 0.9570539 0.95425326
0.1555 0.9578492 0.9552816
0.156 0.9586235 0.9562868
0.1565 0.9593775 0.9572696
0.157 0.9601119 0.95823056
0.1575 0.9608273 0.95917016
0.158 0.9615244 0.960089
0.1585 0.9622038 0.9609878
0.159 0.9628661 0.96186674
0.1595 0.963512 0.9627265
0.16 0.9641419 0.9635675
0.1605 0.9647564 0.9643902
0.161 0.9653561 0.9651952
0.1615 0.9659415 0.96598274
0.162 0.966513 0.96675336
0.1625 0.9670711 0.9675075
0.163 0.9676164 0.96824527
0.1635 0.9681493 0.9689674
0.164 0.9686701 0.9696741
0.1645 0.9691792 0.970366
0.165 0.9696759 0.971043
0.1655 0.9701609 0.9717058
0.166 0.9706351 0.9723545
0.1665 0.9710993 0.9729897
0.167 0.971554 0.9736115
0.1675 0.9719997 0.97422016
0.168 0.9724368 0.9748161
0.1685 0.9728656 0.97539943
0.169 0.9732863 0.97597075
0.1695 0.9736993 0.97653013
0.17 0.9741049 0.97707784
0.1705 0.9745032 0.97761405
0.171 0.9748945 0.97813916
0.1715 0.9752791 0.9786533
0.172 0.9756572 0.97915673
0.1725 0.9760289 0.97964966
0.173 0.9763945 0.98013246
0.1735 0.9767543 0.9806051
0.174 0.9771084 0.98106796
0.1745 0.9774572 0.98152107
0.175 0.9778006 0.9819648
0.1755 0.9781391 0.9823994
0.176 0.9784727 0.9828247
0.1765 0.9788016 0.9832413
0.177 0.9791261 0.983649
0.1775 0.9794462 0.9840482
0.178 0.9797621 0.984439
0.1785 0.9800738 0.98482144
0.179 0.9803816 0.9851959
0.1795 0.9806856 0.9855625
0.18 0.9809861 0.98592114
0.1805 0.9812832 0.98627234
0.181 0.981577 0.9866159
0.1815 0.9818678 0.98695195
0.182 0.9821557 0.98728085
0.1825 0.9824408 0.98760265
0.183 0.9827232 0.9879174
0.1835 0.9830031 0.98822534
0.184 0.9832806 0.9885264
0.1845 0.9835557 0.9888208
0.185 0.9838285 0.9891087
0.1855 0.9840993 0.98938996
0.186 0.984368 0.989665
0.1865 0.9846348 0.9899337
0.187 0.9848997 0.99019635
0.1875 0.9851625 0.9904529
0.188 0.9854234 0.9907032
0.1885 0.9856825 0.99094784
0.189 0.9859399 0.9911868
0.1895 0.9861959 0.9914198
0.19 0.9864505 0.99164724
0.1905 0.986704 0.99186915
0.191 0.9869563 0.9920856
0.1915 0.9872076 0.9922966
0.192 0.987458 0.9925022
0.1925 0.9877073 0.9927026
0.193 0.9879555 0.99289775
0.1935 0.9882027 0.99308777
0.194 0.9884489 0.9932727
0.1945 0.9886944 0.99345267
0.195 0.9889392 0.99362767
0.1955 0.9891834 0.99379784
0.196 0.9894271 0.9939631
0.1965 0.9896702 0.9941236
0.197 0.9899129 0.9942794
0.1975 0.9901552 0.9944304
0.198 0.9903964 0.994577
0.1985 0.9906351 0.9947189
0.199 0.9908727 0.99485624
0.1995 0.99111 0.99498916
0.2 0.9913475 0.9833178
0.2005 0.9801956 0.97021425
0.201 0.9645392 0.9556206
0.2015 0.9467241 0.9396522
0.202 0.9278041 0.9225148
0.2025 0.908284 0.9044488
0.203 0.8884402 0.88569593
0.2035 0.868447 0.86647934
0.204 0.8484273 0.8469955
0.2045 0.8284741 0.8274105
0.205 0.8086605 0.8078609
0.2055 0.7890446 0.7884567
0.206 0.7696727 0.7692839
0.2065 0.7505816 0.7504088
0.207 0.7318001 0.73188066
0.2075 0.7133505 0.7137348
0.208 0.6952495 0.6959957
0.2085 0.6775093 0.6786783
0.209 0.6601384 0.6617906
0.2095 0.6431418 0.6453346
0.21 0.6265223 0.62930787
0.2105 0.6102803 0.61370456
0.211 0.5944144 0.598516
0.2115 0.5789221 0.58373183
0.212 0.5637992 0.56934
0.2125 0.5490412 0.55532783
0.213 0.5346422 0.54168206
0.2135 0.5205963 0.52838904
0.214 0.5068968 0.5154354
0.2145 0.4935368 0.5028078
0.215 0.4805091 0.49049345
0.2155 0.4678064 0.47847986
0.216 0.4554212 0.46675542
0.2165 0.4433461 0.455309
0.217 0.4315736 0.44413018
0.2175 0.4200963 0.43320903
0.218 0.4089069 0.42253676
0.2185 0.3979979 0.41210482
0.219 0.3873624 0.40190557
0.2195 0.3769931 0.39193198
0.22 0.3668832 0.38217753
0.2205 0.3570259 0.37263623
0.221 0.3474146 0.36330262
0.2215 0.3380427 0.35417178
0.222 0.328904 0.34523904
0.2225 0.3199922 0.33650026
0.223 0.3113013 0.32795143
0.2235 0.3028255 0.31958905
0.224 0.2945591 0.31140962
0.2245 0.2864965 0.30340996
0.225 0.2786322 0.29558706
0.2255 0.270961 0.28793797
0.226 0.2634778 0.2804599
0.2265 0.2561775 0.27315015
0.227 0.2490555 0.26600593
0.2275 0.2421069 0.25902477
0.228 0.2353271 0.2522038
0.2285 0.2287118 0.24554063
0.229 0.2222565 0.23903252
0.2295 0.2159571 0.23267682
0.23 0.2098095 0.2264709
0.2305 0.2038098 0.22041191
0.231 0.197954 0.21449737
0.2315 0.1922385 0.20872433
0.232 0.1866595 0.20309006
0.2325 0.1812135 0.19759168
0.233 0.1758971 0.19222645
0.2335 0.170707 0.18699148
0.234 0.1656398 0.18188381
0.2345 0.1606924 0.17690058
0.235 0.1558617 0.17203894
0.2355 0.1511448 0.16729589
0.236 0.1465387 0.16266854
0.2365 0.1420407 0.15815403
0.237 0.1376478 0.15374945
0.2375 0.1333575 0.14945193
0.238 0.1291672 0.14525864
0.2385 0.1250744 0.1411667
0.239 0.1210765 0.13717343
0.2395 0.1171711 0.13327603
0.24 0.1133561 0.12947182
0.2405 0.109629 0.1257581
0.241 0.1059876 0.122132406
0.2415 0.10243 0.118592
0.242 0.09895379 0.11513452
0.2425 0.09555714 0.111757554
0.243 0.09223801 0.1084586
0.2435 0.08899448 0.1052355
0.244 0.08582469 0.10208592
0.2445 0.0827268 0.09900773
0.245 0.07969904 0.09599876
0.2455 0.07673968 0.09305694
0.246 0.07384705 0.090180375
0.2465 0.0710195 0.08736705
0.247 0.06825543 0.08461516
0.2475 0.06555331 0.08192289
0.248 0.06291161 0.07928842
0.2485 0.06032886 0.07671028
0.249 0.05780363 0.07418663
0.2495 0.05533453 0.07171604
0.25 0.05292019 0.06929701
0.2505 0.05055929 0.06692804
0.251 0.04825054 0.06460772
0.2515 0.04599269 0.0623348
0.252 0.04378451 0.06010794
0.2525 0.04162482 0.05792585
0.253 0.03951244 0.055787474
0.2535 0.03744625 0.053691484
0.254 0.03542514 0.051636882
0.2545 0.03344805 0.049622536
0.255 0.03151392 0.047647476
0.2555 0.02962174 0.04571063
0.256 0.02777052 0.043811105
0.2565 0.02595928 0.04194796
0.257 0.02418708 0.040120296
0.2575 0.022453 0.038327225
0.258 0.02075615 0.036568
0.2585 0.01909565 0.034841783
0.259 0.01747066 0.033147708
0.2595 0.01588034 0.031485155
0.26 0.01432388 0.029853335
0.2605 0.01280049 0.028251505
0.261 0.01130941 0.026679045
0.2615 0.009849887 0.025135225
0.262 0.008421189 0.023619486
0.2625 0.007022604 0.02213118
0.263 0.005653437 0.02066963
0.2635 0.004313011 0.019234335
0.264 0.003000665 0.017824685
0.2645 0.001715756 0.016440129
0.265 0.0004576547 0.015080107
0.2655 -0.0007742514 0.013744092
0.266 -0.00198056 0.012431627
0.2665 -0.003161853 0.011142099
0.267 -0.0043187 0.009875143
0.2675 -0.005451654 0.008630244
0.268 -0.006561258 0.007406866
0.2685 -0.007648038 0.006204644
0.269 -0.00871251 0.005023064
0.2695 -0.009755174 0.0038617868
0.27 -0.01077652 0.0027203206
0.2705 -0.01177703 0.0015982669
0.271 -0.01275717 0.0004952457
0.2715 -0.01371739 -0.0005891491
0.272 -0.01465814 -0.0016552899
0.2725 -0.01557985 -0.0027035754
0.273 -0.01648294 -0.0037343446
0.2735 -0.01736782 -0.00474797
0.274 -0.01823491 -0.005744772
0.2745 -0.01908459 -0.0067251343
0.275 -0.01991724 -0.007689314
0.2755 -0.02073325 -0.008637687
0.276 -0.02153297 -0.009570556
0.2765 -0.02231676 -0.010488236
0.277 -0.02308498 -0.01139099
0.2775 -0.02383795 -0.012279158
0.278 -0.02457602 -0.0131530035
0.2785 -0.02529951 -0.014012808
0.279 -0.02600873 -0.014858825
0.2795 -0.026704 -0.015691305
0.28 -0.02738561 -0.01651053
0.2805 -0.02805386 -0.017316764
0.281 -0.02870903 -0.018110229
0.2815 -0.02935142 -0.01889115
0.282 -0.02998129 -0.019659786
0.2825 -0.03059891 -0.020416332
0.283 -0.03120454 -0.02116104
0.2835 -0.03179845 -0.021894077
0.284 -0.03238087 -0.02261567
0.2845 -0.03295205 -0.023326026
0.285 -0.03351224 -0.024025341
0.2855 -0.03406165 -0.024713794
0.286 -0.03460053 -0.0253916
0.2865 -0.0351291 -0.0260589
0.287 -0.03564756 -0.026715884
0.2875 -0.03615614 -0.027362714
0.288 -0.03665503 -0.027999608
0.2885 -0.03714445 -0.028626656
0.289 -0.03762459 -0.029244037
0.2895 -0.03809564 -0.029851886
0.29 -0.0385578 -0.030450406
0.2905 -0.03901124 -0.031039676
0.291 -0.03945616 -0.03161989
0.2915 -0.03989271 -0.03219117
0.292 -0.04032109 -0.032753613
0.2925 -0.04074145 -0.03330739
0.293 -0.04115396 -0.033852626
0.2935 -0.04155878 -0.03438942
0.294 -0.04195607 -0.03491791
0.2945 -0.04234599 -0.035438213
0.295 -0.04272867 -0.03595043
0.2955 -0.04310428 -0.03645467
0.296 -0.04347296 -0.03695106
0.2965 -0.04383484 -0.03743967
0.297 -0.04419006 -0.03792066
0.2975 -0.04453876 -0.03839407
0.298 -0.04488107 -0.038860027
0.2985 -0.04521712 -0.03931864
0.299 -0.04554703 -0.03976997
0.2995 -0.04587093 -0.04021416
0.3 -0.04618893 -0.040651277
0.3005 -0.04650116 -0.041081376
0.301 -0.04680773 -0.041504614
0.3015 -0.04710875 -0.041921016
0.302 -0.04740434 -0.042330697
0.3025 -0.0476946 -0.042733707
0.303 -0.04797963 -0.04313017
0.3035 -0.04825954 -0.043520138
0.304 -0.04853443 -0.043903705
0.3045 -0.0488044 -0.044280957
0.305 -0.04906955 -0.044651963
0.3055 -0.04932997 -0.04501678
0.306 -0.04958574 -0.04537551
0.3065 -0.04983698 -0.0457282
0.307 -0.05008375 -0.04607495
0.3075 -0.05032616 -0.04641582
0.308 -0.05056427 -0.046750877
0.3085 -0.05079819 -0.047080223
0.309 -0.05102798 -0.04740389
0.3095 -0.05125373 -0.047721963
0.31 -0.05147551 -0.048034534
0.3105 -0.05169341 -0.048341636
0.311 -0.05190749 -0.048643373
0.3115 -0.05211784 -0.04893977
0.312 -0.05232451 -0.049230937
0.3125 -0.05252759 -0.049516924
0.313 -0.05272713 -0.049797792
0.3135 -0.05292321 -0.050073594
0.314 -0.0531159 -0.05034443
0.3145 -0.05330525 -0.050610345
0.315 -0.05349133 -0.050871417
0.3155 -0.0536742 -0.051127683
0.316 -0.05385393 -0.051379234
0.3165 -0.05403057 -0.051626146
0.317 -0.05420417 -0.051868457
0.3175 -0.05437481 -0.052106217
0.318 -0.05454252 -0.05233952
0.3185 -0.05470737 -0.05256843
0.319 -0.05486942 -0.05279298
0.3195 -0.0550287 -0.053013243
0.32 -0.05518528 -0.05322931
0.3205 -0.0553392 -0.053441208
0.321 -0.05549051 -0.053649027
0.3215 -0.05563927 -0.053852804
0.322 -0.05578551 -0.054052606
0.3225 -0.05592929 -0.054248475
0.323 -0.05607065 -0.05444051
0.3235 -0.05620963 -0.05462874
0.324 -0.05634628 -0.05481326
0.3245 -0.05648064 -0.05499407
0.325 -0.05661276 -0.05517126
0.3255 -0.05674266 -0.055344883
0.326 -0.0568704 -0.055515014
0.3265 -0.05699602 -0.055681705
0.327 -0.05711954 -0.055845007
0.3275 -0.05724101 -0.056004964
0.328 -0.05736047 -0.05616162
0.3285 -0.05747795 -0.056315046
0.329 -0.05759349 -0.05646532
0.3295 -0.05770712 -0.05661246
0.33 -0.05781888 -0.056756552
0.3305 -0.0579288 -0.05689761
0.331 -0.05803692 -0.057035714
0.3315 -0.05814326 -0.057170935
0.332 -0.05824785 -0.05730328
0.3325 -0.05835074 -0.057432823
0.333 -0.05845194 -0.057559617
0.3335 -0.0585515 -0.057683706
0.334 -0.05864943 -0.05780513
0.3345 -0.05874576 -0.05792394
0.335 -0.05884054 -0.058040213
0.3355 -0.05893377 -0.058153942
0.336 -0.05902549 -0.058265224
0.3365 -0.05911573 -0.058374092
0.337 -0.05920451 -0.05848058
0.3375 -0.05929186 -0.058584757
0.338 -0.0593778 -0.05868663
0.3385 -0.05946236 -0.058786273
0.339 -0.05954556 -0.058883723
0.3395 -0.05962743 -0.058979016
0.34 -0.05970798 -0.059072174
0.3405 -0.05978724 -0.059163276
0.341 -0.05986524 -0.059252374
0.3415 -0.05994199 -0.059339445
0.342 -0.06001751 -0.059424587
0.3425 -0.06009184 -0.059507813
0.343 -0.06016498 -0.05958917
0.3435 -0.06023696 -0.0596687
0.344 -0.0603078 -0.059746433
0.3445 -0.06037751 -0.059822403
0.345 -0.06044613 -0.059896648
0.3455 -0.06051365 -0.059969183
0.346 -0.06058012 -0.060040094
0.3465 -0.06064553 -0.06010938
0.347 -0.06070992 -0.060177106
0.3475 -0.06077329 -0.060243245
0.348 -0.06083567 -0.060307898
0.3485 -0.06089707 -0.060371026
0.349 -0.06095751 -0.060432713
0.3495 -0.061017 -0.06049299
0.35 -0.06107557 -0.06055187
0.3505 -0.06113322 -0.06060938
0.351 -0.06118997 -0.06066555
0.3515 -0.06124583 -0.06072045
0.352 -0.06130083 -0.060774025
0.3525 -0.06135497 -0.060826395
0.353 -0.06140828 -0.06087752
0.3535 -0.06146075 -0.060927447
0.354 -0.06151242 -0.060976204
0.3545 -0.06156329 -0.061023813
0.355 -0.06161337 -0.061070323
0.3555 -0.06166267 -0.06111574
0.356 -0.06171122 -0.061160084
0.3565 -0.06175902 -0.06120338
0.357 -0.06180609 -0.061245665
0.3575 -0.06185243 -0.06128694
0.358 -0.06189807 -0.061327234
0.3585 -0.061943 -0.061366584
0.359 -0.06198724 -0.061405003
0.3595 -0.06203081 -0.06144251
0.36 -0.06207372 -0.06147912
0.3605 -0.06211597 -0.061514862
0.361 -0.06215757 -0.06154976
0.3615 -0.06219854 -0.06158381
0.362 -0.06223889 -0.06161706
0.3625 -0.06227863 -0.06164951
0.363 -0.06231776 -0.06168118
0.3635 -0.0623563 -0.0617121
0.364 -0.06239426 -0.061742283
0.3645 -0.06243164 -0.061771736
0.365 -0.06246846 -0.061800472
0.3655 -0.06250472 -0.061828557
0.366 -0.06254043 -0.06185592
0.3665 -0.06257561 -0.061882645
0.367 -0.06261026 -0.061908737
0.3675 -0.06264438 -0.061934184
0.368 -0.062678 -0.061959043
0.3685 -0.0627111 -0.06198328
0.369 -0.06274372 -0.06200694
0.3695 -0.06277584 -0.06203004
0.37 -0.06280749 -0.062052563
0.3705 -0.06283866 -0.062074553
0.371 -0.06286936 -0.062096007
0.3715 -0.06289961 -0.06211693
0.372 -0.06292941 -0.062137336
0.3725 -0.06295876 -0.062157266
0.373 -0.06298768 -0.062176727
0.3735 -0.06301617 -0.06219569
0.374 -0.06304423 -0.062214207
0.3745 -0.06307188 -0.06223227
0.375 -0.06309912 -0.062249888
0.3755 -0.06312595 -0.062267087
0.376 -0.06315239 -0.06228385
0.3765 -0.06317844 -0.062300224
0.377 -0.0632041 -0.062316187
0.3775 -0.06322938 -0.062331773
0.378 -0.0632543 -0.062346973
0.3785 -0.06327884 -0.0623618
0.379 -0.06330303 -0.06237627
0.3795 -0.06332685 -0.06239038
0.38 -0.06335033 -0.06240415
0.3805 -0.06337347 -0.06241759
0.381 -0.06339626 -0.062430695
0.3815 -0.06341872 -0.062443487
0.382 -0.06344086 -0.06245596
0.3825 -0.06346267 -0.06246812
0.383 -0.06348416 -0.06247998
0.3835 -0.06350533 -0.06249156
0.384 -0.0635262 -0.06250284
0.3845 -0.06354676 -0.06251387
0.385 -0.06356703 -0.06252462
0.3855 -0.063587 -0.06253509
0.386 -0.06360668 -0.06254532
0.3865 -0.06362607 -0.062555306
0.387 -0.06364518 -0.06256503
0.3875 -0.06366402 -0.062574506
0.388 -0.06368258 -0.06258377
0.3885 -0.06370087 -0.0625928
0.389 -0.0637189 -0.06260162
0.3895 -0.06373667 -0.06261021
0.39 -0.06375418 -0.06261859
0.3905 -0.06377144 -0.06262677
0.391 -0.06378845 -0.062634744
0.3915 -0.06380522 -0.06264252
0.392 -0.06382174 -0.0626501
0.3925 -0.06383803 -0.0626575
0.393 -0.06385408 -0.06266472
0.3935 -0.0638699 -0.06267175
0.394 -0.0638855 -0.06267863
0.3945 -0.06390087 -0.062685326
0.395 -0.06391602 -0.062691845
0.3955 -0.06393095 -0.06269822
0.396 -0.06394567 -0.06270443
0.3965 -0.06396018 -0.0627105
0.397 -0.06397448 -0.06271642
0.3975 -0.06398858 -0.06272217
0.398 -0.06400248 -0.0627278
0.3985 -0.06401618 -0.06273327
0.399 -0.06402968 -0.062738635
0.3995 -0.06404299 -0.06274384
0.4 -0.06405611 -0.06274892
0.4005 -0.06406905 -0.06275389
0.401 -0.0640818 -0.062758744
0.4015 -0.06409437 -0.06276344
0.402 -0.06410676 -0.06276806
0.4025 -0.06411898 -0.062772535
0.403 -0.06413102 -0.06277693
0.4035 -0.06414289 -0.06278119
0.404 -0.0641546 -0.06278535
0.4045 -0.06416614 -0.0627894
0.405 -0.06417751 -0.06279337
0.4055 -0.06418873 -0.062797256
0.406 -0.06419979 -0.062801026
0.4065 -0.06421069 -0.06280469
0.407 -0.06422144 -0.06280826
0.4075 -0.06423203 -0.062811755
0.408 -0.06424248 -0.06281516
0.4085 -0.06425278 -0.062818475
0.409 -0.06426294 -0.06282174
0.4095 -0.06427295 -0.062824905
0.41 -0.06428282 -0.06282798
0.4105 -0.06429256 -0.062831
0.411 -0.06430215 -0.06283394
0.4115 -0.06431162 -0.0628368
0.412 -0.06432095 -0.06283959
0.4125 -0.06433015 -0.06284232
0.413 -0.06433922 -0.06284496
0.4135 -0.06434816 -0.062847555
0.414 -0.06435698 -0.06285007
0.4145 -0.06436568 -0.06285253
0.415 -0.06437425 -0.06285494
0.4155 -0.06438271 -0.06285727
0.416 -0.06439105 -0.06285955
0.4165 -0.06439927 -0.06286176
0.417 -0.06440737 -0.06286395
0.4175 -0.06441537 -0.06286606
0.418 -0.06442325 -0.062868126
0.4185 -0.06443103 -0.06287014
0.419 -0.06443869 -0.06287209
0.4195 -0.06444625 -0.06287403
0.42 -0.06445371 -0.06287588
0.4205 -0.06446106 -0.062877715
0.421 -0.06446831 -0.062879495
0.4215 -0.06447545 -0.06288122
0.422 -0.0644825 -0.06288292
0.4225 -0.06448946 -0.06288455
0.423 -0.06449631 -0.06288615
0.4235 -0.06450307 -0.062887706
0.424 -0.06450974 -0.062889256
0.4245 -0.06451632 -0.06289073
0.425 -0.0645228 -0.0628922
0.4255 -0.0645292 -0.06289362
0.426 -0.06453551 -0.06289501
0.4265 -0.06454173 -0.06289635
0.427 -0.06454787 -0.062897675
0.4275 -0.06455392 -0.062898934
0.428 -0.06455988 -0.062900186
0.4285 -0.06456577 -0.062901415
0.429 -0.06457157 -0.062902614
0.4295 -0.0645773 -0.06290376
0.43 -0.06458295 -0.06290492
0.4305 -0.06458852 -0.06290599
0.431 -0.06459401 -0.06290708
0.4315 -0.06459943 -0.06290812
0.432 -0.06460477 -0.062909134
0.4325 -0.06461004 -0.06291013
0.433 -0.06461524 -0.06291111
0.4335 -0.06462036 -0.06291205
0.434 -0.06462542 -0.06291298
0.4345 -0.06463041 -0.06291387
0.435 -0.06463533 -0.06291476
0.4355 -0.06464018 -0.06291562
0.436 -0.06464497 -0.06291645
0.4365 -0.06464969 -0.06291726
0.437 -0.06465435 -0.06291806
0.4375 -0.06465894 -0.06291884
0.438 -0.06466347 -0.062919594
0.4385 -0.06466794 -0.06292034
0.439 -0.06467235 -0.06292107
0.4395 -0.0646767 -0.06292176
0.44 -0.06468099 -0.06292243
0.4405 -0.06468522 -0.06292311
0.441 -0.06468939 -0.06292377
0.4415 -0.06469351 -0.0629244
0.442 -0.06469757 -0.06292502
0.4425 -0.06470157 -0.06292563
0.443 -0.06470553 -0.06292621
0.4435 -0.06470942 -0.062926784
0.444 -0.06471327 -0.06292734
0.4445 -0.06471706 -0.062927894
0.445 -0.0647208 -0.062928416
0.4455 -0.0647245 -0.06292893
0.446 -0.06472814 -0.06292944
0.4465 -0.06473173 -0.062929936
0.447 -0.06473527 -0.06293041
0.4475 -0.06473877 -0.062930875
0.448 -0.06474222 -0.06293135
0.4485 -0.06474562 -0.0629318
0.449 -0.06474898 -0.062932216
0.4495 -0.06475229 -0.062932655
0.45 -0.06475555 -0.06293308
0.4505 -0.06475878 -0.06293346
0.451 -0.06476195 -0.062933855
0.4515 -0.06476509 -0.06293425
0.452 -0.06476818 -0.062934615
0.4525 -0.06477124 -0.06293498
0.453 -0.06477425 -0.06293536
0.4535 -0.06477722 -0.06293568
0.454 -0.06478015 -0.06293603
0.4545 -0.06478304 -0.06293635
0.455 -0.06478589 -0.06293667
0.4555 -0.06478871 -0.062936984
0.456 -0.06479149 -0.06293728
0.4565 -0.06479423 -0.06293759
0.457 -0.06479693 -0.06293788
0.4575 -0.06479959 -0.06293817
0.458 -0.06480223 -0.06293844
0.4585 -0.06480482 -0.06293872
0.459 -0.06480738 -0.062938996
0.4595 -0.06480991 -0.06293923
0.46 -0.0648124 -0.06293947
0.4605 -0.06481486 -0.06293973
0.461 -0.06481729 -0.062939964
0.4615 -0.06481968 -0.0629402
0.462 -0.06482204 -0.062940426
0.4625 -0.06482438 -0.062940635
0.463 -0.06482667 -0.06294085
0.4635 -0.06482894 -0.06294108
0.464 -0.06483118 -0.06294128
0.4645 -0.06483339 -0.06294148
0.465 -0.06483557 -0.06294166
0.4655 -0.06483772 -0.06294187
0.466 -0.06483984 -0.06294206
0.4665 -0.06484194 -0.06294224
0.467 -0.064844 -0.06294242
0.4675 -0.06484604 -0.06294257
0.468 -0.06484805 -0.06294274
0.4685 -0.06485004 -0.0629429
0.469 -0.06485199 -0.06294306
0.4695 -0.06485393 -0.06294323
0.47 -0.06485583 -0.06294336
0.4705 -0.06485771 -0.06294351
0.471 -0.06485957 -0.062943645
0.4715 -0.0648614 -0.0629438
0.472 -0.06486321 -0.06294391
0.4725 -0.06486499 -0.06294406
0.473 -0.06486675 -0.06294418
0.4735 -0.06486849 -0.062944315
0.474 -0.0648702 -0.06294443
0.4745 -0.06487189 -0.06294455
0.475 -0.06487356 -0.06294467
0.4755 -0.0648752 -0.0629448
0.476 -0.06487683 -0.06294491
0.4765 -0.06487843 -0.06294504
0.477 -0.06488001 -0.06294512
0.4775 -0.06488157 -0.062945254
0.478 -0.06488311 -0.06294533
0.4785 -0.06488463 -0.06294543
0.479 -0.06488613 -0.06294552
0.4795 -0.06488761 -0.06294561
0.48 -0.06488907 -0.062945716
0.4805 -0.06489051 -0.0629458
0.481 -0.06489194 -0.062945895
0.4815 -0.06489334 -0.06294597
0.482 -0.06489472 -0.062946066
0.4825 -0.06489609 -0.06294615
0.483 -0.06489744 -0.06294622
0.4835 -0.06489877 -0.0629463
0.484 -0.06490008 -0.06294638
0.4845 -0.06490138 -0.062946446
0.485 -0.06490266 -0.06294651
0.4855 -0.06490392 -0.06294658
0.486 -0.06490516 -0.06294664
0.4865 -0.06490639 -0.0629467
0.487 -0.06490761 -0.06294677
0.4875 -0.0649088 -0.06294684
0.488 -0.06490998 -0.06294691
0.4885 -0.06491115 -0.06294697
0.489 -0.0649123 -0.06294703
0.4895 -0.06491344 -0.06294708
0.49 -0.06491456 -0.06294713
0.4905 -0.06491566 -0.06294718
0.491 -0.06491675 -0.06294723
0.4915 -0.06491783 -0.062947266
0.492 -0.06491889 -0.06294733
0.4925 -0.06491994 -0.062947385
0.493 -0.06492098 -0.06294743
0.4935 -0.064922 -0.062947474
0.494 -0.06492301 -0.06294753
0.4945 -0.064924 -0.062947564
0.495 -0.06492498 -0.06294759
0.4955 -0.06492595 -0.062947646
0.496 -0.06492691 -0.06294768
0.4965 -0.06492785 -0.062947735
0.497 -0.06492878 -0.06294776
0.4975 -0.0649297 -0.0629478
0.498 -0.06493061 -0.06294784
0.4985 -0.0649315 -0.06294787
0.499 -0.06493239 -0.062947914
0.4995 -0.06493326 -0.06294795
