0.0 -0.065 -0.015183112
0.0005 -0.065 -0.029241525
0.001 -0.065 -0.04077342
0.0015 -0.065 -0.0498361
0.002 -0.065 -0.056819424
0.0025 -0.065 -0.062146842
0.003 -0.065 -0.06618669
0.0035 -0.065 -0.069235094
0.004 -0.065 -0.071522094
0.0045 -0.065 -0.07322369
0.005 -0.065 -0.07447373
0.0055 -0.065 -0.075374074
0.006 -0.065 -0.07600248
0.0065 -0.065 -0.076418646
0.007 -0.065 -0.07666868
0.0075 -0.065 -0.07678852
0.008 -0.065 -0.07680631
0.0085 -0.065 -0.07674425
0.009 -0.065 -0.07661998
0.0095 -0.065 -0.07644754
0.01 -0.065 -0.07623817
0.0105 -0.065 -0.07600089
0.011 -0.065 -0.07574296
0.0115 -0.065 -0.07547022
0.012 -0.065 -0.07518733
0.0125 -0.065 -0.07489806
0.013 -0.065 -0.074605435
0.0135 -0.065 -0.07431185
0.014 -0.065 -0.0740192
0.0145 -0.065 -0.07372899
0.015 -0.065 -0.0734424
0.0155 -0.065 -0.07316033
0.016 -0.065 -0.072883435
0.0165 -0.065 -0.07261226
0.017 -0.065 -0.07234714
0.0175 -0.065 -0.072088346
0.018 -0.065 -0.07183604
0.0185 -0.065 -0.07159027
0.019 -0.065 -0.0713511
0.0195 -0.065 -0.07111847
0.02 -0.065 -0.07089233
0.0205 -0.065 -0.070672594
0.021 -0.065 -0.07045915
0.0215 -0.065 -0.07025186
0.022 -0.065 -0.070050605
0.0225 -0.065 -0.06985522
0.023 -0.065 -0.069665544
0.0235 -0.065 -0.069481425
0.024 -0.065 -0.06930274
0.0245 -0.065 -0.06912928
0.025 -0.065 -0.06896088
0.0255 -0.065 -0.06879746
0.026 -0.065 -0.06863881
0.0265 -0.065 -0.06848475
0.027 -0.065 -0.06833521
0.0275 -0.065 -0.06819002
0.028 -0.065 -0.068049006
0.0285 -0.065 -0.067912094
0.029 -0.065 -0.0677791
0.0295 -0.065 -0.06764993
0.03 -0.065 -0.06752447
0.0305 -0.065 -0.06740258
0.031 -0.065 -0.06728416
0.0315 -0.065 -0.06716909
0.032 -0.065 -0.06705728
0.0325 -0.065 -0.0669486
0.033 -0.065 -0.06684297
0.0335 -0.065 -0.06674034
0.034 -0.065 -0.066640526
0.0345 -0.065 -0.06654351
0.035 -0.065 -0.06644919
0.0355 -0.065 -0.06635747
0.036 -0.065 -0.066268295
0.0365 -0.065 -0.06618155
0.037 -0.065 -0.0660972
0.0375 -0.065 -0.06601516
0.038 -0.065 -0.06593536
0.0385 -0.065 -0.065857716
0.039 -0.065 -0.06578221
0.0395 -0.065 -0.06570875
0.04 -0.065 -0.06563724
0.0405 -0.065 -0.06556769
0.041 -0.065 -0.06550002
0.0415 -0.065 -0.06543415
0.042 -0.065 -0.065370046
0.0425 -0.065 -0.06530767
0.043 -0.065 -0.06524693
0.0435 -0.065 -0.065187834
0.044 -0.065 -0.065130316
0.0445 -0.065 -0.06507432
0.045 -0.065 -0.065019794
0.0455 -0.065 -0.06496672
0.046 -0.065 -0.06491507
0.0465 -0.065 -0.06486476
0.047 -0.065 -0.064815775
0.0475 -0.065 -0.06476808
0.048 -0.065 -0.06472166
0.0485 -0.065 -0.06467644
0.049 -0.065 -0.06463239
0.0495 -0.065 -0.06458951
0.05 -0.065 -0.06454775
0.0505 -0.065 -0.06450708
0.051 -0.065 -0.06446746
0.0515 -0.065 -0.064428866
0.052 -0.065 -0.064391285
0.0525 -0.065 -0.064354695
0.053 -0.065 -0.06431902
0.0535 -0.065 -0.0642843
0.054 -0.065 -0.06425046
0.0545 -0.065 -0.0642175
0.055 -0.065 -0.06418539
0.0555 -0.065 -0.06415411
0.056 -0.065 -0.06412364
0.0565 -0.065 -0.06409394
0.057 -0.065 -0.064065
0.0575 -0.065 -0.064036824
0.058 -0.065 -0.06400936
0.0585 -0.065 -0.06398262
0.059 -0.065 -0.06395654
0.0595 -0.065 -0.063931145
0.06 -0.065 -0.063906394
0.0605 -0.065 -0.063882284
0.061 -0.065 -0.063858785
0.0615 -0.065 -0.06383589
0.062 -0.065 -0.06381356
0.0625 -0.065 -0.06379182
0.063 -0.065 -0.063770615
0.0635 -0.065 -0.06374996
0.064 -0.065 -0.06372982
0.0645 -0.065 -0.06371019
0.065 -0.065 -0.06369108
0.0655 -0.065 -0.06367245
0.066 -0.065 -0.063654296
0.0665 -0.065 -0.0636366
0.067 -0.065 -0.06361936
0.0675 -0.065 -0.06360252
0.068 -0.065 -0.06358616
0.0685 -0.065 -0.063570194
0.069 -0.065 -0.063554615
0.0695 -0.065 -0.063539445
0.07 -0.065 -0.063524656
0.0705 -0.065 -0.06351025
0.071 -0.065 -0.06349618
0.0715 -0.065 -0.063482486
0.072 -0.065 -0.06346915
0.0725 -0.065 -0.063456126
0.073 -0.065 -0.06344344
0.0735 -0.065 -0.06343106
0.074 -0.065 -0.063419014
0.0745 -0.065 -0.06340726
0.075 -0.065 -0.06339582
0.0755 -0.065 -0.06338465
0.076 -0.065 -0.06337377
0.0765 -0.065 -0.06336316
0.077 -0.065 -0.063352816
0.0775 -0.065 -0.06334273
0.078 -0.065 -0.0633329
0.0785 -0.065 -0.0633233
0.079 -0.065 -0.06331397
0.0795 -0.065 -0.06330484
0.08 -0.065 -0.06329597
0.0805 -0.065 -0.06328731
0.081 -0.065 -0.063278876
0.0815 -0.065 -0.06327065
0.082 -0.065 -0.06326263
0.0825 -0.065 -0.06325481
0.083 -0.065 -0.06324721
0.0835 -0.065 -0.06323977
0.084 -0.065 -0.06323251
0.0845 -0.065 -0.06322544
0.085 -0.065 -0.06321856
0.0855 -0.065 -0.06321185
0.086 -0.065 -0.063205294
0.0865 -0.065 -0.06319892
0.087 -0.065 -0.06319269
0.0875 -0.065 -0.063186616
0.088 -0.065 -0.0631807
0.0885 -0.065 -0.06317494
0.089 -0.065 -0.06316934
0.0895 -0.065 -0.063163824
0.09 -0.065 -0.063158505
0.0905 -0.065 -0.06315328
0.091 -0.065 -0.06314819
0.0915 -0.065 -0.06314323
0.092 -0.065 -0.06313841
0.0925 -0.065 -0.063133694
0.093 -0.065 -0.063129105
0.0935 -0.065 -0.06312462
0.094 -0.065 -0.06312027
0.0945 -0.065 -0.06311599
0.095 -0.065 -0.06311185
0.0955 -0.065 -0.06310778
0.096 -0.065 -0.06310385
0.0965 -0.065 -0.06310001
0.097 -0.065 -0.063096255
0.0975 -0.065 -0.06309259
0.098 -0.065 -0.06308902
0.0985 -0.065 -0.06308555
0.099 -0.065 -0.06308215
0.0995 -0.065 -0.06307884
0.1 -0.065 -0.054686166
0.1005 -0.05313354 -0.051311024
0.101 -0.03597405 -0.042264797
0.1015 -0.01613244 -0.027612308
0.102 0.005143932 -0.009063313
0.1025 0.02718487 0.011983266
0.103 0.04960355 0.03457185
0.1035 0.07221616 0.058068298
0.104 0.09492697 0.08204984
0.1045 0.1176701 0.10623
0.105 0.1403877 0.13041244
0.1055 0.1630264 0.15446073
0.106 0.1855376 0.17827936
0.1065 0.2078765 0.20180182
0.107 0.2300015 0.22498141
0.1075 0.2518752 0.24778612
0.108 0.2734665 0.2701941
0.1085 0.2947423 0.29219154
0.109 0.3148981 0.3137698
0.1095 0.3342106 0.3349245
0.11 0.3531266 0.35565457
0.1105 0.3718633 0.37596104
0.111 0.3905043 0.3958468
0.1115 0.4090598 0.41531602
0.112 0.4275034 0.4343738
0.1125 0.4457936 0.45302585
0.113 0.4638859 0.47127888
0.1135 0.481739 0.48913947
0.114 0.4993184 0.5066149
0.1145 0.5165962 0.5237125
0.115 0.5335517 0.54043955
0.1155 0.550168 0.55680364
0.116 0.5664352 0.5728125
0.1165 0.5823488 0.58847326
0.117 0.5979088 0.6037938
0.1175 0.6131165 0.61878145
0.118 0.6279745 0.6334436
0.1185 0.6424906 0.6477874
0.119 0.6566736 0.6618204
0.1195 0.6705327 0.6755494
0.12 0.684077 0.6889814
0.1205 0.6973153 0.70212334
0.121 0.7102563 0.714982
0.1215 0.7229083 0.7275637
0.122 0.7352792 0.7398751
0.1225 0.747375 0.7519226
0.123 0.7592018 0.7637122
0.1235 0.7707682 0.7752501
0.124 0.7820823 0.78654224
0.1245 0.7931517 0.79759425
0.125 0.8039832 0.80841196
0.1255 0.8145832 0.81900084
0.126 0.8249575 0.8293663
0.1265 0.8351112 0.83951366
0.127 0.8450484 0.8494481
0.1275 0.8547752 0.85917443
0.128 0.8642965 0.8686977
0.1285 0.8736169 0.87802273
0.129 0.8827248 0.88715416
0.1295 0.8915925 0.8960966
0.13 0.9002445 0.90485424
0.1305 0.908709 0.9134316
0.131 0.9170047 0.92183286
0.1315 0.9251446 0.9300622
0.132 0.9331063 0.93812346
0.1325 0.940868 0.9460208
0.133 0.9484553 0.95375776
0.1335 0.9558958 0.9613383
0.134 0.9632077 0.96876574
0.1345 0.9703993 0.97604394
0.135 0.9774732 0.9831761
0.1355 0.9844287 0.9901656
0.136 0.9912627 0.9970158
0.1365 0.9979688 1.0037298
0.137 1.004548 1.0103106
0.1375 1.011002 1.0167614
0.138 1.017332 1.0230852
0.1385 1.023541 1.0292845
0.139 1.029628 1.0353626
0.1395 1.035594 1.0413219
0.14 1.041436 1.047165
0.1405 1.04716 1.0528947
0.141 1.05277 1.0585133
0.1415 1.058268 1.0640235
0.142 1.063658 1.0694276
0.1425 1.06894 1.0747278
0.143 1.074118 1.0799266
0.1435 1.079193 1.085026
0.144 1.084167 1.0900283
0.1445 1.089043 1.0949355
0.145 1.093822 1.0997498
0.1455 1.098507 1.1044732
0.146 1.1031 1.1091075
0.1465 1.107602 1.1136547
0.147 1.112016 1.1181167
0.1475 1.116343 1.1224954
0.148 1.120585 1.1267923
0.1485 1.124741 1.1310093
0.149 1.128807 1.1351482
0.1495 1.13279 1.1392103
0.15 1.136695 1.1301605
0.1505 1.128663 1.1186508
0.151 1.115273 1.1052445
0.1515 1.099128 1.0903779
0.152 1.081471 1.0743891
0.1525 1.062916 1.0575429
0.153 1.043799 1.0400492
0.1535 1.024331 1.0220757
0.154 1.004658 1.0037585
0.1545 0.984891 0.98520994
0.155 0.9651186 0.9665232
0.1555 0.9454119 0.9477759
0.156 0.9258277 0.9290344
0.1565 0.9064094 0.9103544
0.157 0.8871962 0.89178294
0.1575 0.8682197 0.8733603
0.158 0.8495055 0.8551202
0.1585 0.8310747 0.8370909
0.159 0.8129436 0.8192963
0.1595 0.7951239 0.8017561
0.16 0.7776235 0.7844863
0.1605 0.7604478 0.7674998
0.161 0.7435997 0.7508069
0.1615 0.7270804 0.73441553
0.162 0.7108897 0.71833146
0.1625 0.6950261 0.7025583
0.163 0.6794872 0.68709844
0.1635 0.6642698 0.6719527
0.164 0.6493702 0.65712047
0.1645 0.634784 0.6425999
0.165 0.6205065 0.6283884
0.1655 0.6065328 0.6144822
0.166 0.5928576 0.60087705
0.1665 0.5794755 0.5875678
0.167 0.5663809 0.5745487
0.1675 0.5535683 0.5618136
0.168 0.5410321 0.549356
0.1685 0.5287664 0.5371689
0.169 0.5167657 0.5252457
0.1695 0.5050243 0.513579
0.17 0.4935367 0.5021616
0.1705 0.4822973 0.49098662
0.171 0.4713007 0.48004675
0.1715 0.4605414 0.46933496
0.172 0.4500142 0.45884463
0.1725 0.4397139 0.44856918
0.173 0.4296354 0.43850237
0.1735 0.4197737 0.42863813
0.174 0.4101238 0.41897067
0.1745 0.400681 0.40949455
0.175 0.3914406 0.40020463
0.1755 0.382398 0.39109603
0.176 0.3735487 0.38216415
0.1765 0.3648882 0.3734049
0.177 0.3564124 0.364814
0.1775 0.3481169 0.35638794
0.178 0.3399978 0.34812316
0.1785 0.3320509 0.3400165
0.179 0.3242725 0.33206475
0.1795 0.3166586 0.32426524
0.18 0.3092056 0.31661522
0.1805 0.3019097 0.30911222
0.181 0.2947676 0.30175385
0.1815 0.2877756 0.29453787
0.182 0.2809305 0.2874622
0.1825 0.2742288 0.28052476
0.183 0.2676675 0.27372363
0.1835 0.2612433 0.26705685
0.184 0.2549531 0.2605226
0.1845 0.248794 0.2541191
0.185 0.2427631 0.2478445
0.1855 0.2368574 0.24169704
0.186 0.2310743 0.23567495
0.1865 0.2254109 0.22977641
0.187 0.2198646 0.2239997
0.1875 0.2144328 0.21834306
0.188 0.209113 0.21280466
0.1885 0.2039027 0.20738266
0.189 0.1987995 0.20207532
0.1895 0.193801 0.19688074
0.19 0.1889049 0.19179699
0.1905 0.184109 0.18682222
0.191 0.179411 0.1819545
0.1915 0.1748089 0.17719199
0.192 0.1703005 0.1725326
0.1925 0.1658838 0.1679745
0.193 0.1615568 0.16351558
0.1935 0.1573175 0.15915398
0.194 0.153164 0.15488763
0.1945 0.1490944 0.15071456
0.195 0.145107 0.14663273
0.1955 0.1412 0.1426402
0.196 0.1373715 0.138735
0.1965 0.13362 0.1349151
0.197 0.1299437 0.13117857
0.1975 0.1263411 0.12752345
0.198 0.1228105 0.12394789
0.1985 0.1193504 0.12044982
0.199 0.1159593 0.117027484
0.1995 0.1126357 0.113679
0.2 0.1093782 0.12150835
0.2005 0.1180478 0.12989031
0.201 0.1320663 0.14256653
0.2015 0.14883 0.15835999
0.202 0.1670949 0.17617993
0.2025 0.1862477 0.19525684
0.203 0.2059523 0.21507479
0.2035 0.2259983 0.23528968
0.204 0.2462386 0.25567117
0.2045 0.2665621 0.2760621
0.205 0.2868811 0.29635435
0.2055 0.3071247 0.31647205
0.206 0.3272352 0.33636174
0.2065 0.3471662 0.35598525
0.207 0.3668798 0.37531558
0.2075 0.3863459 0.3943335
0.208 0.4055402 0.4130257
0.2085 0.424444 0.43138316
0.209 0.4430426 0.44940025
0.2095 0.4613251 0.46707386
0.21 0.4792833 0.48440292
0.2105 0.4969119 0.50138783
0.211 0.5142076 0.51803017
0.2115 0.531169 0.53433275
0.212 0.5477963 0.55029887
0.2125 0.5640908 0.5659327
0.213 0.5800539 0.5812388
0.2135 0.5956887 0.59622204
0.214 0.6109964 0.610888
0.2145 0.625928 0.6252418
0.215 0.6404782 0.63928944
0.2155 0.6546903 0.6530367
0.216 0.6686005 0.66648966
0.2165 0.6822306 0.6796542
0.217 0.695593 0.6925365
0.2175 0.7086966 0.7051426
0.218 0.721546 0.7174784
0.2185 0.7341423 0.72955006
0.219 0.7464859 0.7413635
0.2195 0.7585791 0.7529246
0.22 0.7704247 0.7642393
0.2205 0.7820251 0.77531314
0.221 0.7933836 0.7861518
0.2215 0.8045034 0.796761
0.222 0.8153881 0.80714595
0.2225 0.8260401 0.8173123
0.223 0.8364625 0.82726496
0.2235 0.8466609 0.8370093
0.224 0.8566411 0.84655005
0.2245 0.8664043 0.8558924
0.225 0.8759556 0.8650411
0.2255 0.8853029 0.8740006
0.226 0.8944523 0.88277555
0.2265 0.9034091 0.89137065
0.227 0.9121776 0.8997898
0.2275 0.9207621 0.9080374
0.228 0.9291658 0.91611767
0.2285 0.9373925 0.9240345
0.229 0.9454462 0.93179184
0.2295 0.9533307 0.93939346
0.23 0.9610498 0.946843
0.2305 0.9686073 0.95414424
0.231 0.9760068 0.96130055
0.2315 0.9832519 0.96831536
0.232 0.990346 0.975192
0.2325 0.9972926 0.98193365
0.233 1.004095 0.9885436
0.2335 1.010756 0.9950248
0.234 1.017275 1.0013802
0.2345 1.023651 1.0076127
0.235 1.029893 1.0137252
0.2355 1.036007 1.0197204
0.236 1.041997 1.0256008
0.2365 1.047866 1.0313693
0.237 1.053617 1.0370283
0.2375 1.059252 1.0425801
0.238 1.064771 1.0480274
0.2385 1.07017 1.0533723
0.239 1.075448 1.058617
0.2395 1.080616 1.063764
0.24 1.085678 1.0688152
0.2405 1.09064 1.0737728
0.241 1.095505 1.0786388
0.2415 1.100274 1.0834152
0.242 1.104948 1.0881039
0.2425 1.109527 1.0927068
0.243 1.114015 1.0972258
0.2435 1.118416 1.1016625
0.244 1.12273 1.1060189
0.2445 1.12696 1.1102965
0.245 1.131108 1.1144972
0.2455 1.135174 1.1186221
0.246 1.139158 1.1226733
0.2465 1.143059 1.1266519
0.247 1.146882 1.1305598
0.2475 1.15063 1.1343983
0.248 1.154298 1.1381687
0.2485 1.157883 1.1418725
0.249 1.161386 1.1455109
0.2495 1.164807 1.1490854
0.25 1.168152 1.1406804
0.2505 1.159565 1.1301514
0.251 1.145627 1.117907
0.2515 1.128943 1.1042651
0.252 1.110728 1.0894753
0.2525 1.091555 1.0737387
0.253 1.071795 1.0572213
0.2535 1.051695 1.040064
0.254 1.031425 1.0223886
0.2545 1.011104 1.0043027
0.255 0.9908201 0.985903
0.2555 0.9706403 0.9672754
0.256 0.9506171 0.9484984
0.2565 0.9307917 0.92964196
0.257 0.9111972 0.9107691
0.2575 0.8918597 0.8919362
0.258 0.8728002 0.8731931
0.2585 0.854035 0.85458416
0.259 0.8355768 0.83614767
0.2595 0.8174349 0.81791747
0.26 0.7996164 0.7999221
0.2605 0.7821257 0.78218627
0.261 0.7649656 0.76473004
0.2615 0.7481372 0.7475705
0.262 0.7316402 0.730721
0.2625 0.7154733 0.71419173
0.263 0.6996343 0.6979904
0.2635 0.68412 0.68212223
0.264 0.6689268 0.66658986
0.2645 0.6540505 0.6513942
0.265 0.6394865 0.6365342
0.2655 0.6252299 0.6220075
0.266 0.6112755 0.6078101
0.2665 0.597618 0.59393704
0.267 0.5842517 0.58038235
0.2675 0.5711713 0.56713945
0.268 0.5583709 0.5542009
0.2685 0.5458449 0.541559
0.269 0.5335877 0.5292057
0.2695 0.5215936 0.5171324
0.27 0.5098569 0.5053311
0.2705 0.4983723 0.49379325
0.271 0.487134 0.48251072
0.2715 0.4761368 0.4714754
0.272 0.4653754 0.46067938
0.2725 0.4548444 0.45011523
0.273 0.4445387 0.4397755
0.2735 0.4344533 0.42965338
0.274 0.4245833 0.4197423
0.2745 0.4149238 0.41003612
0.275 0.40547 0.40052876
0.2755 0.3962173 0.391215
0.276 0.3871611 0.38208959
0.2765 0.3782971 0.37314758
0.277 0.3696208 0.36438474
0.2775 0.3611281 0.35579678
0.278 0.3528148 0.3473799
0.2785 0.3446768 0.33913037
0.279 0.3367102 0.33104485
0.2795 0.3289111 0.32312018
0.28 0.3212757 0.3153533
0.2805 0.3138004 0.30774155
0.281 0.3064816 0.30028224
0.2815 0.2993158 0.29297283
0.282 0.2922994 0.2858109
0.2825 0.2854293 0.27879423
0.283 0.2787021 0.27192056
0.2835 0.2721145 0.2651877
0.284 0.2656637 0.2585936
0.2845 0.2593463 0.25213614
0.285 0.2531596 0.24581322
0.2855 0.2471006 0.23962304
0.286 0.2411665 0.23356341
0.2865 0.2353544 0.22763234
0.287 0.2296618 0.22182779
0.2875 0.224086 0.21614787
0.288 0.2186244 0.21059044
0.2885 0.2132745 0.20515344
0.289 0.2080338 0.19983487
0.2895 0.2028999 0.19463265
0.29 0.1978706 0.18954466
0.2905 0.1929435 0.18456875
0.291 0.1881164 0.1797029
0.2915 0.1833871 0.1749449
0.292 0.1787535 0.17029266
0.2925 0.1742135 0.16574393
0.293 0.169765 0.16129662
0.2935 0.1654062 0.15694861
0.294 0.1611349 0.15269768
0.2945 0.1569495 0.14854164
0.295 0.1528479 0.14447846
0.2955 0.1488285 0.1405059
0.296 0.1448894 0.13662186
0.2965 0.1410288 0.1328242
0.297 0.1372452 0.12911093
0.2975 0.1335369 0.12547992
0.298 0.1299022 0.12192909
0.2985 0.1263396 0.118456535
0.299 0.1228475 0.11506015
0.2995 0.1194245 0.11173814
0.3 0.1160691 0.1194604
0.3005 0.1246422 0.12781374
0.301 0.1385651 0.14049266
0.3015 0.1552351 0.1563039
0.302 0.1734079 0.17414986
0.3025 0.1924704 0.1932578
0.303 0.2120866 0.21310948
0.3035 0.2320472 0.2333601
0.304 0.2522053 0.25377816
0.3045 0.2724496 0.27420628
0.305 0.2926921 0.29453573
0.3055 0.3128617 0.3146906
0.306 0.3329007 0.33461693
0.3065 0.3527621 0.35427678
0.307 0.3724078 0.37364283
0.3075 0.3918072 0.39269584
0.308 0.4109358 0.4114224
0.3085 0.4297742 0.42981347
0.309 0.4483075 0.44786352
0.3095 0.4665247 0.46556935
0.31 0.4844179 0.48292983
0.3105 0.5019814 0.4999455
0.311 0.5191898 0.5166178
0.3115 0.5360323 0.5329497
0.312 0.5525238 0.5489445
0.3125 0.5686555 0.5646063
0.313 0.5844355 0.5799397
0.3135 0.5998892 0.5949497
0.314 0.6150347 0.6096417
0.3145 0.6298824 0.6240211
0.315 0.6444379 0.63809365
0.3155 0.6587054 0.65186536
0.316 0.6726879 0.6653421
0.3165 0.6863872 0.67853
0.317 0.6998042 0.6914351
0.3175 0.7129424 0.7040635
0.318 0.7258059 0.71642125
0.3185 0.7383987 0.72851443
0.319 0.750725 0.7403488
0.3195 0.7627893 0.75193036
0.32 0.7745961 0.76326513
0.3205 0.7861495 0.7743585
0.321 0.7974525 0.7852165
0.3215 0.8085107 0.79584455
0.322 0.8193301 0.806248
0.3225 0.8299122 0.81643236
0.323 0.8402643 0.82640266
0.3235 0.8503943 0.83616424
0.324 0.8603087 0.84572196
0.3245 0.870013 0.85508096
0.325 0.8795121 0.8642458
0.3255 0.8888103 0.8732213
0.326 0.8979117 0.8820117
0.3265 0.9068201 0.8906219
0.327 0.9155397 0.8990559
0.3275 0.9240748 0.90731823
0.328 0.9324296 0.91541266
0.3285 0.9406082 0.9233434
0.329 0.9486145 0.93111444
0.3295 0.9564526 0.9387294
0.33 0.9641261 0.946192
0.3305 0.9716389 0.953506
0.331 0.9789945 0.9606749
0.3315 0.9861964 0.967702
0.332 0.993244 0.9745906
0.3325 1.000138 0.981344
0.333 1.006885 0.9879655
0.3335 1.013492 0.99445784
0.334 1.019964 1.0008243
0.3345 1.026303 1.0070676
0.335 1.032514 1.0131904
0.3355 1.038599 1.019196
0.336 1.044558 1.0250868
0.3365 1.050386 1.0308648
0.337 1.056085 1.0365337
0.3375 1.061663 1.042095
0.338 1.067126 1.0475513
0.3385 1.072481 1.0529052
0.339 1.07773 1.058159
0.3395 1.082876 1.0633146
0.34 1.087919 1.0683743
0.3405 1.09286 1.0733402
0.341 1.0977 1.078214
0.3415 1.102442 1.0829986
0.342 1.107091 1.087695
0.3425 1.111648 1.0923055
0.343 1.116114 1.0968319
0.3435 1.120493 1.101276
0.344 1.124784 1.1056395
0.3445 1.128988 1.109924
0.345 1.133104 1.1141315
0.3455 1.137138 1.1182631
0.346 1.14109 1.1223208
0.3465 1.144955 1.1263059
0.347 1.148733 1.1302198
0.3475 1.152422 1.1340646
0.348 1.156026 1.137841
0.3485 1.159553 1.1415505
0.349 1.163009 1.1451948
0.3495 1.166398 1.1487747
0.35 1.169712 1.140384
0.3505 1.161028 1.1298641
0.351 1.146943 1.1176261
0.3515 1.1301 1.1039878
0.352 1.111776 1.0892006
0.3525 1.092594 1.0734657
0.353 1.072896 1.05695
0.3535 1.052888 1.0397938
0.354 1.032712 1.02212
0.3545 1.012473 1.0040361
0.355 0.9922504 0.98563826
0.3555 0.9721073 0.96701324
0.356 0.9521015 0.94823873
0.3565 0.9322797 0.9293851
0.357 0.9126791 0.9105154
0.3575 0.893329 0.8916857
0.358 0.8742525 0.87294626
0.3585 0.8554676 0.85434085
0.359 0.8369879 0.83590806
0.3595 0.8188238 0.81768155
0.36 0.8009825 0.7996899
0.3605 0.783469 0.78195757
0.361 0.7662863 0.764505
0.3615 0.7494357 0.7473489
0.362 0.7329169 0.7305027
0.3625 0.7167288 0.7139769
0.363 0.700869 0.6977787
0.3635 0.6853345 0.68191344
0.364 0.6701217 0.6663839
0.3645 0.6552263 0.6511909
0.365 0.6406438 0.6363335
0.3655 0.6263691 0.6218091
0.366 0.6123971 0.60761404
0.3665 0.5987223 0.5937431
0.367 0.5853394 0.5801905
0.3675 0.5722426 0.5669495
0.368 0.5594262 0.5540126
0.3685 0.5468847 0.5413723
0.369 0.5346122 0.5290204
0.3695 0.5226031 0.5169487
0.37 0.5108519 0.50514865
0.3705 0.4993529 0.49361217
0.371 0.4881006 0.48233074
0.3715 0.4770896 0.47129655
0.372 0.4663146 0.46050167
0.3725 0.4557704 0.4499385
0.373 0.4454517 0.43959984
0.3735 0.4353535 0.42947865
0.374 0.4254708 0.41956857
0.3745 0.4157989 0.40986326
0.375 0.4063329 0.4003569
0.3755 0.3970682 0.39104402
0.376 0.3880003 0.38191953
0.3765 0.3791246 0.37297866
0.377 0.3704369 0.36421674
0.3775 0.361933 0.35562986
0.378 0.3536085 0.34721392
0.3785 0.3454596 0.33896545
0.379 0.3374823 0.33088103
0.3795 0.3296726 0.3229575
0.38 0.3220268 0.31519184
0.3805 0.3145412 0.30758128
0.381 0.3072123 0.3001232
0.3815 0.3000364 0.2928151
0.382 0.2930103 0.28565452
0.3825 0.2861304 0.27863923
0.383 0.2793937 0.271767
0.3835 0.2727967 0.26503566
0.384 0.2663366 0.25844303
0.3845 0.2600101 0.2519872
0.385 0.2538144 0.24566592
0.3855 0.2477465 0.23947732
0.386 0.2418036 0.23341937
0.3865 0.2359829 0.22748996
0.387 0.2302818 0.2216872
0.3875 0.2246975 0.21600907
0.388 0.2192276 0.21045338
0.3885 0.2138696 0.20501827
0.389 0.2086208 0.19970152
0.3895 0.2034791 0.19450119
0.39 0.1984419 0.18941508
0.3905 0.1935071 0.18444107
0.391 0.1886724 0.17957713
0.3915 0.1839356 0.17482103
0.392 0.1792946 0.1701707
0.3925 0.1747473 0.16562395
0.393 0.1702916 0.1611786
0.3935 0.1659257 0.15683247
0.394 0.1616475 0.1525835
0.3945 0.1574551 0.1484294
0.395 0.1533468 0.14436807
0.3955 0.1493206 0.14039744
0.396 0.1453749 0.13651523
0.3965 0.1415078 0.1327194
0.397 0.1377178 0.12900801
0.3975 0.1340031 0.12537883
0.398 0.1303622 0.12182986
0.3985 0.1267934 0.11835905
0.399 0.1232953 0.11496448
0.3995 0.1198663 0.11164417
0.4 0.1165049 0.10839627
0.4005 0.1132098 0.105218805
0.401 0.1099795 0.10211001
0.4015 0.1068127 0.09906804
0.402 0.1037079 0.09609125
0.4025 0.1006639 0.09317774
0.403 0.09767949 0.09032602
0.4035 0.09475329 0.08753439
0.404 0.09188413 0.08480128
0.4045 0.0890708 0.08212512
0.405 0.08631214 0.079504475
0.4055 0.08360699 0.07693778
0.406 0.08095425 0.074423775
0.4065 0.07835282 0.071960956
0.407 0.07580162 0.069548145
0.4075 0.07329962 0.067183934
0.408 0.07084579 0.06486716
0.4085 0.06843913 0.062596574
0.409 0.06607866 0.060370997
0.4095 0.06376342 0.058189362
0.41 0.06149249 0.05605053
0.4105 0.05926494 0.05395346
0.411 0.05707989 0.051897116
0.4115 0.05493646 0.04988052
0.412 0.05283379 0.04790272
0.4125 0.05077104 0.045962773
0.413 0.04874741 0.044059813
0.4135 0.04676208 0.04219293
0.414 0.04481428 0.040361263
0.4145 0.04290324 0.038564093
0.415 0.04102821 0.036800556
0.4155 0.03918846 0.035069905
0.416 0.03738327 0.033371367
0.4165 0.03561194 0.03170424
0.417 0.03387379 0.030067777
0.4175 0.03216814 0.028461372
0.418 0.03049434 0.026884278
0.4185 0.02885175 0.025335943
0.419 0.02723973 0.023815637
0.4195 0.02565768 0.02232284
0.42 0.02410498 0.020856908
0.4205 0.02258106 0.019417247
0.421 0.02108533 0.018003365
0.4215 0.01961724 0.016614614
0.422 0.01817622 0.0152505245
0.4225 0.01676175 0.013910538
0.423 0.01537329 0.012594199
0.4235 0.01401033 0.011300923
0.424 0.01267235 0.010030249
0.4245 0.01135887 0.0087817665
0.425 0.01006941 0.007554928
0.4255 0.008803473 0.006349331
0.426 0.007560611 0.0051645096
0.4265 0.006340367 0.00400004
0.427 0.005142295 0.0028555337
0.4275 0.00396596 0.0017304812
0.428 0.002810936 0.00062456913
0.4285 0.001676805 -0.00046263819
0.429 0.0005631587 -0.001531491
0.4295 -0.0005304027 -0.0025824178
0.43 -0.001604271 -0.0036157016
0.4305 -0.002658829 -0.0046317596
0.431 -0.003694452 -0.0056309346
0.4315 -0.004711508 -0.0066135693
0.432 -0.005710357 -0.0075799767
0.4325 -0.00669135 -0.008530537
0.433 -0.007654834 -0.009465462
0.4335 -0.008601145 -0.01038515
0.434 -0.009530614 -0.011289889
0.4345 -0.01044357 -0.012179943
0.435 -0.01134032 -0.013055665
0.4355 -0.01222118 -0.013917247
0.436 -0.01308646 -0.014765004
0.4365 -0.01393644 -0.015599178
0.437 -0.01477144 -0.016420046
0.4375 -0.01559172 -0.017227856
0.438 -0.01639758 -0.018022878
0.4385 -0.01718927 -0.01880532
0.439 -0.01796709 -0.019575404
0.4395 -0.01873127 -0.020333385
0.44 -0.0194821 -0.021079497
0.4405 -0.0202198 -0.021813901
0.441 -0.02094465 -0.022536816
0.4415 -0.02165687 -0.02324848
0.442 -0.0223567 -0.023949066
0.4425 -0.02304438 -0.024638766
0.443 -0.02372014 -0.025317771
0.4435 -0.02438419 -0.025986278
0.444 -0.02503676 -0.02664444
0.4445 -0.02567806 -0.027292417
0.445 -0.0263083 -0.027930403
0.4455 -0.02692769 -0.028558536
0.446 -0.02753642 -0.029177008
0.4465 -0.02813471 -0.029785944
0.447 -0.02872273 -0.030385481
0.4475 -0.02930069 -0.030975806
0.448 -0.02986876 -0.03155702
0.4485 -0.03042712 -0.032129277
0.449 -0.03097597 -0.032692716
0.4495 -0.03151547 -0.033247434
0.45 -0.03204579 -0.033793624
0.4505 -0.03256711 -0.034331333
0.451 -0.03307958 -0.034860726
0.4515 -0.03358337 -0.03538194
0.452 -0.03407864 -0.035894997
0.4525 -0.03456555 -0.036400102
0.453 -0.03504424 -0.03689735
0.4535 -0.03551486 -0.03738682
0.454 -0.03597757 -0.037868623
0.4545 -0.0364325 -0.038342882
0.455 -0.03687979 -0.038809653
0.4555 -0.0373196 -0.03926907
0.456 -0.03775204 -0.03972119
0.4565 -0.03817725 -0.04016616
0.457 -0.03859536 -0.040604036
0.4575 -0.03900651 -0.04103492
0.458 -0.0394108 -0.041458882
0.4585 -0.03980838 -0.041876025
0.459 -0.04019935 -0.042286422
0.4595 -0.04058384 -0.042690165
0.46 -0.04096196 -0.043087333
0.4605 -0.04133383 -0.043478027
0.461 -0.04169955 -0.043862276
0.4615 -0.04205924 -0.044240188
0.462 -0.042413 -0.04461186
0.4625 -0.04276094 -0.044977352
0.463 -0.04310316 -0.045336735
0.4635 -0.04343976 -0.0456901
0.464 -0.04377085 -0.046037484
0.4645 -0.04409651 -0.04637901
0.465 -0.04441684 -0.04671471
0.4655 -0.04473194 -0.047044657
0.466 -0.0450419 -0.04736896
0.4665 -0.04534681 -0.04768763
0.467 -0.04564676 -0.04800078
0.4675 -0.04594183 -0.04830848
0.468 -0.04623212 -0.04861078
0.4685 -0.04651769 -0.04890777
0.469 -0.04679864 -0.04919948
0.4695 -0.04707504 -0.04948602
0.47 -0.04734698 -0.04976745
0.4705 -0.04761453 -0.050043806
0.471 -0.04787777 -0.0503152
0.4715 -0.04813677 -0.05058163
0.472 -0.04839161 -0.05084322
0.4725 -0.04864235 -0.051100023
0.473 -0.04888907 -0.051352102
0.4735 -0.04913184 -0.05159951
0.474 -0.04937072 -0.051842295
0.4745 -0.04960578 -0.052080553
0.475 -0.04983709 -0.05231435
0.4755 -0.05006471 -0.05254373
0.476 -0.05028871 -0.05276876
0.4765 -0.05050914 -0.052989498
0.477 -0.05072606 -0.053206004
0.4775 -0.05093955 -0.053418357
0.478 -0.05114964 -0.05362661
0.4785 -0.05135641 -0.053830817
0.479 -0.05155991 -0.054031055
0.4795 -0.05176019 -0.05422736
0.48 -0.05195731 -0.0544198
0.4805 -0.05215132 -0.054608427
0.481 -0.05234228 -0.05479335
0.4815 -0.05253023 -0.054974556
0.482 -0.05271522 -0.055152133
0.4825 -0.05289732 -0.05532617
0.483 -0.05307655 -0.05549667
0.4835 -0.05325298 -0.05566373
0.484 -0.05342665 -0.055827364
0.4845 -0.0535976 -0.05598768
0.485 -0.05376588 -0.056144692
0.4855 -0.05393154 -0.05629849
0.486 -0.05409462 -0.056449104
0.4865 -0.05425515 -0.056596585
0.487 -0.0544132 -0.056741003
0.4875 -0.05456878 -0.056882396
0.488 -0.05472196 -0.057020824
0.4885 -0.05487275 -0.057156343
0.489 -0.05502122 -0.05728901
0.4895 -0.05516738 -0.057418857
0.49 -0.05531129 -0.057545967
0.4905 -0.05545298 -0.057670325
0.491 -0.05559248 -0.057792045
0.4915 -0.05572983 -0.05791114
0.492 -0.05586507 -0.058027677
0.4925 -0.05599823 -0.058141686
0.493 -0.05612935 -0.05825323
0.4935 -0.05625845 -0.058362365
0.494 -0.05638558 -0.05846911
0.4945 -0.05651075 -0.058573537
0.495 -0.05663402 -0.058675658
0.4955 -0.0567554 -0.058775526
0.496 -0.05687492 -0.0588732
0.4965 -0.05699262 -0.05896873
0.497 -0.05710853 -0.05906213
0.4975 -0.05722268 -0.059153467
0.498 -0.05733509 -0.059242755
0.4985 -0.05744579 -0.059330065
0.499 -0.05755481 -0.059415426
0.4995 -0.05766217 -0.059498858
