0.0 -0.065 -0.05169732
0.0005 -0.05361226 -0.04171536
0.001 -0.0377204 -0.03170971
0.0015 -0.01966887 -0.01949058
0.002 -0.0005144988 -0.004205296
0.0025 0.01919312 0.0134994
0.003 0.03912233 0.03281615
0.0035 0.05911562 0.053114705
0.004 0.07909049 0.07394756
0.0045 0.09899138 0.0950006
0.005 0.118772 0.11605155
0.0055 0.1383922 0.13694307
0.006 0.1578158 0.15756351
0.0065 0.1770083 0.1778348
0.007 0.1959365 0.19770354
0.0075 0.2145701 0.21713457
0.008 0.2328856 0.23610611
0.0085 0.2508626 0.25460628
0.009 0.268487 0.27263063
0.0095 0.2857462 0.29018015
0.01 0.3026323 0.30725953
0.0105 0.3191406 0.32387635
0.011 0.3352698 0.34004
0.0115 0.3510208 0.3557612
0.012 0.3663962 0.37105182
0.0125 0.3814002 0.38592368
0.013 0.3960391 0.40038934
0.0135 0.4103182 0.41446105
0.014 0.4242435 0.42815107
0.0145 0.4378219 0.44147164
0.015 0.4510609 0.45443437
0.0155 0.4639681 0.46705082
0.016 0.4765515 0.47933218
0.0165 0.488819 0.49128905
0.017 0.4997611 0.50293195
0.0175 0.5094696 0.514271
0.018 0.5188344 0.5253159
0.0185 0.5282407 0.5360755
0.019 0.5378247 0.54655915
0.0195 0.5475958 0.5567752
0.02 0.5575052 0.56673205
0.0205 0.567483 0.5764375
0.021 0.5774581 0.58589923
0.0215 0.5873667 0.5951245
0.022 0.5971562 0.6041204
0.0225 0.6067858 0.61289334
0.023 0.616225 0.6214504
0.0235 0.6254528 0.6297976
0.024 0.6344557 0.63794076
0.0245 0.6432263 0.645886
0.025 0.6517618 0.6536386
0.0255 0.6600626 0.66120416
0.026 0.6681301 0.6685878
0.0265 0.6759675 0.67579454
0.027 0.6835821 0.68282914
0.0275 0.6909826 0.6896963
0.028 0.6981771 0.69640076
0.0285 0.7051739 0.7029465
0.029 0.7119803 0.70933807
0.0295 0.7186036 0.71557915
0.03 0.7250507 0.7216738
0.0305 0.7313281 0.72762597
0.031 0.7374419 0.7334393
0.0315 0.743398 0.7391174
0.032 0.749202 0.7446634
0.0325 0.754859 0.75008106
0.033 0.7603728 0.75537336
0.0335 0.7657473 0.76054347
0.034 0.7709835 0.7655946
0.0345 0.7760869 0.7705296
0.035 0.7810647 0.7753513
0.0355 0.785923 0.7800624
0.036 0.7906664 0.7846658
0.0365 0.7952978 0.789164
0.037 0.7998208 0.79355955
0.0375 0.8042387 0.797855
0.038 0.8085547 0.80205256
0.0385 0.8127715 0.8061548
0.039 0.8168917 0.81016374
0.0395 0.8209177 0.81408185
0.04 0.8248518 0.8179112
0.0405 0.828696 0.8216539
0.041 0.8324505 0.82531184
0.0415 0.8361144 0.8288871
0.042 0.8396884 0.8323815
0.0425 0.8431748 0.8357971
0.043 0.846577 0.8391355
0.0435 0.8498982 0.8423988
0.044 0.8531404 0.84558845
0.0445 0.8563055 0.8487061
0.045 0.8593977 0.8517536
0.0455 0.862421 0.85473245
0.046 0.8653784 0.85764414
0.0465 0.8682723 0.86049044
0.047 0.8711048 0.86327255
0.0475 0.8738776 0.865992
0.048 0.876592 0.86865026
0.0485 0.8792494 0.87124866
0.049 0.8818512 0.8737885
0.0495 0.8843984 0.8762712
0.05 0.8868921 0.87869775
0.0505 0.8893336 0.8810698
0.051 0.8917238 0.8833883
0.0515 0.894064 0.8856545
0.052 0.896355 0.88786954
0.0525 0.898598 0.89003456
0.053 0.9007939 0.8921507
0.0535 0.9029438 0.89421904
0.054 0.9050486 0.8962405
0.0545 0.9071094 0.8982161
0.055 0.909127 0.9001471
0.0555 0.9111023 0.9020342
0.056 0.9130363 0.9038786
0.0565 0.9149299 0.9056809
0.057 0.916784 0.90744245
0.0575 0.9185995 0.9091638
0.058 0.9203772 0.91084594
0.0585 0.9221181 0.91248965
0.059 0.9238229 0.9140957
0.0595 0.9254924 0.91566515
0.06 0.9271274 0.91719854
0.0605 0.9287286 0.9186969
0.061 0.9302968 0.9201607
0.0615 0.9318328 0.9215908
0.062 0.9333373 0.92298806
0.0625 0.9348093 0.924353
0.063 0.936241 0.9256864
0.0635 0.9376353 0.92698884
0.064 0.9389984 0.92826116
0.0645 0.9403348 0.9295039
0.065 0.9416471 0.93071765
0.0655 0.9429367 0.931903
0.066 0.944204 0.9330609
0.0665 0.9454491 0.9341913
0.067 0.9466719 0.93529546
0.0675 0.9478725 0.9363736
0.068 0.9490507 0.93742615
0.0685 0.9502066 0.9384539
0.069 0.9513399 0.9394572
0.0695 0.9524469 0.94043666
0.07 0.953529 0.9413929
0.0705 0.9545888 0.9423261
0.071 0.9556274 0.9432371
0.0715 0.9566449 0.94412625
0.072 0.9576423 0.9449938
0.0725 0.9586194 0.9458405
0.073 0.9595778 0.9466667
0.0735 0.9605185 0.9474728
0.074 0.9614421 0.9482591
0.0745 0.9623488 0.9490263
0.075 0.963239 0.9497746
0.0755 0.9641127 0.95050466
0.076 0.96497 0.95121646
0.0765 0.9658113 0.95191056
0.077 0.9666366 0.9525875
0.0775 0.9674461 0.9532475
0.078 0.9682401 0.95389086
0.0785 0.9690189 0.95451814
0.079 0.9697827 0.9551295
0.0795 0.9705318 0.95572543
0.08 0.9712664 0.9563059
0.0805 0.971987 0.95687175
0.081 0.9726937 0.95742273
0.0815 0.9733869 0.95795965
0.082 0.9740667 0.9584825
0.0825 0.9747321 0.95899165
0.083 0.9753832 0.95948756
0.0835 0.9760199 0.95997036
0.084 0.9766438 0.96044034
0.0845 0.9772561 0.96089786
0.085 0.9778577 0.96134305
0.0855 0.9784489 0.9617762
0.086 0.97903 0.9621977
0.0865 0.979601 0.9626076
0.087 0.9801621 0.96300626
0.0875 0.9807132 0.963394
0.088 0.9812545 0.96377087
0.0885 0.981786 0.964137
0.089 0.982308 0.9644931
0.0895 0.9828204 0.964839
0.09 0.9833235 0.96517503
0.0905 0.9838173 0.9655014
0.091 0.9843022 0.9658183
0.0915 0.9847781 0.9661259
0.092 0.9852454 0.9664243
0.0925 0.9857041 0.9667141
0.093 0.9861544 0.9669949
0.0935 0.9865948 0.9672674
0.094 0.9870234 0.9675316
0.0945 0.9874423 0.9677875
0.095 0.9878534 0.9680356
0.0955 0.9882577 0.96827585
0.096 0.9886557 0.96850866
0.0965 0.9890477 0.9687338
0.097 0.9894337 0.9689517
0.0975 0.9898136 0.96916246
0.098 0.9901875 0.9693663
0.0985 0.9905553 0.9695633
0.099 0.990917 0.9697535
0.0995 0.9912726 0.9699373
0.1 0.9916222 0.97454107
0.1005 0.9924419 0.9797096
0.101 0.9940407 0.98506594
0.1015 0.9961601 0.9904462
0.102 0.9986138 0.9957787
0.1025 1.001297 1.0010319
0.103 1.004151 1.0061933
0.1035 1.007142 1.0112593
0.104 1.010247 1.0162313
0.1045 1.013447 1.0211121
0.105 1.016729 1.0259062
0.1055 1.02008 1.030618
0.106 1.02349 1.0352519
0.1065 1.026949 1.0398122
0.107 1.03045 1.0443029
0.1075 1.033984 1.0487274
0.108 1.037546 1.0530888
0.1085 1.041128 1.05739
0.109 1.044726 1.061633
0.1095 1.048329 1.06582
0.11 1.051935 1.0676663
0.1105 1.0555 1.0698061
0.111 1.058938 1.0722129
0.1115 1.06226 1.0748464
0.112 1.06551 1.0776657
0.1125 1.068716 1.0806345
0.113 1.071897 1.083721
0.1135 1.075063 1.0868987
0.114 1.078215 1.0901452
0.1145 1.081354 1.0934418
0.115 1.084477 1.096773
0.1155 1.087583 1.1001254
0.116 1.090667 1.103488
0.1165 1.093727 1.1068512
0.117 1.096761 1.1102068
0.1175 1.099767 1.1135483
0.118 1.102743 1.1168697
0.1185 1.105685 1.1201658
0.119 1.108592 1.1234325
0.1195 1.111466 1.1266662
0.12 1.114309 1.1301531
0.1205 1.117161 1.1336921
0.121 1.120095 1.1372272
0.1215 1.12307 1.1407236
0.122 1.126055 1.1441616
0.1225 1.129034 1.14753
0.123 1.131999 1.1508232
0.1235 1.134945 1.1540402
0.124 1.13787 1.1571814
0.1245 1.140771 1.1602495
0.125 1.143648 1.1632475
0.1255 1.146496 1.1661791
0.126 1.149311 1.1690483
0.1265 1.152095 1.1718589
0.127 1.15485 1.1746147
0.1275 1.157577 1.1773189
0.128 1.160277 1.1799752
0.1285 1.162949 1.1825861
0.129 1.165592 1.1851547
0.1295 1.168204 1.187683
0.13 1.170784 1.1877456
0.1305 1.173291 1.1880985
0.131 1.175656 1.1887199
0.1315 1.177918 1.1895775
0.132 1.180108 1.190638
0.1325 1.182243 1.1918708
0.133 1.18433 1.1932489
0.1335 1.186374 1.1947483
0.134 1.188376 1.196349
0.1345 1.19034 1.1980336
0.135 1.192265 1.1997864
0.1355 1.194154 1.2015944
0.136 1.196002 1.2034463
0.1365 1.197814 1.2053314
0.137 1.19959 1.2072418
0.1375 1.201327 1.2091688
0.138 1.203031 1.2111057
0.1385 1.2047 1.2130469
0.139 1.20633 1.2149867
0.1395 1.207921 1.2169205
0.14 1.209476 1.2194327
0.1405 1.21104 1.2219893
0.141 1.212686 1.2245408
0.1415 1.21438 1.2270569
0.142 1.216092 1.2295189
0.1425 1.217809 1.2319161
0.143 1.219523 1.2342432
0.1435 1.221232 1.2364985
0.144 1.222933 1.2386826
0.1445 1.224624 1.2407976
0.145 1.226304 1.2428465
0.1455 1.227971 1.2448328
0.146 1.229625 1.2467602
0.1465 1.231265 1.248633
0.147 1.232886 1.2504547
0.1475 1.234488 1.2522291
0.148 1.23607 1.2539593
0.1485 1.237633 1.2556487
0.149 1.23918 1.2573005
0.1495 1.240664 1.2589169
0.15 1.242056 1.25429
0.1505 1.242921 1.2504485
0.151 1.242988 1.2473004
0.1515 1.242537 1.2447182
0.152 1.241763 1.2425731
0.1525 1.240769 1.24075
0.153 1.239605 1.2391524
0.1535 1.238297 1.2377015
0.154 1.236867 1.2363352
0.1545 1.235332 1.2350051
0.155 1.233703 1.2336749
0.1555 1.23199 1.2323169
0.156 1.230201 1.2309109
0.1565 1.22834 1.2294434
0.157 1.226416 1.2279049
0.1575 1.224438 1.2262899
0.158 1.222413 1.2245957
0.1585 1.220347 1.2228214
0.159 1.218244 1.2209684
0.1595 1.21611 1.2190388
0.16 1.213949 1.2170361
0.1605 1.211765 1.214964
0.161 1.209561 1.212827
0.1615 1.20734 1.2106293
0.162 1.205107 1.2083762
0.1625 1.202863 1.2060722
0.163 1.200612 1.2037222
0.1635 1.198356 1.2013313
0.164 1.196097 1.1989036
0.1645 1.193837 1.1964437
0.165 1.19158 1.193956
0.1655 1.189325 1.1914448
0.166 1.187076 1.1889138
0.1665 1.184833 1.1863667
0.167 1.182597 1.1838071
0.1675 1.180372 1.1812383
0.168 1.178156 1.1786634
0.1685 1.175953 1.1760852
0.169 1.173762 1.1735066
0.1695 1.171584 1.1709303
0.17 1.169421 1.1683583
0.1705 1.167273 1.165793
0.171 1.16514 1.1632363
0.1715 1.163025 1.1606903
0.172 1.160926 1.1581565
0.1725 1.158845 1.1556367
0.173 1.156782 1.1531321
0.1735 1.154738 1.1506442
0.174 1.152713 1.1481742
0.1745 1.150707 1.1457235
0.175 1.148721 1.1432924
0.1755 1.146755 1.1408826
0.176 1.144809 1.1384944
0.1765 1.142883 1.1361285
0.177 1.140978 1.1337858
0.1775 1.139094 1.1314666
0.178 1.13723 1.1291717
0.1785 1.135388 1.1269014
0.179 1.133567 1.124656
0.1795 1.131766 1.1224357
0.18 1.129988 1.120241
0.1805 1.12823 1.118072
0.181 1.126494 1.1159289
0.1815 1.124779 1.1138117
0.182 1.123085 1.1117208
0.1825 1.121412 1.1096557
0.183 1.119761 1.107617
0.1835 1.118131 1.105604
0.184 1.116522 1.1036173
0.1845 1.114933 1.1016563
0.185 1.113366 1.0997213
0.1855 1.111819 1.097812
0.186 1.110293 1.0959283
0.1865 1.108788 1.0940698
0.187 1.107303 1.0922364
0.1875 1.105838 1.0904282
0.188 1.104394 1.0886449
0.1885 1.102969 1.0868859
0.189 1.101565 1.0851513
0.1895 1.10018 1.083441
0.19 1.098814 1.0817543
0.1905 1.097468 1.0800914
0.191 1.096141 1.0784515
0.1915 1.094833 1.0768348
0.192 1.093544 1.0752407
0.1925 1.092274 1.0736693
0.193 1.091022 1.0721201
0.1935 1.089788 1.0705926
0.194 1.088573 1.0690868
0.1945 1.087375 1.0676023
0.195 1.086195 1.066139
0.1955 1.085033 1.0646963
0.196 1.083888 1.063274
0.1965 1.08276 1.0618719
0.197 1.081649 1.0604897
0.1975 1.080555 1.059127
0.198 1.079477 1.0577837
0.1985 1.078416 1.0564593
0.199 1.07737 1.0551536
0.1995 1.076341 1.0538664
0.2 1.075328 1.0431136
0.2005 1.063376 1.0300277
0.201 1.04761 1.0153872
0.2015 1.030152 0.9997
0.202 1.011905 0.98331106
0.2025 0.9932864 0.96646345
0.203 0.9745228 0.9493371
0.2035 0.9557572 0.9320707
0.204 0.9370911 0.9147754
0.2045 0.9186009 0.89754367
0.205 0.9003459 0.8804533
0.2055 0.8823726 0.8635702
0.206 0.8647168 0.84695005
0.2065 0.8474061 0.83063936
0.207 0.8304613 0.81467575
0.2075 0.8138973 0.79908866
0.208 0.7977241 0.7839005
0.2085 0.781948 0.7691269
0.209 0.7665721 0.7547771
0.2095 0.7515968 0.7408559
0.21 0.7370201 0.72736263
0.2105 0.7228388 0.7142935
0.211 0.7090477 0.7016413
0.2115 0.695641 0.68939674
0.212 0.6826118 0.6775481
0.2125 0.6699524 0.6660826
0.213 0.6576549 0.6549864
0.2135 0.6457108 0.64424515
0.214 0.6341116 0.6338442
0.2145 0.6228482 0.6237687
0.215 0.611912 0.61400414
0.2155 0.6012939 0.6045364
0.216 0.5909851 0.5953517
0.2165 0.5809768 0.5864366
0.217 0.5712603 0.57777864
0.2175 0.5618271 0.569366
0.218 0.5526688 0.561187
0.2185 0.5437772 0.55323136
0.219 0.5351443 0.54548883
0.2195 0.5267623 0.5379501
0.22 0.5186234 0.5306065
0.2205 0.5107204 0.52344996
0.221 0.503046 0.5164728
0.2215 0.4955932 0.50966805
0.222 0.4883552 0.5030292
0.2225 0.4813253 0.4965503
0.223 0.4744973 0.49022537
0.2235 0.4678648 0.48404953
0.224 0.4614219 0.4780177
0.2245 0.4551627 0.47212538
0.225 0.4490816 0.4663684
0.2255 0.4431732 0.46074283
0.226 0.4374321 0.45524493
0.2265 0.4318532 0.44987133
0.227 0.4264316 0.44461852
0.2275 0.4211625 0.43948364
0.228 0.4160412 0.4344638
0.2285 0.4110633 0.4295562
0.229 0.4062243 0.4247582
0.2295 0.4015201 0.42006743
0.23 0.3969465 0.41548133
0.2305 0.3924998 0.41099772
0.231 0.3881759 0.4066142
0.2315 0.3839713 0.402329
0.232 0.3798824 0.39813972
0.2325 0.3759057 0.39404455
0.233 0.3720378 0.39004138
0.2335 0.3682755 0.3861286
0.234 0.3646156 0.38230413
0.2345 0.3610552 0.3785663
0.235 0.3575912 0.37491313
0.2355 0.3542208 0.37134317
0.236 0.3509413 0.36785454
0.2365 0.34775 0.36444554
0.237 0.3446442 0.36111465
0.2375 0.3416215 0.3578603
0.238 0.3386794 0.35468072
0.2385 0.3358156 0.3515744
0.239 0.3330279 0.34853974
0.2395 0.3303139 0.34557524
0.24 0.3276715 0.3426796
0.2405 0.3250987 0.33985102
0.241 0.3225935 0.3370882
0.2415 0.3201538 0.33438975
0.242 0.3177779 0.33175412
0.2425 0.3154639 0.32918003
0.243 0.3132099 0.3266661
0.2435 0.3110144 0.32421076
0.244 0.3088755 0.3218129
0.2445 0.3067918 0.31947115
0.245 0.3047616 0.31718412
0.2455 0.3027834 0.3149507
0.246 0.3008558 0.31276956
0.2465 0.2989772 0.31063944
0.247 0.2971464 0.3085592
0.2475 0.2953619 0.30652764
0.248 0.2936226 0.30454358
0.2485 0.291927 0.3026058
0.249 0.290274 0.30071333
0.2495 0.2886624 0.298865
0.25 0.2870911 0.2919216
0.2505 0.2851258 0.2879521
0.251 0.2825265 0.28551134
0.2515 0.2795121 0.28371122
0.252 0.2762358 0.28202644
0.2525 0.2727861 0.28016728
0.253 0.2692124 0.27799383
0.2535 0.2655446 0.27545735
0.254 0.2618025 0.27256253
0.2545 0.258001 0.26934162
0.255 0.2541522 0.26583877
0.2555 0.2502665 0.26210076
0.256 0.2463526 0.25817165
0.2565 0.2424184 0.25409028
0.257 0.2384709 0.2498899
0.2575 0.2345163 0.24559782
0.258 0.2305601 0.24123628
0.2585 0.226607 0.2368231
0.259 0.2226616 0.23237263
0.2595 0.2187277 0.22789648
0.26 0.2148087 0.22340421
0.2605 0.2109078 0.21890368
0.261 0.2070277 0.21440186
0.2615 0.2031709 0.20990466
0.262 0.1993397 0.20541759
0.2625 0.1955359 0.20094559
0.263 0.1917613 0.19649334
0.2635 0.1880174 0.1920652
0.264 0.1843058 0.18766548
0.2645 0.1806275 0.18329813
0.265 0.1769836 0.17896694
0.2655 0.1733752 0.17467555
0.266 0.1698029 0.17042728
0.2665 0.1662677 0.16622534
0.267 0.16277 0.16207261
0.2675 0.1593105 0.15797177
0.268 0.1558896 0.15392527
0.2685 0.1525076 0.1499352
0.269 0.149165 0.1460035
0.2695 0.1458619 0.14213184
0.27 0.1425986 0.1383216
0.2705 0.1393752 0.13457395
0.271 0.1361919 0.13088986
0.2715 0.1330486 0.12726994
0.272 0.1299454 0.12371479
0.2725 0.1268823 0.12022464
0.273 0.1238592 0.116799556
0.2735 0.1208761 0.11343952
0.274 0.1179328 0.110144325
0.2745 0.1150292 0.106913604
0.275 0.1121651 0.10374683
0.2755 0.1093403 0.10064345
0.276 0.1065547 0.09760266
0.2765 0.103808 0.09462374
0.277 0.1011 0.0917058
0.2775 0.09843032 0.08884777
0.278 0.0957988 0.086048774
0.2785 0.09320512 0.08330769
0.279 0.09064898 0.080623485
0.2795 0.08813007 0.07799497
0.28 0.08564806 0.07542107
0.2805 0.08320263 0.072900526
0.281 0.08079343 0.07043225
0.2815 0.07842011 0.06801505
0.282 0.07608233 0.06564772
0.2825 0.07377972 0.06332914
0.283 0.07151192 0.06105811
0.2835 0.06927855 0.058833487
0.284 0.06707924 0.056654148
0.2845 0.06491362 0.054519005
0.285 0.0627813 0.05242694
0.2855 0.0606819 0.050376937
0.286 0.05861503 0.048367925
0.2865 0.0565803 0.04639887
0.287 0.05457733 0.044468768
0.2875 0.05260572 0.04257665
0.288 0.05066509 0.04072158
0.2885 0.04875505 0.038902655
0.289 0.0468752 0.03711898
0.2895 0.04502515 0.03536968
0.29 0.04320451 0.033653907
0.2905 0.0414129 0.031970844
0.291 0.03964993 0.030319681
0.2915 0.03791521 0.02869965
0.292 0.03620836 0.027110038
0.2925 0.03452899 0.025550148
0.293 0.03287673 0.024019165
0.2935 0.03125119 0.022516554
0.294 0.02965201 0.02104154
0.2945 0.02807879 0.019593468
0.295 0.02653119 0.018171838
0.2955 0.02500882 0.016775964
0.296 0.02351132 0.015405236
0.2965 0.02203832 0.014059139
0.297 0.02058948 0.012737086
0.2975 0.01916443 0.011438558
0.298 0.01776281 0.01016303
0.2985 0.01638429 0.008909984
0.299 0.01502851 0.0076789465
0.2995 0.01369513 0.0064694043
0.3 0.0123838 0.017443752
0.3005 0.01152698 0.015635496
0.301 0.01135851 0.0096387025
0.3015 0.01165593 0.0028839018
0.302 0.01226768 -0.0032272432
0.3025 0.01310751 -0.008168349
0.303 0.01412693 -0.011808956
0.3035 0.01529618 -0.014197806
0.304 0.01659454 -0.015459577
0.3045 0.01800584 -0.015744353
0.305 0.0195165 -0.0152026955
0.3055 0.02111473 -0.013974601
0.306 0.02279007 -0.012184629
0.3065 0.02453315 -0.009940872
0.307 0.02633556 -0.007335553
0.3075 0.0281898 -0.0044464264
0.308 0.0300891 -0.0013386849
0.3085 0.03202741 0.0019335952
0.309 0.03399925 0.0053256806
0.3095 0.03599969 0.008800736
0.31 0.03802427 0.012328571
0.3105 0.04006896 0.015884614
0.311 0.04213009 0.019448807
0.3115 0.04420375 0.023004865
0.312 0.04628432 0.026539868
0.3125 0.04836659 0.030043429
0.313 0.05042527 0.033507295
0.3135 0.05245148 0.03692507
0.314 0.05446135 0.040291734
0.3145 0.05646921 0.043603472
0.315 0.05848307 0.046857767
0.3155 0.0605058 0.050052367
0.316 0.06253697 0.05318611
0.3165 0.06457441 0.05625827
0.317 0.06661516 0.059268393
0.3175 0.06865605 0.062216677
0.318 0.07069405 0.065103285
0.3185 0.07272637 0.06792884
0.319 0.07475057 0.07069395
0.3195 0.07676455 0.07339955
0.32 0.0787665 0.07604665
0.3205 0.08075489 0.07863613
0.321 0.08272846 0.081169166
0.3215 0.08468612 0.083646946
0.322 0.08662697 0.086070545
0.3225 0.08855027 0.088441215
0.323 0.09045538 0.09076003
0.3235 0.09234177 0.093028255
0.324 0.09420901 0.0952472
0.3245 0.09605673 0.097417705
0.325 0.09788462 0.099541195
0.3255 0.09969243 0.101618655
0.326 0.10148 0.10365132
0.3265 0.103247 0.105640136
0.327 0.1049935 0.10758635
0.3275 0.1067193 0.109490834
0.328 0.1084243 0.11135464
0.3285 0.1101085 0.11317883
0.329 0.1117718 0.11496437
0.3295 0.1134143 0.116712056
0.33 0.1150358 0.11842308
0.3305 0.1166366 0.12009802
0.331 0.1182165 0.121737964
0.3315 0.1197756 0.1233437
0.332 0.1213141 0.124915965
0.3325 0.1228319 0.12645572
0.333 0.1243291 0.12796362
0.3335 0.1258059 0.12944053
0.334 0.1272628 0.13088714
0.3345 0.1286998 0.13230401
0.335 0.1301165 0.13369209
0.3355 0.1315131 0.13505192
0.336 0.1328897 0.13638419
0.3365 0.1342464 0.1376896
0.337 0.1355834 0.13896869
0.3375 0.1369009 0.14022215
0.338 0.1381991 0.14145042
0.3385 0.1394782 0.14265423
0.339 0.1407383 0.14383404
0.3395 0.1419796 0.14499056
0.34 0.1432022 0.14612408
0.3405 0.1444065 0.14723535
0.341 0.1455902 0.14832479
0.3415 0.1467155 0.14939275
0.342 0.1477787 0.15043998
0.3425 0.148807 0.15146671
0.343 0.1498224 0.15247343
0.3435 0.150837 0.15346083
0.344 0.1518552 0.154429
0.3445 0.152877 0.1553786
0.345 0.1539 0.1563098
0.3455 0.1549212 0.1572233
0.346 0.1559374 0.15811932
0.3465 0.1569457 0.15899818
0.347 0.1579438 0.15986042
0.3475 0.15893 0.16070622
0.348 0.1599027 0.16153605
0.3485 0.1608606 0.16235031
0.349 0.161803 0.16314927
0.3495 0.1627298 0.1639331
0.35 0.1636411 0.15980105
0.3505 0.1639575 0.1589921
0.351 0.1631661 0.15977639
0.3515 0.1618298 0.1611192
0.352 0.160271 0.16242959
0.3525 0.1586385 0.16339824
0.353 0.1569879 0.163889
0.3535 0.1553306 0.16386782
0.354 0.1536603 0.16335662
0.3545 0.1519651 0.16240416
0.355 0.1502337 0.16106859
0.3555 0.1484571 0.15940817
0.356 0.1466297 0.15747613
0.3565 0.1447485 0.15531854
0.357 0.1428132 0.15297443
0.3575 0.140825 0.15047616
0.358 0.1387869 0.14785054
0.3585 0.1367023 0.14511959
0.359 0.1345756 0.14230172
0.3595 0.1324112 0.13941242
0.36 0.1302139 0.13646516
0.3605 0.1279881 0.1334715
0.361 0.1257383 0.13044177
0.3615 0.1234688 0.12738533
0.362 0.1211835 0.12431065
0.3625 0.1188861 0.12122542
0.363 0.1165801 0.118136995
0.3635 0.1142686 0.1150518
0.364 0.1119545 0.11197599
0.3645 0.1096405 0.10891511
0.365 0.1073289 0.10587428
0.3655 0.1050221 0.10285808
0.366 0.1027218 0.09987071
0.3665 0.10043 0.096915826
0.367 0.09814828 0.09399671
0.3675 0.09587809 0.09111623
0.368 0.09362076 0.08827678
0.3685 0.09137749 0.08548056
0.369 0.08914936 0.08272908
0.3695 0.08693734 0.08002388
0.37 0.08474231 0.07736604
0.3705 0.08256506 0.0747563
0.371 0.08040627 0.072195254
0.3715 0.0782666 0.06968313
0.372 0.07614659 0.067220144
0.3725 0.07404676 0.06480614
0.373 0.07196753 0.06244085
0.3735 0.06990931 0.060123898
0.374 0.06787245 0.057854794
0.3745 0.06585723 0.055632956
0.375 0.06386392 0.05345758
0.3755 0.06189275 0.051327907
0.376 0.05994389 0.049243085
0.3765 0.05801751 0.047202244
0.377 0.05611374 0.04520444
0.3775 0.05423268 0.043248683
0.378 0.05237439 0.04133401
0.3785 0.05053893 0.03945946
0.379 0.04872633 0.037623994
0.3795 0.04693659 0.035826623
0.38 0.04516972 0.034066364
0.3805 0.04342567 0.03234227
0.381 0.04170441 0.03065337
0.3815 0.04000588 0.0289987
0.382 0.03833 0.027377298
0.3825 0.03667669 0.025788365
0.383 0.03504585 0.024230978
0.3835 0.03343737 0.02270425
0.384 0.03185113 0.021207375
0.3845 0.03028701 0.01973953
0.385 0.02874485 0.018299943
0.3855 0.02722452 0.016887924
0.386 0.02572586 0.0155026745
0.3865 0.02424871 0.014143517
0.387 0.0227929 0.012809744
0.3875 0.02135825 0.011500714
0.388 0.01994459 0.010215839
0.3885 0.01855173 0.008954419
0.389 0.01717948 0.0077159386
0.3895 0.01582765 0.0064997915
0.39 0.01449604 0.0053054523
0.3905 0.01318445 0.0041323546
0.391 0.01189267 0.0029800218
0.3915 0.01062051 0.0018479843
0.392 0.009367738 0.00073566847
0.3925 0.008134158 -0.00035730188
0.393 0.006919552 -0.001431385
0.3935 0.005723706 -0.0024870131
0.394 0.004546405 -0.0035246108
0.3945 0.00338743 -0.0045446027
0.395 0.002246564 -0.0055473614
0.3955 0.001123588 -0.006533215
0.396 1.828373e-05 -0.0075026285
0.3965 -0.001069569 -0.008455882
0.397 -0.002140189 -0.00939337
0.3975 -0.003193796 -0.010315368
0.398 -0.00423061 -0.011222245
0.3985 -0.005250848 -0.012114277
0.399 -0.006254729 -0.012991792
0.3995 -0.007242471 -0.013855049
0.4 -0.008214291 -0.014704371
0.4005 -0.009170404 -0.015540035
0.401 -0.01011102 -0.016362304
0.4015 -0.01103637 -0.017171426
0.402 -0.01194665 -0.01796767
0.4025 -0.01284207 -0.018751262
0.403 -0.01372285 -0.019522494
0.4035 -0.0145892 -0.020281525
0.404 -0.01544132 -0.021028617
0.4045 -0.01627942 -0.021763986
0.405 -0.01710369 -0.022487821
0.4055 -0.01791436 -0.023200357
0.406 -0.0187116 -0.02390183
0.4065 -0.01949563 -0.024592342
0.407 -0.02026664 -0.025272174
0.4075 -0.02102483 -0.02594144
0.408 -0.02177038 -0.026600344
0.4085 -0.0225035 -0.027249055
0.409 -0.02322436 -0.02788779
0.4095 -0.02393316 -0.028516611
0.41 -0.02463008 -0.02913574
0.4105 -0.02531531 -0.029745327
0.411 -0.02598902 -0.030345546
0.4115 -0.0266514 -0.030936485
0.412 -0.02730262 -0.03151831
0.4125 -0.02794286 -0.03209117
0.413 -0.02857228 -0.03265519
0.4135 -0.02919107 -0.033210542
0.414 -0.02979939 -0.033757266
0.4145 -0.03039741 -0.03429557
0.415 -0.03098529 -0.034825522
0.4155 -0.03156319 -0.035347268
0.416 -0.03213128 -0.035860896
0.4165 -0.03268971 -0.03636654
0.417 -0.03323863 -0.03686433
0.4175 -0.03377821 -0.0373543
0.418 -0.0343086 -0.037836615
0.4185 -0.03482994 -0.038311373
0.419 -0.03534238 -0.038778663
0.4195 -0.03584607 -0.03923855
0.42 -0.03634116 -0.039691176
0.4205 -0.03682777 -0.040136613
0.421 -0.03730606 -0.04057497
0.4215 -0.03777616 -0.041006304
0.422 -0.03823821 -0.041430723
0.4225 -0.03869234 -0.04184832
0.423 -0.03913869 -0.04225917
0.4235 -0.03957737 -0.04266335
0.424 -0.04000853 -0.04306096
0.4245 -0.04043228 -0.043452065
0.425 -0.04084875 -0.04383675
0.4255 -0.04125807 -0.0442151
0.426 -0.04166035 -0.044587173
0.4265 -0.04205571 -0.04495307
0.427 -0.04244427 -0.04531288
0.4275 -0.04282614 -0.04566665
0.428 -0.04320145 -0.046014443
0.4285 -0.04357029 -0.046356335
0.429 -0.04393277 -0.046692405
0.4295 -0.04428902 -0.047022756
0.43 -0.04463913 -0.047347438
0.4305 -0.0449832 -0.047666494
0.431 -0.04532135 -0.047980014
0.4315 -0.04565366 -0.048288066
0.432 -0.04598025 -0.04859075
0.4325 -0.04630121 -0.04888807
0.433 -0.04661663 -0.04918017
0.4335 -0.04692661 -0.049467042
0.434 -0.04723125 -0.0497488
0.4345 -0.04753064 -0.050025493
0.435 -0.04782486 -0.05029717
0.4355 -0.048114 -0.050563958
0.436 -0.04839816 -0.050825883
0.4365 -0.04867742 -0.05108299
0.437 -0.04895186 -0.051335376
0.4375 -0.04922157 -0.051583078
0.438 -0.04948663 -0.051826183
0.4385 -0.04974711 -0.052064765
0.439 -0.05000311 -0.052298848
0.4395 -0.05025469 -0.052528515
0.44 -0.05050193 -0.052753836
0.4405 -0.05074492 -0.052974854
0.441 -0.05098371 -0.053191654
0.4415 -0.05121839 -0.0534043
0.442 -0.05144902 -0.05361282
0.4425 -0.05167569 -0.053817302
0.443 -0.05189844 -0.05401778
0.4435 -0.05211736 -0.05421435
0.444 -0.05233251 -0.054407034
0.4445 -0.05254396 -0.054595936
0.445 -0.05275177 -0.05478109
0.4455 -0.052956 -0.054962542
0.446 -0.05315672 -0.055140357
0.4465 -0.05335399 -0.055314608
0.447 -0.05354786 -0.055485353
0.4475 -0.0537384 -0.055652626
0.448 -0.05392567 -0.05581651
0.4485 -0.05410972 -0.055977043
0.449 -0.0542906 -0.0561343
0.4495 -0.05446838 -0.056288294
0.45 -0.05464311 -0.056439105
0.4505 -0.05481484 -0.056586802
0.451 -0.05498363 -0.056731425
0.4515 -0.05514952 -0.05687303
0.452 -0.05531256 -0.05701166
0.4525 -0.05547282 -0.05714739
0.453 -0.05563032 -0.05728023
0.4535 -0.05578513 -0.057410277
0.454 -0.05593729 -0.057537537
0.4545 -0.05608685 -0.0576621
0.455 -0.05623384 -0.057784
0.4555 -0.05637833 -0.057903256
0.456 -0.05652034 -0.05801996
0.4565 -0.05665993 -0.05813414
0.457 -0.05679713 -0.058245856
0.4575 -0.05693199 -0.058355134
0.458 -0.05706455 -0.05846204
0.4585 -0.05719485 -0.058566608
0.459 -0.05732293 -0.058668885
0.4595 -0.05744882 -0.05876892
0.46 -0.05757257 -0.05886675
0.4605 -0.05769421 -0.058962412
0.461 -0.05781379 -0.05905597
0.4615 -0.05793133 -0.059147425
0.462 -0.05804687 -0.05923687
0.4625 -0.05816044 -0.059324294
0.463 -0.05827209 -0.059409767
0.4635 -0.05838185 -0.059493348
0.464 -0.05848974 -0.059575032
0.4645 -0.0585958 -0.059654854
0.465 -0.05870006 -0.05973289
0.4655 -0.05880255 -0.059809178
0.466 -0.05890331 -0.059883725
0.4665 -0.05900237 -0.05995657
0.467 -0.05909975 -0.060027763
0.4675 -0.05919548 -0.060097333
0.468 -0.0592896 -0.060165323
0.4685 -0.05938212 -0.06023174
0.469 -0.05947309 -0.060296636
0.4695 -0.05956252 -0.060360037
0.47 -0.05965044 -0.06042199
0.4705 -0.05973688 -0.060482495
0.471 -0.05982186 -0.060541622
0.4715 -0.05990542 -0.060599383
0.472 -0.05998756 -0.060655788
0.4725 -0.06006833 -0.060710903
0.473 -0.06014774 -0.060764708
0.4735 -0.06022582 -0.060817268
0.474 -0.06030258 -0.06086861
0.4745 -0.06037806 -0.060918752
0.475 -0.06045227 -0.060967717
0.4755 -0.06052524 -0.061015546
0.476 -0.06059699 -0.061062235
0.4765 -0.06066754 -0.061107844
0.477 -0.06073691 -0.06115236
0.4775 -0.06080511 -0.06119585
0.478 -0.06087218 -0.061238296
0.4785 -0.06093813 -0.061279748
0.479 -0.06100298 -0.06132022
0.4795 -0.06106675 -0.06135974
0.48 -0.06112946 -0.061398312
0.4805 -0.06119112 -0.061435964
0.481 -0.06125175 -0.061472744
0.4815 -0.06131138 -0.061508633
0.482 -0.06137002 -0.061543662
0.4825 -0.06142768 -0.061577864
0.483 -0.06148439 -0.061611265
0.4835 -0.06154015 -0.061643858
0.484 -0.06159499 -0.061675675
0.4845 -0.06164893 -0.061706714
0.485 -0.06170197 -0.06173704
0.4855 -0.06175413 -0.061766624
0.486 -0.06180543 -0.061795488
0.4865 -0.06185588 -0.061823677
0.487 -0.0619055 -0.061851162
0.4875 -0.0619543 -0.06187801
0.488 -0.0620023 -0.061904203
0.4885 -0.06204951 -0.06192977
0.489 -0.06209593 -0.061954714
0.4895 -0.0621416 -0.06197906
0.49 -0.06218651 -0.062002815
0.4905 -0.06223069 -0.062026016
0.491 -0.06227414 -0.062048636
0.4915 -0.06231688 -0.062070705
0.492 -0.06235891 -0.062092245
0.4925 -0.06240026 -0.06211327
0.493 -0.06244093 -0.062133774
0.4935 -0.06248094 -0.062153794
0.494 -0.06252029 -0.06217334
0.4945 -0.062559 -0.06219241
0.495 -0.06259708 -0.062211
0.4955 -0.06263453 -0.062229138
0.496 -0.06267137 -0.062246837
0.4965 -0.06270762 -0.062264107
0.497 -0.06274327 -0.062280953
0.4975 -0.06277835 -0.0622974
0.498 -0.06281285 -0.06231343
0.4985 -0.06284679 -0.062329084
0.499 -0.06288018 -0.06234435
0.4995 -0.06291303 -0.062359236
