2.506592869758605957e-01 2.043640911579132080e-01
2.340201884508132935e-01 1.914080530405044556e-01
2.190932780504226685e-01 1.797307729721069336e-01
2.055764645338058472e-01 1.691168844699859619e-01
1.932341307401657104e-01 1.593748778104782104e-01
1.818774789571762085e-01 1.503035128116607666e-01
1.713178604841232300e-01 1.417307853698730469e-01
1.613899171352386475e-01 1.335401535034179688e-01
1.519747525453567505e-01 1.256735622882843018e-01
1.430045813322067261e-01 1.181178912520408630e-01
1.344526559114456177e-01 1.108864694833755493e-01
1.263173669576644897e-01 1.040035635232925415e-01
1.186084747314453125e-01 9.749348461627960205e-02
1.113371253013610840e-01 9.137436002492904663e-02
1.045097485184669495e-01 8.565488457679748535e-02
9.812505543231964111e-02 8.033335208892822266e-02
9.217287600040435791e-02 7.539816945791244507e-02
8.663467317819595337e-02 7.082958519458770752e-02
8.148518949747085571e-02 6.660206615924835205e-02
7.669471204280853271e-02 6.268699467182159424e-02
7.223179191350936890e-02 5.905547738075256348e-02
6.806574016809463501e-02 5.568034574389457703e-02
6.416867673397064209e-02 5.253771692514419556e-02
6.051676720380783081e-02 4.960756748914718628e-02
5.709066987037658691e-02 4.687366634607315063e-02
5.387526750564575195e-02 4.432298988103866577e-02
5.085882544517517090e-02 4.194473847746849060e-02
4.803202301263809204e-02 3.972947970032691956e-02
4.538684338331222534e-02 3.766823559999465942e-02
4.291566461324691772e-02 3.575189039111137390e-02
4.061053693294525146e-02 3.397085145115852356e-02
3.846282884478569031e-02 3.231495618820190430e-02
3.646308556199073792e-02 3.077366389334201813e-02
3.460114821791648865e-02 2.933633886277675629e-02
3.286647796630859375e-02 2.799273654818534851e-02
3.124855831265449524e-02 2.673335745930671692e-02
2.973728999495506287e-02 2.554978430271148682e-02
2.832336723804473877e-02 2.443490922451019287e-02
2.699851989746093750e-02 2.338297478854656219e-02
2.575559355318546295e-02 2.238950505852699280e-02
2.458853088319301605e-02 2.145108021795749664e-02
2.349224872887134552e-02 2.056510187685489655e-02
2.246239408850669861e-02 1.972949318587779999e-02
2.149516344070434570e-02 1.894242689013481140e-02
2.058702893555164337e-02 1.820211112499237061e-02
1.973460055887699127e-02 1.750664599239826202e-02
1.893449947237968445e-02 1.685394532978534698e-02
1.818331517279148102e-02 1.624171808362007141e-02
1.747761107981204987e-02 1.566753722727298737e-02
1.681398041546344757e-02 1.512889564037322998e-02
1.618913933634757996e-02 1.462331134825944901e-02
1.560000609606504440e-02 1.414839923381805420e-02
1.504376344382762909e-02 1.370192877948284149e-02
1.451791357249021530e-02 1.328186132013797760e-02
1.402027904987335205e-02 1.288633979856967926e-02
1.354898698627948761e-02 1.251368504017591476e-02
1.310242526233196259e-02 1.216233428567647934e-02
1.267917454242706299e-02 1.183083932846784592e-02
1.227795053273439407e-02 1.151778362691402435e-02
1.189753971993923187e-02 1.122180558741092682e-02
1.153676398098468781e-02 1.094156783074140549e-02
1.119445543736219406e-02 1.067577581852674484e-02
1.086945086717605591e-02 1.042320299893617630e-02
1.056060474365949631e-02 1.018271036446094513e-02
1.026680413633584976e-02 9.953278116881847382e-03
9.987005032598972321e-03 9.734028950333595276e-03
9.720239788293838501e-03 9.524231776595115662e-03
9.465643204748630524e-03 9.323303587734699249e-03
9.222450666129589081e-03 9.130788967013359070e-03
8.989996276795864105e-03 8.946336805820465088e-03
8.767694234848022461e-03 8.769668638706207275e-03
8.555022999644279480e-03 8.600556291639804840e-03
8.351514115929603577e-03 8.438779041171073914e-03
8.156718686223030090e-03 8.284114301204681396e-03
7.970209233462810516e-03 8.136318996548652649e-03
7.791562471538782120e-03 7.995120249688625336e-03
7.620365358889102936e-03 7.860223762691020966e-03
7.456206716597080231e-03 7.731316145509481430e-03
7.298691663891077042e-03 7.608063519001007080e-03
7.147440221160650253e-03 7.490132004022598267e-03
7.002093829214572906e-03 7.377183530479669571e-03
6.862310227006673813e-03 7.268885616213083267e-03
6.727772764861583710e-03 7.164910435676574707e-03
6.598183419555425644e-03 7.064935751259326935e-03
6.473255343735218048e-03 6.968643516302108765e-03
6.352716591209173203e-03 6.875731050968170166e-03
6.236308254301548004e-03 6.785898469388484955e-03
6.123777478933334351e-03 6.698871962726116180e-03
6.014882586896419525e-03 6.614389829337596893e-03
5.909392144531011581e-03 6.532220635563135147e-03
5.807089619338512421e-03 6.452164147049188614e-03
5.707771982997655869e-03 6.374052260071039200e-03
5.611252970993518829e-03 6.297753192484378815e-03
5.517368670552968979e-03 6.223167292773723602e-03
5.425970070064067841e-03 6.150227971374988556e-03
5.336929112672805786e-03 6.078890059143304825e-03
5.250130780041217804e-03 6.009125150740146637e-03
5.165473092347383499e-03 5.940916482359170914e-03
5.082863382995128632e-03 5.874246824532747269e-03
5.002213176339864731e-03 5.809098482131958008e-03
4.923436790704727173e-03 5.745447240769863129e-03
4.846449941396713257e-03 5.683255847543478012e-03
4.771167878061532974e-03 5.622480064630508423e-03
4.697508178651332855e-03 5.563067737966775894e-03
4.625390749424695969e-03 5.504956003278493881e-03
4.554740153253078461e-03 5.448076874017715454e-03
4.485480021685361862e-03 5.392361897975206375e-03
4.417547024786472321e-03 5.337737966328859329e-03
4.350878298282623291e-03 5.284135695546865463e-03
4.285417497158050537e-03 5.231483839452266693e-03
4.221112933009862900e-03 5.179715342819690704e-03
4.157916642725467682e-03 5.128765944391489029e-03
4.095783922821283340e-03 5.078575573861598969e-03
4.034671001136302948e-03 5.029087420552968979e-03
3.974538296461105347e-03 4.980248399078845978e-03
3.915344830602407455e-03 4.932012874633073807e-03
3.857054514810442924e-03 4.884337075054645538e-03
3.799629863351583481e-03 4.837186075747013092e-03
3.743038978427648544e-03 4.790521692484617233e-03
3.687247168272733688e-03 4.744316451251506805e-03
3.632224397733807564e-03 4.698541015386581421e-03
3.577940165996551514e-03 4.653167910873889923e-03
3.524363739416003227e-03 4.608171992003917694e-03
3.471466246992349625e-03 4.563526716083288193e-03
3.419217420741915703e-03 4.519206937402486801e-03
3.367585595697164536e-03 4.475187510251998901e-03
3.316541435196995735e-03 4.431445617228746414e-03
3.266052808612585068e-03 4.387955181300640106e-03
3.216088516637682915e-03 4.344697110354900360e-03
3.166617359966039658e-03 4.301650915294885635e-03
3.117610234767198563e-03 4.258800763636827469e-03
3.069035010412335396e-03 4.216131754219532013e-03
3.020863514393568039e-03 4.173634108155965805e-03
2.973067807033658028e-03 4.131297580897808075e-03
2.925621345639228821e-03 4.089117981493473053e-03
2.878498984500765800e-03 4.047089722007513046e-03
2.831676276400685310e-03 4.005210939794778824e-03
2.785132732242345810e-03 3.963480703532695770e-03
2.738849027082324028e-03 3.921900875866413116e-03
2.692809561267495155e-03 3.880469826981425285e-03
2.647001761943101883e-03 3.839190350845456123e-03
2.601416781544685364e-03 3.798063378781080246e-03
2.556050894781947136e-03 3.757093800231814384e-03
2.510903868824243546e-03 3.716283245012164116e-03
2.465982688590884209e-03 3.675635438412427902e-03
2.421298297122120857e-03 3.635156899690628052e-03
2.376866992563009262e-03 3.594853449612855911e-03
2.332711592316627502e-03 3.554735332727432251e-03
2.288862364366650581e-03 3.514813724905252457e-03
2.245352836325764656e-03 3.475104225799441338e-03
2.202225383371114731e-03 3.435628488659858704e-03
2.159525407478213310e-03 3.396408166736364365e-03
2.117305994033813477e-03 3.357473295181989670e-03
2.075623720884323120e-03 3.318854840472340584e-03
2.034540520980954170e-03 3.280591685324907303e-03
1.994120655581355095e-03 3.242724342271685600e-03
1.954433042556047440e-03 3.205299377441406250e-03
1.915546483360230923e-03 3.168364521116018295e-03
1.877531758509576321e-03 3.131971228867769241e-03
1.840459415689110756e-03 3.096170024946331978e-03
1.804399536922574043e-03 3.061013761907815933e-03
1.769419177435338497e-03 3.026554826647043228e-03
1.735582598485052586e-03 2.992845373228192329e-03
1.702949055470526218e-03 2.959930570796132088e-03
1.671571284532546997e-03 2.927857683971524239e-03
1.641496084630489349e-03 2.896662801504135132e-03
1.612761057913303375e-03 2.866381779313087463e-03
1.585394842550158501e-03 2.837041160091757774e-03
1.559414900839328766e-03 2.808661898598074913e-03
1.534827402792870998e-03 2.781255636364221573e-03
1.511626527644693851e-03 2.754825400188565254e-03
1.489793881773948669e-03 2.729366999119520187e-03
1.469299197196960449e-03 2.704863203689455986e-03
1.450098818168044090e-03 2.681291894987225533e-03
1.432140124961733818e-03 2.658620476722717285e-03
1.415358157828450203e-03 2.636811463162302971e-03
1.399680622853338718e-03 2.615812700241804123e-03
1.385027542710304260e-03 2.595575992017984390e-03
1.371313584968447685e-03 2.576041966676712036e-03
1.358450273983180523e-03 2.557144500315189362e-03
1.346346922218799591e-03 2.538823056966066360e-03
1.334913889877498150e-03 2.521011512726545334e-03
1.324064331129193306e-03 2.503647236153483391e-03
1.313714310526847839e-03 2.486665965989232063e-03
1.303785480558872223e-03 2.470012987032532692e-03
1.294206245802342892e-03 2.453631255775690079e-03
1.284912461414933205e-03 2.437473740428686142e-03
1.275847316719591618e-03 2.421499695628881454e-03
1.266962266527116299e-03 2.405674662441015244e-03
1.258218078874051571e-03 2.389969071373343468e-03
1.249581575393676758e-03 2.374360803514719009e-03
1.241028308868408203e-03 2.358833095058798790e-03
1.232540584169328213e-03 2.343375934287905693e-03
1.224106643348932266e-03 2.327986061573028564e-03
1.215719967149198055e-03 2.312657888978719711e-03
1.207377063110470772e-03 2.297395374625921249e-03
1.199079677462577820e-03 2.282201079651713371e-03
1.190831186249852180e-03 2.267081988975405693e-03
1.182637526653707027e-03 2.252042759209871292e-03
1.174504286609590054e-03 2.237090840935707092e-03
1.166437519714236259e-03 2.222232986241579056e-03
1.158444560132920742e-03 2.207473618909716606e-03
1.150532276369631290e-03 2.192819025367498398e-03
1.142703695222735405e-03 2.178272930905222893e-03
1.134966150857508183e-03 2.163837896659970284e-03
1.127321505919098854e-03 2.149514388293027878e-03
1.119771855883300304e-03 2.135307295247912407e-03
1.112319645471870899e-03 2.121213125064969063e-03
1.104964991100132465e-03 2.107229083776473999e-03
1.097707543522119522e-03 2.093359827995300293e-03
1.090545905753970146e-03 2.079599071294069290e-03
1.083478331565856934e-03 2.065944019705057144e-03
1.076502958312630653e-03 2.052395138889551163e-03
1.069616642780601978e-03 2.038945676758885384e-03
1.062815892510116100e-03 2.025596098974347115e-03
1.056098379194736481e-03 2.012337325140833855e-03
1.049460261128842831e-03 1.999171450734138489e-03
1.042898045852780342e-03 1.986090093851089478e-03
1.036408706568181515e-03 1.973094418644905090e-03
1.029989100061357021e-03 1.960177440196275711e-03
1.023635501042008400e-03 1.947339856997132301e-03
1.017345814034342766e-03 1.934576779603958130e-03
1.011117477901279926e-03 1.921886228956282139e-03
1.004947698675096035e-03 1.909266924485564232e-03
9.988343808799982071e-04 1.896718167699873447e-03
9.927758947014808655e-04 1.884238445200026035e-03
9.867707267403602600e-04 1.871825894340872765e-03
9.808174800127744675e-04 1.859482377767562866e-03
9.749146411195397377e-04 1.847206265665590763e-03
9.690608712844550610e-04 1.834998605772852898e-03
9.632555884309113026e-04 1.822859747335314751e-03
9.574977448210120201e-04 1.810790738090872765e-03
9.517867001704871655e-04 1.798791578039526939e-03
9.461217559874057770e-04 1.786861568689346313e-03
9.405012242496013641e-04 1.775004318915307522e-03
9.349251049570739269e-04 1.763217383995652199e-03
9.293924085795879364e-04 1.751501811668276787e-03
9.239020873792469501e-04 1.739858882501721382e-03
9.184541413560509682e-04 1.728289411403238773e-03
9.130466496571898460e-04 1.716791884973645210e-03
9.076796704903244972e-04 1.705368980765342712e-03
9.023513412103056908e-04 1.694016391411423683e-03
8.970623021014034748e-04 1.682738540694117546e-03
8.918104576878249645e-04 1.671533333137631416e-03
8.865956333465874195e-04 1.660401350818574429e-03
8.814167231321334839e-04 1.649343059398233891e-03
8.762727375142276287e-04 1.638358226045966148e-03
8.711632108315825462e-04 1.627448247745633125e-03
8.660866878926753998e-04 1.616611145436763763e-03
8.610434597358107567e-04 1.605847850441932678e-03
8.560313144698739052e-04 1.595159759745001793e-03
8.510506013408303261e-04 1.584548270329833031e-03
8.461006218567490578e-04 1.574010355398058891e-03
8.411796879954636097e-04 1.563547877594828606e-03
8.362875087186694145e-04 1.553160138428211212e-03
8.314239094033837318e-04 1.542848302051424980e-03
8.265872602351009846e-04 1.532612368464469910e-03
8.217776194214820862e-04 1.522451639175415039e-03
8.169942302629351616e-04 1.512365299277007580e-03
8.122362196445465088e-04 1.502355327829718590e-03
8.075030636973679066e-04 1.492420909926295280e-03
8.027943549677729607e-04 1.482559717260301113e-03
7.981098024174571037e-04 1.472773496061563492e-03
7.934480090625584126e-04 1.463063759729266167e-03
7.888089749030768871e-04 1.453424687497317791e-03
7.841922342777252197e-04 1.443860819563269615e-03
7.795966230332851410e-04 1.434367848560214043e-03
7.750223157927393913e-04 1.424950431101024151e-03
7.704686140641570091e-04 1.415602280758321285e-03
7.659348193556070328e-04 1.406326075084507465e-03
7.614207570441067219e-04 1.397121232002973557e-03
7.569252629764378071e-04 1.387986005283892155e-03
7.524489192292094231e-04 1.378921675495803356e-03
7.479908526875078678e-04 1.369924866594374180e-03
7.435503648594021797e-04 1.360997906886041164e-03
7.391277467831969261e-04 1.352137303911149502e-03
7.347218343056738377e-04 1.343346200883388519e-03
7.303328020498156548e-04 1.334620872512459755e-03
7.259603589773178101e-04 1.325961318798363209e-03
7.216039812192320824e-04 1.317369053140282631e-03
7.172633777372539043e-04 1.308842096477746964e-03
7.129387231543660164e-04 1.300379401072859764e-03
7.086294936016201973e-04 1.291982131078839302e-03
7.043355144560337067e-04 1.283647958189249039e-03
7.000570767559111118e-04 1.275378745049238205e-03
6.957930745556950569e-04 1.267172629013657570e-03
6.915444391779601574e-04 1.259031007066369057e-03
6.873108795844018459e-04 1.250950619578361511e-03
6.830918719060719013e-04 1.242933445610105991e-03
6.788879400119185448e-04 1.234979601576924324e-03
6.746995495632290840e-04 1.227087574079632759e-03
6.705257110297679901e-04 1.219256548210978508e-03
6.663675303570926189e-04 1.211488735862076283e-03
6.622244836762547493e-04 1.203781808726489544e-03
6.580973858945071697e-04 1.196135533973574638e-03
6.539856549352407455e-04 1.188550842925906181e-03
6.498902803286910057e-04 1.181026571430265903e-03
6.458113784901797771e-04 1.173563534393906593e-03
6.417488330043852329e-04 1.166160684078931808e-03
6.377033423632383347e-04 1.158817438408732414e-03
6.336750229820609093e-04 1.151535310782492161e-03
6.296648643910884857e-04 1.144313020631670952e-03
6.256724009290337563e-04 1.137150800786912441e-03
6.216979818418622017e-04 1.130047487094998360e-03
6.177426548674702644e-04 1.123003778047859669e-03
6.138066528365015984e-04 1.116019091568887234e-03
6.098902085795998573e-04 1.109091681428253651e-03
6.059933220967650414e-04 1.102223759517073631e-03
6.021176232025027275e-04 1.095415093004703522e-03
5.982624134048819542e-04 1.088661374524235725e-03
5.944287986494600773e-04 1.081966562196612358e-03
5.906164878979325294e-04 1.075327978469431400e-03
5.868264706805348396e-04 1.068745041266083717e-03
5.830586887896060944e-04 1.062216819263994694e-03
5.793141899630427361e-04 1.055745175108313560e-03
5.755924503318965435e-04 1.049326732754707336e-03
5.718944594264030457e-04 1.042962423525750637e-03
5.682205082848668098e-04 1.036652131006121635e-03
5.645703058689832687e-04 1.030392595566809177e-03
5.609444342553615570e-04 1.024185912683606148e-03
5.573438829742372036e-04 1.018028473481535912e-03
5.537679535336792469e-04 1.011922722682356834e-03
5.502174026332795620e-04 1.005864352919161320e-03
5.466920556500554085e-04 9.998555760830640793e-04
5.431923782452940941e-04 9.938944131135940552e-04
5.397185450419783592e-04 9.879801655188202858e-04
5.362710217013955116e-04 9.821134153753519058e-04
5.328495753929018974e-04 9.762902045622467995e-04
5.294544389471411705e-04 9.705128031782805920e-04
5.260853213258087635e-04 9.647785918787121773e-04
5.227432702668011189e-04 9.590869885869324207e-04
5.194277036935091019e-04 9.534391574561595917e-04
5.161389708518981934e-04 9.478299180045723915e-04
5.128774209879338741e-04 9.422620641998946667e-04
5.096422974020242691e-04 9.367346647195518017e-04
5.064344732090830803e-04 9.312445181421935558e-04
5.032538319937884808e-04 9.257942438125610352e-04
5.001003737561404705e-04 9.203787194564938545e-04
4.969738656654953957e-04 9.150009718723595142e-04
4.938748315908014774e-04 9.096596622839570045e-04
4.908031551167368889e-04 9.043522295542061329e-04
4.877589526586234570e-04 8.990800124593079090e-04
4.847420495934784412e-04 8.938398095779120922e-04
4.817525914404541254e-04 8.886327850632369518e-04
4.787907528225332499e-04 8.834578911773860455e-04
4.758562427014112473e-04 8.783143130131065845e-04
4.729495267383754253e-04 8.732017013244330883e-04
4.700698773376643658e-04 8.681183680891990662e-04
4.672182840295135975e-04 8.630651864223182201e-04
4.643940774258226156e-04 8.580401772633194923e-04
4.615976358763873577e-04 8.530427003279328346e-04
4.588284937199205160e-04 8.480727556161582470e-04
4.560872912406921387e-04 8.431297028437256813e-04
4.533732426352798939e-04 8.382148807868361473e-04
4.506867262534797192e-04 8.333245059475302696e-04
4.480282368604093790e-04 8.284587529487907887e-04
4.453965811990201473e-04 8.236197754740715027e-04
4.427929816301912069e-04 8.188042556867003441e-04
4.402165359351783991e-04 8.140134741552174091e-04
4.376672732178121805e-04 8.092455682344734669e-04
4.351455136202275753e-04 8.045021677389740944e-04
4.326510243117809296e-04 7.997812936082482338e-04
4.301833978388458490e-04 7.950842264108359814e-04
4.277430125512182713e-04 7.904082303866744041e-04
4.253295774105936289e-04 7.857553428038954735e-04
4.229430051054805517e-04 7.811239920556545258e-04
4.205830045975744724e-04 7.765148184262216091e-04
4.182498087175190449e-04 7.719291024841368198e-04
4.159430391155183315e-04 7.673639338463544846e-04
4.136629286222159863e-04 7.628196035511791706e-04
4.114087205380201340e-04 7.582991383969783783e-04
4.091803857591003180e-04 7.537991041317582130e-04
4.069781280122697353e-04 7.493202574551105499e-04
4.048018599860370159e-04 7.448642281815409660e-04
4.026510869152843952e-04 7.404291536659002304e-04
4.005256923846900463e-04 7.360157324001193047e-04
3.984253271482884884e-04 7.316241972148418427e-04
3.963501076214015484e-04 7.272557122632861137e-04
3.942997136618942022e-04 7.229092298075556755e-04
3.922741743735969067e-04 7.185844588093459606e-04
3.902724711224436760e-04 7.142830290831625462e-04
3.882953606080263853e-04 7.100049988366663456e-04
3.863416786771267653e-04 7.057480979710817337e-04
3.844119491986930370e-04 7.015160517767071724e-04
3.825055027846246958e-04 6.973068229854106903e-04
3.806223685387521982e-04 6.931225652806460857e-04
3.787622263189405203e-04 6.889624055474996567e-04
3.769244067370891571e-04 6.848247139714658260e-04
3.751089971046894789e-04 6.807144964113831520e-04
3.733157063834369183e-04 6.766277365386486053e-04
3.715445345733314753e-04 6.725651328451931477e-04
3.697946376632899046e-04 6.685300031676888466e-04
3.680660447571426630e-04 6.645199027843773365e-04
3.663581446744501591e-04 6.605359376408159733e-04
3.646717523224651814e-04 6.565789808519184589e-04
3.630051505751907825e-04 6.526490906253457069e-04
3.613588050939142704e-04 6.487460341304540634e-04
3.597322502173483372e-04 6.448683561757206917e-04
3.581251366995275021e-04 6.410195492208003998e-04
3.565375809557735920e-04 6.371991476044058800e-04
3.549684479366987944e-04 6.334049394354224205e-04
3.534182033035904169e-04 6.296393694356083870e-04
3.518861776683479548e-04 6.259049987420439720e-04
3.503723419271409512e-04 6.221975199878215790e-04
3.488763759378343821e-04 6.185176898725330830e-04
3.473976976238191128e-04 6.148692336864769459e-04
3.459361032582819462e-04 6.112480186857283115e-04
3.444914182182401419e-04 6.076573627069592476e-04
3.430633223615586758e-04 6.040969165042042732e-04
3.416516410652548075e-04 6.005651084706187248e-04
3.402558504603803158e-04 5.970623460598289967e-04
3.388756304048001766e-04 5.935899680480360985e-04
3.375110100023448467e-04 5.901481490582227707e-04
3.361617273185402155e-04 5.867356667295098305e-04
3.348267928231507540e-04 5.833521718159317970e-04
3.335068176966160536e-04 5.800005747005343437e-04
3.322012489661574364e-04 5.766775575466454029e-04
3.309097955934703350e-04 5.733849247917532921e-04
3.296317590866237879e-04 5.701213958673179150e-04
3.283675468992441893e-04 5.668897065334022045e-04
3.271167515777051449e-04 5.636872956529259682e-04
3.258785291109234095e-04 5.605142796412110329e-04
3.246531705372035503e-04 5.573712405748665333e-04
3.234407049603760242e-04 5.542570725083351135e-04
3.222401137463748455e-04 5.511713097803294659e-04
3.210519498679786921e-04 5.481181433424353600e-04
3.198751655872911215e-04 5.450916360132396221e-04
3.187104011885821819e-04 5.420943489298224449e-04
3.175570163875818253e-04 5.391265149228274822e-04
3.164141962770372629e-04 5.361861549317836761e-04
3.152827848680317402e-04 5.332759465090930462e-04
3.141620254609733820e-04 5.303932121023535728e-04
3.130514523945748806e-04 5.275396397337317467e-04
3.119514440186321735e-04 5.247124354355037212e-04
3.108614473603665829e-04 5.219141603447496891e-04
3.097814624197781086e-04 5.191420204937458038e-04
3.087109653279185295e-04 5.163980531506240368e-04
3.076501307077705860e-04 5.136796971783041954e-04
3.065986093133687973e-04 5.109893972985446453e-04
3.055560518987476826e-04 5.083253490738570690e-04
3.045224002562463284e-04 5.056879599578678608e-04
3.034975379705429077e-04 5.030764732509851456e-04
3.024814941454678774e-04 5.004887934774160385e-04
3.014739195350557566e-04 4.979283548891544342e-04
3.004745813086628914e-04 4.953924217261373997e-04
2.994832466356456280e-04 4.928801790811121464e-04
2.985000028274953365e-04 4.903930821456015110e-04
2.975244133267551661e-04 4.879306070506572723e-04
2.965563908219337463e-04 4.854903672821819782e-04
2.955961099360138178e-04 4.830753314308822155e-04
2.946430759038776159e-04 4.806825018022209406e-04
2.936971141025424004e-04 4.783152544405311346e-04
2.927586028818041086e-04 4.759676812682300806e-04
2.918268728535622358e-04 4.736451082862913609e-04
2.909019531216472387e-04 4.713426460511982441e-04
2.899835235439240932e-04 4.690620990004390478e-04
2.890719915740191936e-04 4.668048641178756952e-04
2.881666878238320351e-04 4.645666631404310465e-04
2.872677869163453579e-04 4.623503482434898615e-04
2.863754634745419025e-04 4.601551627274602652e-04
2.854885533452033997e-04 4.579802043735980988e-04
2.846081333700567484e-04 4.558269283734261990e-04
2.837334177456796169e-04 4.536903579719364643e-04
2.828643482644110918e-04 4.515754117164760828e-04
2.820012741722166538e-04 4.494781605899333954e-04
2.811433514580130577e-04 4.474018351174890995e-04
2.802914532367140055e-04 4.453435540199279785e-04
2.794444444589316845e-04 4.433030262589454651e-04
2.786028198897838593e-04 4.412803682498633862e-04
2.777662593871355057e-04 4.392767441459000111e-04
2.769353450275957584e-04 4.372911062091588974e-04
2.761093783192336559e-04 4.353222029749304056e-04
2.752878062892705202e-04 4.333714896347373724e-04
2.744716766756027937e-04 4.314351826906204224e-04
2.736596507020294666e-04 4.295185208320617676e-04
2.728528634179383516e-04 4.276164690963923931e-04
2.720506454352289438e-04 4.257320833858102560e-04
2.712530549615621567e-04 4.238615802023559809e-04
2.704596554394811392e-04 4.220075497869402170e-04
2.696704468689858913e-04 4.201700503472238779e-04
2.688857493922114372e-04 4.183477722108364105e-04
2.681057085283100605e-04 4.165401624049991369e-04
2.673292474355548620e-04 4.147462022956460714e-04
2.665574138518422842e-04 4.129694716539233923e-04
2.657892764545977116e-04 4.112047026865184307e-04
2.650253882165998220e-04 4.094546602573245764e-04
2.642655745148658752e-04 4.077196645084768534e-04
2.635094569995999336e-04 4.059983766637742519e-04
2.627570065669715405e-04 4.042903019580990076e-04
2.620088343974202871e-04 4.025956732220947742e-04
2.612637763377279043e-04 4.009152762591838837e-04
2.605225017759948969e-04 3.992469864897429943e-04
2.597851562313735485e-04 3.975902800448238850e-04
2.590514777693897486e-04 3.959476889576762915e-04
2.583209134172648191e-04 3.943180199712514877e-04
2.575938997324556112e-04 3.927005454897880554e-04
2.568704949226230383e-04 3.910940722562372684e-04
2.561504079494625330e-04 3.895018598996102810e-04
2.554332604631781578e-04 3.879207069985568523e-04
2.547200419940054417e-04 3.863507299683988094e-04
2.540094719734042883e-04 3.847912303172051907e-04
2.533025108277797699e-04 3.832444199360907078e-04
2.525986055843532085e-04 3.817089309450238943e-04
2.518977562431246042e-04 3.801841230597347021e-04
2.512002829462289810e-04 3.786694142036139965e-04
2.505052252672612667e-04 3.771684132516384125e-04
2.498135145287960768e-04 3.756766091100871563e-04
2.491250052116811275e-04 3.741935943253338337e-04
2.484394062776118517e-04 3.727228904608637094e-04
2.477565431036055088e-04 3.712615871336311102e-04
2.470767067279666662e-04 3.698107902891933918e-04
2.463998971506953239e-04 3.683711984194815159e-04
2.457252994645386934e-04 3.669391735456883907e-04
2.450541069265455008e-04 3.655180917121469975e-04
2.443852717988193035e-04 3.641063231043517590e-04
2.437192742945626378e-04 3.627049445640295744e-04
2.430561289656907320e-04 3.613111912272870541e-04
2.423954865662381053e-04 3.599281481001526117e-04
2.417375362711027265e-04 3.585531085263937712e-04
2.410821907687932253e-04 3.571884299162775278e-04
2.404294937150552869e-04 3.558329481165856123e-04
2.397792413830757141e-04 3.544855280779302120e-04
2.391316520515829325e-04 3.531461698003113270e-04
2.384863764746114612e-04 3.518152225296944380e-04
2.378439530730247498e-04 3.504942578729242086e-04
2.372036979068070650e-04 3.491814131848514080e-04
2.365662076044827700e-04 3.478765138424932957e-04
2.359310165047645569e-04 3.465791232883930206e-04
2.352979936404153705e-04 3.452912496868520975e-04
2.346675610169768333e-04 3.440116124693304300e-04
2.340396895306184888e-04 3.427385236136615276e-04
2.334138844162225723e-04 3.414750099182128906e-04
2.327907859580591321e-04 3.402178117539733648e-04
2.321693173144012690e-04 3.389678313396871090e-04
2.315507299499586225e-04 3.377270768396556377e-04
2.309342380613088608e-04 3.364918520674109459e-04
2.303200744790956378e-04 3.352659405209124088e-04
2.297081518918275833e-04 3.340457624290138483e-04
2.290983393322676420e-04 3.328334423713386059e-04
2.284909860463812947e-04 3.316293295938521624e-04
2.278855972690507770e-04 3.304314741399139166e-04
2.272822603117674589e-04 3.292410983704030514e-04
2.266815426992252469e-04 3.280576202087104321e-04
2.260828914586454630e-04 3.268813015893101692e-04
2.254862774861976504e-04 3.257108328398317099e-04
2.248916716780513525e-04 3.245469706598669291e-04
2.242995396954938769e-04 3.233904135413467884e-04
2.237090811831876636e-04 3.222408122383058071e-04
2.231208782177418470e-04 3.210974682588130236e-04
2.225350763183087111e-04 3.199613129254430532e-04
2.219508896814659238e-04 3.188296977896243334e-04
2.213688567280769348e-04 3.177047765348106623e-04
2.207891957368701696e-04 3.165874222759157419e-04
2.202110772486776114e-04 3.154753358103334904e-04
2.196352870669215918e-04 3.143706126138567924e-04
2.190615050494670868e-04 3.132706915494054556e-04
2.184896293329074979e-04 3.121784247923642397e-04
2.179197326768189669e-04 3.110902616754174232e-04
2.173520624637603760e-04 3.100082685705274343e-04
2.167862839996814728e-04 3.089322126470506191e-04
2.162224118364974856e-04 3.078621812164783478e-04
2.156603150069713593e-04 3.067974466830492020e-04
2.151002845494076610e-04 3.057399590034037828e-04
2.145424077752977610e-04 3.046869824174791574e-04
2.139860589522868395e-04 3.036392445210367441e-04
2.134321694029495120e-04 3.025974147021770477e-04
2.128800406353548169e-04 3.015625406987965107e-04
2.123294834746047854e-04 3.005309845320880413e-04
2.117810072377324104e-04 2.995058021042495966e-04
2.112344664055854082e-04 2.984860620927065611e-04
2.106898900819942355e-04 2.974709786940366030e-04
2.101469290209934115e-04 2.964608720503747463e-04
2.096059761242941022e-04 2.954566734842956066e-04
2.090669295284897089e-04 2.944567822851240635e-04
2.085297892335802317e-04 2.934630610980093479e-04
2.079944097204133868e-04 2.924744039773941040e-04
2.074609074043110013e-04 2.914897631853818893e-04
2.069293113891035318e-04 2.905116998590528965e-04
2.063993597403168678e-04 2.895373618230223656e-04
2.058713726000860333e-04 2.885680296458303928e-04
2.053452626569196582e-04 2.876034122891724110e-04
2.048206952167674899e-04 2.866432478185743093e-04
2.042982960119843483e-04 2.856903302017599344e-04
2.037777157966047525e-04 2.847406140062958002e-04
2.032586198765784502e-04 2.837933716364204884e-04
2.027414302574470639e-04 2.828535507433116436e-04
2.022261760430410504e-04 2.819174551405012608e-04
2.017125079873949289e-04 2.809854340739548206e-04
2.012008771998807788e-04 2.800585352815687656e-04
2.006905851885676384e-04 2.791359147522598505e-04
2.001824759645387530e-04 2.782187948469072580e-04
1.996759965550154448e-04 2.773051965050399303e-04
1.991711615119129419e-04 2.763954107649624348e-04
1.986682473216205835e-04 2.754915039986371994e-04
1.981670211534947157e-04 2.745914680417627096e-04
1.976675412151962519e-04 2.736959140747785568e-04
1.971696474356576800e-04 2.728032413870096207e-04
1.966735289897769690e-04 2.719167387112975121e-04
1.961792877409607172e-04 2.710328553803265095e-04
1.956866326509043574e-04 2.701540652196854353e-04
1.951959275174885988e-04 2.692795242182910442e-04
1.947068813024088740e-04 2.684080682229250669e-04
1.942193775903433561e-04 2.675411815289407969e-04
1.937337801791727543e-04 2.666785730980336666e-04
1.932496961671859026e-04 2.658193407114595175e-04
1.927673147292807698e-04 2.649653470143675804e-04
1.922868977999314666e-04 2.641160681378096342e-04
1.918079942697659135e-04 2.632686228025704622e-04
1.913308951770886779e-04 2.624259213916957378e-04
1.908554258989170194e-04 2.615872363094240427e-04
1.903816300909966230e-04 2.607527130749076605e-04
1.899092458188533783e-04 2.599219733383506536e-04
1.894389570225030184e-04 2.590932999737560749e-04
1.889701816253364086e-04 2.582707384135574102e-04
1.885031815618276596e-04 2.574516984168440104e-04
1.880377094494178891e-04 2.566351904533803463e-04
1.875739544630050659e-04 2.558238338679075241e-04
1.871117419796064496e-04 2.550147764850407839e-04
1.866513339336961508e-04 2.542100264690816402e-04
1.861925557022914290e-04 2.534086524974554777e-04
1.857353927334770560e-04 2.526115276850759983e-04
1.852797868195921183e-04 2.518168766982853413e-04
1.848258834797888994e-04 2.510268532205373049e-04
1.843737263698130846e-04 2.502404095139354467e-04
1.839233154896646738e-04 2.494568470865488052e-04
1.834743598010390997e-04 2.486773882992565632e-04
1.830269611673429608e-04 2.479013637639582157e-04
1.825812360038980842e-04 2.471297339070588350e-04
1.821372134145349264e-04 2.463603741489350796e-04
1.816946605686098337e-04 2.455946232657879591e-04
1.812539121601730585e-04 2.448316954541951418e-04
1.808145025279372931e-04 2.440725220367312431e-04
1.803771592676639557e-04 2.433168410789221525e-04
1.799411984393373132e-04 2.425644488539546728e-04
1.795066200429573655e-04 2.418156946077942848e-04
1.790739188436418772e-04 2.410701999906450510e-04
1.786426000762730837e-04 2.403285761829465628e-04
1.782129693310707808e-04 2.395898045506328344e-04
1.777850266080349684e-04 2.388542925473302603e-04
1.773585245246067643e-04 2.381211088504642248e-04
1.769336377037689090e-04 2.373931056354194880e-04
1.765103952493518591e-04 2.366656408412382007e-04
1.760888844728469849e-04 2.359425125177949667e-04
1.756686979206278920e-04 2.352248411625623703e-04
1.752499811118468642e-04 2.345075336052104831e-04
1.748334325384348631e-04 2.337951882509514689e-04
1.744180044624954462e-04 2.330845018150284886e-04
1.740040461299940944e-04 2.323768276255577803e-04
1.735916885081678629e-04 2.316735626664012671e-04
1.731809752527624369e-04 2.309726987732574344e-04
1.727718918118625879e-04 2.302743960171937943e-04
1.723643363220617175e-04 2.295799058629199862e-04
1.719580322969704866e-04 2.288883988512679935e-04
1.715536491246894002e-04 2.281989873154088855e-04
1.711506629362702370e-04 2.275137230753898621e-04
1.707491464912891388e-04 2.268311363877728581e-04
1.703492307569831610e-04 2.261518238810822368e-04
1.699508138699457049e-04 2.254751452710479498e-04
1.695539394859224558e-04 2.248009259346872568e-04
1.691585930529981852e-04 2.241304173367097974e-04
1.687647018115967512e-04 2.234618441434577107e-04
1.683723967289552093e-04 2.227965305792167783e-04
1.679814158705994487e-04 2.221343165729194880e-04
1.675923849688842893e-04 2.214750711573287845e-04
1.672044600127264857e-04 2.208182995673269033e-04
1.668181503191590309e-04 2.201647002948448062e-04
1.664333976805210114e-04 2.195138949900865555e-04
1.660500420257449150e-04 2.188661164836958051e-04
1.656682434258982539e-04 2.182209573220461607e-04
1.652879145694896579e-04 2.175782865379005671e-04
1.649091427680104971e-04 2.169392537325620651e-04
1.645318407099694014e-04 2.163018507417291403e-04
1.641560520511120558e-04 2.156669215764850378e-04
1.637817331356927752e-04 2.150360232917591929e-04
1.634084619581699371e-04 2.144068712368607521e-04
1.630373590160161257e-04 2.137816045433282852e-04
1.626669836696237326e-04 2.131571964127942920e-04
1.622986310394480824e-04 2.125368919223546982e-04
1.619312970433384180e-04 2.119191922247409821e-04
1.615656947251409292e-04 2.113039663527160883e-04
1.612015184946358204e-04 2.106913889292627573e-04
1.608387829037383199e-04 2.100808487739413977e-04
1.604775025043636560e-04 2.094733063131570816e-04
1.601176336407661438e-04 2.088680339511483908e-04
1.597592345206066966e-04 2.082662249449640512e-04
1.594021887285634875e-04 2.076668170047923923e-04
1.590465690242126584e-04 2.070699847536161542e-04
1.586923317518085241e-04 2.064749132841825485e-04
1.583398989168927073e-04 2.058833342744037509e-04
1.579884847160428762e-04 2.052936179097741842e-04
1.576384529471397400e-04 2.047065645456314087e-04
1.572899636812508106e-04 2.041220723185688257e-04
1.569429587107151747e-04 2.035408542724326253e-04
1.565971615491434932e-04 2.029602910624817014e-04
1.562525721965357661e-04 2.023842243943363428e-04
1.559097872814163566e-04 2.018097729887813330e-04
1.555681956233456731e-04 2.012370096053928137e-04
1.552279863972216845e-04 2.006681170314550400e-04
1.548893342260271311e-04 2.001006214413791895e-04
1.545519771752879024e-04 1.995353086385875940e-04
1.542157551739364862e-04 1.989732991205528378e-04
1.538809447083622217e-04 1.984130794880911708e-04
1.535478950245305896e-04 1.978560758288949728e-04
1.532160531496629119e-04 1.973004837054759264e-04
1.528854481875896454e-04 1.967478019651025534e-04
1.525560801383107901e-04 1.961968373507261276e-04
1.522280799690634012e-04 1.956491469172760844e-04
1.519015786470845342e-04 1.951027952600270510e-04
1.515762851340696216e-04 1.945593976415693760e-04
1.512525341240689158e-04 1.940189831657335162e-04
1.509299181634560227e-04 1.934800238814204931e-04
1.506088592577725649e-04 1.929442369146272540e-04
1.502888335380703211e-04 1.924093812704086304e-04
1.499701029388234019e-04 1.918777852552011609e-04
1.496529293945059180e-04 1.913469604915007949e-04
1.493369927629828453e-04 1.908191770780831575e-04
1.490222784923389554e-04 1.902943477034568787e-04
1.487087720306590199e-04 1.897712645586580038e-04
1.483969390392303467e-04 1.892510335892438889e-04
1.480860373703762889e-04 1.887329417513683438e-04
1.477765181334689260e-04 1.882167853182181716e-04
1.474682649131864309e-04 1.877016475191339850e-04
1.471615250920876861e-04 1.871900021797046065e-04
1.468557893531396985e-04 1.866807579062879086e-04
1.465515233576297760e-04 1.861726486822590232e-04
1.462483342038467526e-04 1.856673043221235275e-04
1.459463237551972270e-04 1.851634879130870104e-04
1.456458849133923650e-04 1.846626691985875368e-04
1.453467120882123709e-04 1.841631019487977028e-04
1.450485287932679057e-04 1.836669835029169917e-04
1.447515678592026234e-04 1.831725385272875428e-04
1.444560912204906344e-04 1.826799125410616398e-04
1.441614876966923475e-04 1.821894256863743067e-04
1.438685285393148661e-04 1.817007432691752911e-04
1.435766171198338270e-04 1.812139962567016482e-04
1.432860153727233410e-04 1.807301741791889071e-04
1.429964031558483839e-04 1.802476326702162623e-04
1.427083043381571770e-04 1.797669829102233052e-04
1.424211950507014990e-04 1.792886323528364301e-04
1.421353081241250038e-04 1.788127119652926922e-04
1.418507599737495184e-04 1.783384213922545314e-04
1.415671722497791052e-04 1.778666337486356497e-04
1.412851561326533556e-04 1.773963595042005181e-04
1.410039549227803946e-04 1.769279188010841608e-04
1.407242089044302702e-04 1.764624903444200754e-04
1.404454233124852180e-04 1.759986334946006536e-04
1.401679328409954906e-04 1.755359990056604147e-04
1.398915774188935757e-04 1.750753581291064620e-04
1.396164298057556152e-04 1.746171765262261033e-04
1.393423881381750107e-04 1.741607993608340621e-04
1.390695979353040457e-04 1.737076090648770332e-04
1.387979136779904366e-04 1.732546224957332015e-04
1.385275099892169237e-04 1.728038769215345383e-04
1.382579357596114278e-04 1.723551831673830748e-04
1.379897876176983118e-04 1.719088759273290634e-04
1.377226290060207248e-04 1.714638638077303767e-04
1.374565181322395802e-04 1.710202050162479281e-04
1.371917605865746737e-04 1.705799659248441458e-04
1.369278907077386975e-04 1.701412402326241136e-04
1.366650685667991638e-04 1.697041734587401152e-04
1.364037016173824668e-04 1.692680816631764174e-04
1.361431350233033299e-04 1.688353659119457006e-04
1.358840818284079432e-04 1.684037852101027966e-04
1.356258435407653451e-04 1.679734705248847604e-04
1.353686529910191894e-04 1.675455132499337196e-04
1.351126556983217597e-04 1.671186182647943497e-04
1.348577206954360008e-04 1.666941097937524319e-04
1.346039498457685113e-04 1.662712747929617763e-04
1.343510375590994954e-04 1.658514811424538493e-04
1.340994203928858042e-04 1.654320221859961748e-04
1.338487491011619568e-04 1.650156191317364573e-04
1.335995475528761744e-04 1.645999291213229299e-04
1.333508553216233850e-04 1.641862618271261454e-04
1.331033854512497783e-04 1.637744426261633635e-04
1.328570360783487558e-04 1.633637148188427091e-04
1.326114725088700652e-04 1.629550679353997111e-04
1.323672913713380694e-04 1.625487930141389370e-04
1.321240124525502324e-04 1.621430710656568408e-04
1.318816794082522392e-04 1.617402595002204180e-04
1.316405396210029721e-04 1.613388594705611467e-04
1.314004184678196907e-04 1.609396713320165873e-04
1.311612722929567099e-04 1.605418801773339510e-04
1.309231302002444863e-04 1.601444528205320239e-04
1.306858321186155081e-04 1.597496448084712029e-04
1.304496981902047992e-04 1.593558990862220526e-04
1.302145828958600760e-04 1.589648600202053785e-04
1.299806899623945355e-04 1.585760037414729595e-04
1.297473500017076731e-04 1.581871620146557689e-04
1.295152178499847651e-04 1.578014780534431338e-04
1.292841625399887562e-04 1.574165944475680590e-04
1.290539221372455359e-04 1.570336025906726718e-04
1.288247876800596714e-04 1.566513674333691597e-04
1.285965408897027373e-04 1.562711840961128473e-04
1.283692254219204187e-04 1.558934600325301290e-04
1.281429867958649993e-04 1.555172202643007040e-04
1.279176358366385102e-04 1.551414898131042719e-04
1.276933035114780068e-04 1.547684951219707727e-04
1.274698006454855204e-04 1.543967809993773699e-04
1.272473455173894763e-04 1.540259399916976690e-04
1.270258508156985044e-04 1.536570489406585693e-04
1.268053019884973764e-04 1.532903697807341814e-04
1.265854807570576668e-04 1.529242435935884714e-04
1.263667945750057697e-04 1.525603729533031583e-04
1.261491852346807718e-04 1.521978992968797684e-04
1.259321579709649086e-04 1.518373173894360662e-04
1.257162075489759445e-04 1.514779141871258616e-04
1.255009992746636271e-04 1.511198934167623520e-04
1.252869988093152642e-04 1.507635606685653329e-04
1.250738569069653749e-04 1.504087558714672923e-04
1.248613989446312189e-04 1.500554353697225451e-04
1.246499887201935053e-04 1.497026096330955625e-04
1.244393642991781235e-04 1.493524905527010560e-04
1.242297294083982706e-04 1.490041613578796387e-04
1.240209967363625765e-04 1.486581459175795317e-04
1.238131080754101276e-04 1.483106461819261312e-04
1.236060925293713808e-04 1.479671773267909884e-04
1.233998627867549658e-04 1.476232719141989946e-04
1.231945789186283946e-04 1.472821168135851622e-04
1.229900808539241552e-04 1.469413982704281807e-04
1.227865141117945313e-04 1.466033572796732187e-04
1.225838059326633811e-04 1.462662621634081006e-04
1.223820290761068463e-04 1.459303748561069369e-04
1.221807178808376193e-04 1.455962774343788624e-04
1.219808327732607722e-04 1.452637807233259082e-04
1.217815297422930598e-04 1.449318078812211752e-04
1.215829033753834665e-04 1.446019450668245554e-04
1.213852519867941737e-04 1.442728244001045823e-04
1.211883063660934567e-04 1.439456100342795253e-04
1.209924957947805524e-04 1.436191669199615717e-04
1.207971508847549558e-04 1.432951103197410703e-04
1.206026863656006753e-04 1.429720578016713262e-04
1.204092841362580657e-04 1.426502421963959932e-04
1.202164567075669765e-04 1.423305220669135451e-04
1.200242913910187781e-04 1.420111511833965778e-04
1.198333193315193057e-04 1.416934392182156444e-04
1.196427401737309992e-04 1.413771242368966341e-04
1.194532960653305054e-04 1.410619152011349797e-04
1.192643758258782327e-04 1.407483068760484457e-04
1.190765033243224025e-04 1.404360373271629214e-04
1.188892420032061636e-04 1.401249610353261232e-04
1.187027810374274850e-04 1.398151798639446497e-04
1.185170840471982956e-04 1.395076251355931163e-04
1.183322165161371231e-04 1.392002013744786382e-04
1.181479747174307704e-04 1.388943637721240520e-04
1.179645769298076630e-04 1.385897194268181920e-04
1.177818485302850604e-04 1.382868067594245076e-04
1.175999423139728606e-04 1.379845634801313281e-04
1.174188946606591344e-04 1.376840227749198675e-04
1.172384218079969287e-04 1.373848353978246450e-04
1.170587929664179683e-04 1.370872487314045429e-04
1.168799935840070248e-04 1.367906515952199697e-04
1.167017253465019166e-04 1.364952186122536659e-04
1.165242647402919829e-04 1.362007169518619776e-04
1.163474953500553966e-04 1.359072921331971884e-04
1.161713589681312442e-04 1.356152497464790940e-04
1.159960738732479513e-04 1.353247207589447498e-04
1.158215600298717618e-04 1.350352395093068480e-04
1.156478901975788176e-04 1.347474753856658936e-04
1.154745841631665826e-04 1.344610645901411772e-04
1.153022021753713489e-04 1.341751485597342253e-04
1.151303076767362654e-04 1.338908623438328505e-04
1.149592571891844273e-04 1.336073764832690358e-04
1.147890216088853776e-04 1.333252585027366877e-04
1.146193390013650060e-04 1.330441300524398685e-04
1.144503912655636668e-04 1.327641948591917753e-04
1.142819892265833914e-04 1.324866461800411344e-04
1.141142201959155500e-04 1.322083699051290751e-04
1.139474770752713084e-04 1.319330913247540593e-04
1.137810977525077760e-04 1.316574343945831060e-04
1.136153950938023627e-04 1.313839748036116362e-04
1.134505946538411081e-04 1.311110536335036159e-04
1.132862380472943187e-04 1.308390928898006678e-04
1.131226745201274753e-04 1.305694022448733449e-04
1.129598676925525069e-04 1.302997407037764788e-04
1.127972718677483499e-04 1.300311414524912834e-04
1.126356437453068793e-04 1.297648122999817133e-04
1.124747359426692128e-04 1.294992107432335615e-04
1.123143156291916966e-04 1.292338274652138352e-04
1.121545428759418428e-04 1.289703213842585683e-04
1.119952648878097534e-04 1.287081686314195395e-04
1.118369400501251221e-04 1.284467580262571573e-04
1.116790372179821134e-04 1.281866134377196431e-04
1.115217673941515386e-04 1.279270218219608068e-04
1.113651305786333978e-04 1.276689872611314058e-04
1.112092286348342896e-04 1.274118694709613919e-04
1.110540033550933003e-04 1.271555374842137098e-04
1.108991200453601778e-04 1.269007916562259197e-04
1.107449497794732451e-04 1.266476756427437067e-04
1.105913688661530614e-04 1.263943122467026114e-04
1.104386319639161229e-04 1.261425204575061798e-04
1.102860551327466965e-04 1.258928532479330897e-04
1.101343877962790430e-04 1.256420946447178721e-04
1.099831788451410830e-04 1.253938971785828471e-04
1.098326320061460137e-04 1.251462672371417284e-04
1.096827472792938352e-04 1.248998160008341074e-04
1.095332409022375941e-04 1.246544998139142990e-04
1.093844621209427714e-04 1.244097657036036253e-04
1.092361053451895714e-04 1.241664867848157883e-04
1.090883524739183486e-04 1.239243865711614490e-04
1.089413854060694575e-04 1.236826647073030472e-04
1.087948548956774175e-04 1.234418887179344893e-04
1.086488919099792838e-04 1.232030917890369892e-04
1.085034091374836862e-04 1.229644985869526863e-04
1.083587048924528062e-04 1.227272296091541648e-04
1.082142844097688794e-04 1.224910374730825424e-04
1.080705333151854575e-04 1.222556893480941653e-04
1.079275534721091390e-04 1.220213380292989314e-04
1.077848864952102304e-04 1.217871176777407527e-04
1.076425905921496451e-04 1.215545198647305369e-04
1.075012114597484469e-04 1.213233190355822444e-04
1.073599923984147608e-04 1.210926784551702440e-04
1.072196319000795484e-04 1.208635294460691512e-04
1.070797079592011869e-04 1.206346423714421690e-04
1.069401987479068339e-04 1.204072395921684802e-04
1.068014171323738992e-04 1.201805644086562097e-04
1.066628465196117759e-04 1.199544785777106881e-04
1.065252799890004098e-04 1.197288511320948601e-04
1.063877498381771147e-04 1.195051809190772474e-04
1.062510636984370649e-04 1.192825875477865338e-04
1.061145594576373696e-04 1.190601833513937891e-04
1.059788410202600062e-04 1.188395981444045901e-04
1.058436100720427930e-04 1.186187146231532097e-04
1.057087793014943600e-04 1.183999702334403992e-04
1.055745378835126758e-04 1.181816769530996680e-04
1.054407330229878426e-04 1.179630853584967554e-04
1.053074811352416873e-04 1.177467420347966254e-04
1.051746439770795405e-04 1.175310680991970003e-04
1.050422433763742447e-04 1.173159471363760531e-04
1.049105339916422963e-04 1.171021503978408873e-04
1.047791811288334429e-04 1.168894377769902349e-04
1.046485049300827086e-04 1.166772126452997327e-04
1.045178141794167459e-04 1.164658897323533893e-04
1.043879528879188001e-04 1.162545668194070458e-04
1.042585936374962330e-04 1.160454921773634851e-04
1.041297218762338161e-04 1.158361556008458138e-04
1.040012575685977936e-04 1.156280413852073252e-04
1.038732953020371497e-04 1.154211131506599486e-04
1.037454494507983327e-04 1.152152326540090144e-04
1.036184839904308319e-04 1.150098178186453879e-04
1.034918459481559694e-04 1.148053561337292194e-04
1.033657463267445564e-04 1.146015347330830991e-04
1.032400177791714668e-04 1.143992194556631148e-04
1.031147694448009133e-04 1.141964312409982085e-04
1.029898849083110690e-04 1.139952582889236510e-04
1.028656479320488870e-04 1.137937870225869119e-04
1.027416801662184298e-04 1.135945567511953413e-04
1.026181635097600520e-04 1.133959303842857480e-04
1.024952071020379663e-04 1.131980898207984865e-04
1.023725853883661330e-04 1.130012096837162971e-04
1.022505311993882060e-04 1.128052972489967942e-04
1.021286443574354053e-04 1.126092174672521651e-04
1.020073905237950385e-04 1.124138507293537259e-04
1.018864786601625383e-04 1.122199682868085802e-04
1.017661052173934877e-04 1.120267334044910967e-04
1.016459646052680910e-04 1.118342261179350317e-04
1.015264642774127424e-04 1.116425701184198260e-04
1.014073859550990164e-04 1.114516489906236529e-04
1.012884094961918890e-04 1.112615718739107251e-04
1.011702479445375502e-04 1.110717639676295221e-04
1.010522100841626525e-04 1.108832875615917146e-04
1.009346306091174483e-04 1.106954441638663411e-04
1.008176113828085363e-04 1.105080154957249761e-04
1.007009050226770341e-04 1.103215618059039116e-04
1.005845624604262412e-04 1.101359812309965491e-04
1.004686491796746850e-04 1.099513829103671014e-04
1.003532233880832791e-04 1.097673521144315600e-04
1.002381541184149683e-04 1.095833504223264754e-04
1.001232085400260985e-04 1.094006729545071721e-04
1.000088523142039776e-04 1.092187812901102006e-04
9.989492536988109350e-05 1.090374862542375922e-04
9.978143498301506042e-05 1.088572898879647255e-04
9.966831566998735070e-05 1.086772972485050559e-04
9.955554560292512178e-05 1.084979376173578203e-04
9.944315388565883040e-05 1.083197275875136256e-04
9.933100955095142126e-05 1.081421141861937940e-04
9.921926539391279221e-05 1.079646172001957893e-04
9.910820517688989639e-05 1.077886918210424483e-04
9.899735596263781190e-05 1.076132393791340292e-04
9.888673957902938128e-05 1.074383253580890596e-04
9.877655975287780166e-05 1.072637533070519567e-04
9.866689651971682906e-05 1.070904327207244933e-04
9.855745884124189615e-05 1.069176141754724085e-04
9.844836313277482986e-05 1.067449338734149933e-04
9.833970398176461458e-05 1.065737669705413282e-04
9.823140862863510847e-05 1.064027455868199468e-04
9.812334610614925623e-05 1.062328228726983070e-04
9.801574924495071173e-05 1.060641370713710785e-04
9.790856711333617568e-05 1.058948255376890302e-04
9.780167602002620697e-05 1.057262415997684002e-04
9.769511234480887651e-05 1.055586253642104566e-04
9.758882515598088503e-05 1.053916785167530179e-04
9.748291631694883108e-05 1.052250372595153749e-04
9.737745858728885651e-05 1.050597420544363558e-04
9.727227734401822090e-05 1.048954654834233224e-04
9.716749627841636539e-05 1.047311379807069898e-04
9.706286073196679354e-05 1.045669632731005549e-04
9.695885091787204146e-05 1.044039818225428462e-04
9.685492841526865959e-05 1.042414660332724452e-04
9.675152250565588474e-05 1.040797214955091476e-04
9.664829121902585030e-05 1.039185081026516855e-04
