0.0 -0.065 -0.047053687
0.0005 -0.065 -0.048088856
0.001 -0.065 -0.049185865
0.0015 -0.065 -0.050250836
0.002 -0.065 -0.05120921
0.0025 -0.065 -0.052027352
0.003 -0.065 -0.052701883
0.0035 -0.065 -0.053246055
0.004 -0.065 -0.053679917
0.0045 -0.065 -0.054024417
0.005 -0.065 -0.054298554
0.0055 -0.065 -0.05451819
0.006 -0.065 -0.054696057
0.0065 -0.065 -0.054842003
0.007 -0.065 -0.0549636
0.0075 -0.065 -0.055066563
0.008 -0.065 -0.05515516
0.0085 -0.065 -0.05523261
0.009 -0.065 -0.055301357
0.0095 -0.065 -0.05536322
0.01 -0.065 -0.055419575
0.0105 -0.065 -0.055471472
0.011 -0.065 -0.055519737
0.0115 -0.065 -0.055564925
0.012 -0.065 -0.055607576
0.0125 -0.065 -0.05564802
0.013 -0.065 -0.055686567
0.0135 -0.065 -0.0557234
0.014 -0.065 -0.055758737
0.0145 -0.065 -0.055792723
0.015 -0.065 -0.05582544
0.0155 -0.065 -0.055856988
0.016 -0.065 -0.05588748
0.0165 -0.065 -0.05591695
0.017 -0.065 -0.055945437
0.0175 -0.065 -0.05597303
0.018 -0.065 -0.055999756
0.0185 -0.065 -0.056025643
0.019 -0.065 -0.05605072
0.0195 -0.065 -0.05607503
0.02 -0.065 -0.05609859
0.0205 -0.065 -0.056121446
0.021 -0.065 -0.056143604
0.0215 -0.065 -0.056165095
0.022 -0.065 -0.056185916
0.0225 -0.065 -0.056206144
0.023 -0.065 -0.056225736
0.0235 -0.065 -0.056244746
0.024 -0.065 -0.056263186
0.0245 -0.065 -0.05628107
0.025 -0.065 -0.05629841
0.0255 -0.065 -0.05631524
0.026 -0.065 -0.056331553
0.0265 -0.065 -0.05634738
0.027 -0.065 -0.056362733
0.0275 -0.065 -0.056377627
0.028 -0.065 -0.05639207
0.0285 -0.065 -0.056406077
0.029 -0.065 -0.056419656
0.0295 -0.065 -0.05643284
0.03 -0.065 -0.056445632
0.0305 -0.065 -0.056458022
0.031 -0.065 -0.05647004
0.0315 -0.065 -0.05648169
0.032 -0.065 -0.056492995
0.0325 -0.065 -0.056503974
0.033 -0.065 -0.056514613
0.0335 -0.065 -0.05652493
0.034 -0.065 -0.05653492
0.0345 -0.065 -0.056544643
0.035 -0.065 -0.056554057
0.0355 -0.065 -0.0565632
0.036 -0.065 -0.056572054
0.0365 -0.065 -0.05658063
0.037 -0.065 -0.05658897
0.0375 -0.065 -0.056597047
0.038 -0.065 -0.056604873
0.0385 -0.065 -0.05661248
0.039 -0.065 -0.056619845
0.0395 -0.065 -0.056626994
0.04 -0.065 -0.056633927
0.0405 -0.065 -0.056640632
0.041 -0.065 -0.05664715
0.0415 -0.065 -0.05665348
0.042 -0.065 -0.056659613
0.0425 -0.065 -0.05666557
0.043 -0.065 -0.05667134
0.0435 -0.065 -0.056676924
0.044 -0.065 -0.056682356
0.0445 -0.065 -0.056687616
0.045 -0.065 -0.056692716
0.0455 -0.065 -0.056697667
0.046 -0.065 -0.05670246
0.0465 -0.065 -0.056707114
0.047 -0.065 -0.056711618
0.0475 -0.065 -0.056715995
0.048 -0.065 -0.056720246
0.0485 -0.065 -0.056724366
0.049 -0.065 -0.056728356
0.0495 -0.065 -0.056732234
0.05 -0.065 -0.05673599
0.0505 -0.065 -0.05673962
0.051 -0.065 -0.05674315
0.0515 -0.065 -0.056746576
0.052 -0.065 -0.056749895
0.0525 -0.065 -0.056753118
0.053 -0.065 -0.05675625
0.0535 -0.065 -0.056759257
0.054 -0.065 -0.056762204
0.0545 -0.065 -0.05676504
0.055 -0.065 -0.05676781
0.0555 -0.065 -0.05677049
0.056 -0.065 -0.056773096
0.0565 -0.065 -0.056775603
0.057 -0.065 -0.056778044
0.0575 -0.065 -0.05678041
0.058 -0.065 -0.056782715
0.0585 -0.065 -0.05678494
0.059 -0.065 -0.05678711
0.0595 -0.065 -0.05678921
0.06 -0.065 -0.056791224
0.0605 -0.065 -0.056793187
0.061 -0.065 -0.0567951
0.0615 -0.065 -0.056796953
0.062 -0.065 -0.05679876
0.0625 -0.065 -0.05680051
0.063 -0.065 -0.05680219
0.0635 -0.065 -0.05680383
0.064 -0.065 -0.056805428
0.0645 -0.065 -0.05680697
0.065 -0.065 -0.056808453
0.0655 -0.065 -0.056809902
0.066 -0.065 -0.056811318
0.0665 -0.065 -0.056812678
0.067 -0.065 -0.056814004
0.0675 -0.065 -0.05681529
0.068 -0.065 -0.05681653
0.0685 -0.065 -0.056817733
0.069 -0.065 -0.056818902
0.0695 -0.065 -0.056820035
0.07 -0.065 -0.056821123
0.0705 -0.065 -0.056822192
0.071 -0.065 -0.056823224
0.0715 -0.065 -0.056824237
0.072 -0.065 -0.056825217
0.0725 -0.065 -0.056826152
0.073 -0.065 -0.05682706
0.0735 -0.065 -0.05682796
0.074 -0.065 -0.056828804
0.0745 -0.065 -0.056829654
0.075 -0.065 -0.056830466
0.0755 -0.065 -0.056831244
0.076 -0.065 -0.056831997
0.0765 -0.065 -0.05683273
0.077 -0.065 -0.05683346
0.0775 -0.065 -0.056834143
0.078 -0.065 -0.056834828
0.0785 -0.065 -0.05683547
0.079 -0.065 -0.056836106
0.0795 -0.065 -0.056836717
0.08 -0.065 -0.05683731
0.0805 -0.065 -0.05683788
0.081 -0.065 -0.05683844
0.0815 -0.065 -0.056838986
0.082 -0.065 -0.056839507
0.0825 -0.065 -0.056840032
0.083 -0.065 -0.056840517
0.0835 -0.065 -0.056840997
0.084 -0.065 -0.056841455
0.0845 -0.065 -0.056841914
0.085 -0.065 -0.05684235
0.0855 -0.065 -0.05684279
0.086 -0.065 -0.05684319
0.0865 -0.065 -0.056843586
0.087 -0.065 -0.056843966
0.0875 -0.065 -0.05684435
0.088 -0.065 -0.056844708
0.0885 -0.065 -0.056845058
0.089 -0.065 -0.056845408
0.0895 -0.065 -0.056845747
0.09 -0.065 -0.056846067
0.0905 -0.065 -0.056846373
0.091 -0.065 -0.05684667
0.0915 -0.065 -0.05684696
0.092 -0.065 -0.05684725
0.0925 -0.065 -0.056847528
0.093 -0.065 -0.05684779
0.0935 -0.065 -0.056848057
0.094 -0.065 -0.05684831
0.0945 -0.065 -0.05684855
0.095 -0.065 -0.056848783
0.0955 -0.065 -0.056849007
0.096 -0.065 -0.056849234
0.0965 -0.065 -0.056849457
0.097 -0.065 -0.056849662
0.0975 -0.065 -0.05684986
0.098 -0.065 -0.056850057
0.0985 -0.065 -0.056850255
0.099 -0.065 -0.056850433
0.0995 -0.065 -0.056850616
0.1 -0.065 -0.059563305
0.1005 -0.05364023 -0.06605522
0.101 -0.04157442 -0.0694156
0.1015 -0.03399742 -0.0681631
0.102 -0.02910543 -0.063045815
0.1025 -0.02547948 -0.055323187
0.103 -0.0224232 -0.04609978
0.1035 -0.01962909 -0.03616943
0.104 -0.01696454 -0.026045952
0.1045 -0.0143766 -0.016038198
0.105 -0.01185248 -0.006318886
0.1055 -0.009373864 0.0030248128
0.106 -0.006917896 0.011956472
0.1065 -0.004476812 0.020469148
0.107 -0.002054487 0.028571773
0.1075 0.000349272 0.03628133
0.108 0.002732798 0.04361811
0.1085 0.005087009 0.050603393
0.109 0.007420988 0.05725782
0.1095 0.009741419 0.06360108
0.11 0.0120475 0.069651216
0.1105 0.01433793 0.07542494
0.111 0.01661243 0.08093755
0.1115 0.01887011 0.086203024
0.112 0.02111023 0.09123422
0.1125 0.0233313 0.096042946
0.113 0.0255316 0.1006401
0.1135 0.02771385 0.1050358
0.114 0.0298791 0.1092394
0.1145 0.03202759 0.11325967
0.115 0.03415295 0.11710483
0.1155 0.03624133 0.12078254
0.116 0.03831053 0.12430011
0.1165 0.04037172 0.1276643
0.117 0.04242662 0.13088156
0.1175 0.04447343 0.13395806
0.118 0.04650941 0.13689952
0.1185 0.04850918 0.13971147
0.119 0.05044703 0.14239913
0.1195 0.05235222 0.14496751
0.12 0.05425055 0.14742129
0.1205 0.05613872 0.149765
0.121 0.05803453 0.15200296
0.1215 0.05994227 0.15413924
0.122 0.06185704 0.15617776
0.1225 0.06377222 0.15812226
0.123 0.06568247 0.15997635
0.1235 0.06758414 0.16174342
0.124 0.06947489 0.16342671
0.1245 0.07135346 0.16502942
0.125 0.07321929 0.1665545
0.1255 0.07507222 0.16800478
0.126 0.07691236 0.16938303
0.1265 0.07873999 0.17069192
0.127 0.0805555 0.17193393
0.1275 0.08235927 0.17311144
0.128 0.08415151 0.17422678
0.1285 0.08593244 0.1752822
0.129 0.08770255 0.17627975
0.1295 0.08946236 0.17722149
0.13 0.09121223 0.17810942
0.1305 0.09295239 0.17894532
0.131 0.09468304 0.17973103
0.1315 0.09639811 0.18046828
0.132 0.09808528 0.1811587
0.1325 0.09976075 0.1818039
0.133 0.1014324 0.18240531
0.1335 0.1031025 0.18296452
0.134 0.104771 0.1834828
0.1345 0.1064366 0.18396159
0.135 0.1080843 0.1844021
0.1355 0.1097097 0.18480562
0.136 0.1113303 0.18517329
0.1365 0.1129533 0.18550625
0.137 0.1145783 0.18580559
0.1375 0.1162028 0.18607236
0.138 0.1178134 0.18630761
0.1385 0.1193989 0.18651225
0.139 0.1209777 0.18668716
0.1395 0.1225593 0.18683328
0.14 0.1241443 0.18695153
0.1405 0.1257301 0.18704264
0.141 0.1273139 0.18710737
0.1415 0.128894 0.1871465
0.142 0.1304692 0.1871608
0.1425 0.1320387 0.18715094
0.143 0.1336023 0.18711759
0.1435 0.1351565 0.18706132
0.144 0.1366825 0.18698286
0.1445 0.1381735 0.1868827
0.145 0.1396525 0.18676151
0.1455 0.1411414 0.18661977
0.146 0.1426437 0.186458
0.1465 0.1441543 0.18627682
0.147 0.145668 0.1860765
0.1475 0.1471817 0.18585773
0.148 0.1486936 0.18562086
0.1485 0.1502025 0.18536633
0.149 0.1517079 0.18509462
0.1495 0.1532094 0.18480605
0.15 0.1547065 0.18449524
0.1505 0.1561976 0.18373574
0.151 0.1576826 0.18272685
0.1515 0.1591622 0.18160267
0.152 0.1606332 0.18045193
0.1525 0.1620923 0.1793316
0.153 0.1635369 0.17827706
0.1535 0.164952 0.17730904
0.154 0.1663545 0.17643826
0.1545 0.1677413 0.17566913
0.155 0.1690961 0.17500189
0.1555 0.1704584 0.17443423
0.156 0.1718437 0.17396234
0.1565 0.1732297 0.1735817
0.157 0.1746068 0.1732874
0.1575 0.1759914 0.17307457
0.158 0.1773879 0.17293844
0.1585 0.1787898 0.17287453
0.159 0.1801925 0.17287855
0.1595 0.1815946 0.17294672
0.16 0.1829944 0.17307527
0.1605 0.1843902 0.17326103
0.161 0.1857808 0.17350088
0.1615 0.1871651 0.17379208
0.162 0.1885428 0.17413191
0.1625 0.1899136 0.17451818
0.163 0.1912774 0.17494865
0.1635 0.1926344 0.1754212
0.164 0.1939845 0.17593403
0.1645 0.1953279 0.17648537
0.165 0.1966532 0.17707364
0.1655 0.1979404 0.17769718
0.166 0.1992145 0.17835464
0.1665 0.2004934 0.17904463
0.167 0.2016793 0.1797658
0.1675 0.2027028 0.18051705
0.168 0.2037968 0.1812971
0.1685 0.2049954 0.1821049
0.169 0.2062708 0.18293938
0.1695 0.2075625 0.18379952
0.17 0.2088527 0.18468437
0.1705 0.2101532 0.18559301
0.171 0.2114617 0.18652445
0.1715 0.2127716 0.1874779
0.172 0.2140768 0.18845247
0.1725 0.2153736 0.18944736
0.173 0.2166599 0.19046189
0.1735 0.2179342 0.1914951
0.174 0.2191955 0.19254635
0.1745 0.2204448 0.19361492
0.175 0.2216839 0.1947001
0.1755 0.2229137 0.19580118
0.176 0.2241349 0.19691743
0.1765 0.2253479 0.19804835
0.177 0.226553 0.19919315
0.1775 0.2277508 0.20035127
0.178 0.2289416 0.20152201
0.1785 0.2301257 0.20270483
0.179 0.2313031 0.2038992
0.1795 0.2324442 0.20510446
0.18 0.2335623 0.20632
0.1805 0.2346642 0.20754538
0.181 0.2357556 0.20877995
0.1815 0.2368571 0.21002321
0.182 0.2379732 0.2112747
0.1825 0.2391 0.21253379
0.183 0.2402318 0.21380009
0.1835 0.2413637 0.21507306
0.184 0.2424925 0.21635224
0.1845 0.2436158 0.21763714
0.185 0.2447322 0.21892731
0.1855 0.2458419 0.22022228
0.186 0.2469448 0.22152166
0.1865 0.2480389 0.22282498
0.187 0.2490974 0.22413187
0.1875 0.2501325 0.22544192
0.188 0.2511683 0.22675471
0.1885 0.2521913 0.22806989
0.189 0.2531938 0.22938715
0.1895 0.2542076 0.23070599
0.19 0.2552376 0.23202614
0.1905 0.2562772 0.23334728
0.191 0.2573201 0.23466901
0.1915 0.258363 0.2359911
0.192 0.2594034 0.23731326
0.1925 0.2604392 0.23863514
0.193 0.2614199 0.2399564
0.1935 0.2623496 0.24127685
0.194 0.2632889 0.2425962
0.1945 0.2642541 0.24391423
0.195 0.2652409 0.2452306
0.1955 0.2662402 0.24654521
0.196 0.2672447 0.24785773
0.1965 0.2682486 0.24916805
0.197 0.2692482 0.2504758
0.1975 0.2702422 0.25178093
0.198 0.2712301 0.25308314
0.1985 0.2722112 0.25438228
0.199 0.2731857 0.25567824
0.1995 0.2741542 0.25697073
0.2 0.275117 0.29547372
0.2005 0.2631447 0.27580312
0.201 0.2488361 0.24129115
0.2015 0.2394025 0.20787068
0.202 0.2332454 0.18018582
0.2025 0.2287225 0.15864848
0.203 0.2249523 0.14231308
0.2035 0.2215244 0.1299853
0.204 0.2182567 0.120603874
0.2045 0.215069 0.11333452
0.205 0.211926 0.10755932
0.2055 0.2088119 0.10283522
0.206 0.2057198 0.0988507
0.2065 0.2026467 0.09538892
0.207 0.1995914 0.09229986
0.2075 0.1965538 0.089479804
0.208 0.193534 0.08685702
0.2085 0.1905324 0.084381744
0.209 0.1875496 0.082019225
0.2095 0.1845862 0.07974516
0.21 0.1816427 0.077542335
0.2105 0.1787196 0.07539855
0.211 0.1758176 0.07330513
0.2115 0.1729371 0.07125582
0.212 0.1700786 0.06924607
0.2125 0.1672425 0.06727266
0.213 0.1644295 0.0653332
0.2135 0.1616397 0.063426
0.214 0.1588736 0.061549794
0.2145 0.1561315 0.059703697
0.215 0.1534138 0.05788709
0.2155 0.1507208 0.056099575
0.216 0.1480527 0.054340836
0.2165 0.1454097 0.05261066
0.217 0.1427922 0.050908964
0.2175 0.1402002 0.049235668
0.218 0.1376339 0.04759076
0.2185 0.1350936 0.04597422
0.219 0.1325793 0.0443861
0.2195 0.1300912 0.042826433
0.22 0.1276293 0.04129525
0.2205 0.1251938 0.03979255
0.221 0.1227847 0.03831842
0.2215 0.120402 0.03687286
0.222 0.1180458 0.035455886
0.2225 0.1157161 0.034067515
0.223 0.1134129 0.032707732
0.2235 0.1111362 0.03137653
0.224 0.1088859 0.030073863
0.2245 0.1066621 0.028799739
0.225 0.1044647 0.027554076
0.2255 0.1022935 0.0263368
0.226 0.1001487 0.025147904
0.2265 0.09803003 0.023987185
0.227 0.09593746 0.022854622
0.2275 0.09387089 0.021750074
0.228 0.09183021 0.020673405
0.2285 0.08981531 0.01962449
0.229 0.08782607 0.018603172
0.2295 0.08586236 0.01760931
0.23 0.08392405 0.016642671
0.2305 0.08201101 0.015703123
0.231 0.08012307 0.014790442
0.2315 0.0782601 0.0139044635
0.232 0.07642194 0.013044905
0.2325 0.07460842 0.012211572
0.233 0.07281937 0.011404198
0.2335 0.07105463 0.010622632
0.234 0.06931403 0.009866539
0.2345 0.06759737 0.00913566
0.235 0.06590449 0.008429777
0.2355 0.06423519 0.0077485703
0.236 0.0625893 0.007091742
0.2365 0.06096661 0.0064590685
0.237 0.05936694 0.005850237
0.2375 0.05779008 0.0052648745
0.238 0.05623585 0.004702788
0.2385 0.05470405 0.0041635893
0.239 0.05319446 0.0036470108
0.2395 0.0517069 0.0031526946
0.24 0.05024116 0.0026803128
0.2405 0.04879703 0.0022295825
0.241 0.0473743 0.0018001907
0.2415 0.04597278 0.0013917498
0.242 0.04459225 0.0010039918
0.2425 0.0432325 0.0006364994
0.243 0.04189334 0.0002890341
0.2435 0.04057454 -3.8791448e-05
0.244 0.03927591 -0.0003473647
0.2445 0.03799723 -0.00063692406
0.245 0.0367383 -0.0009078868
0.2455 0.0354989 -0.0011605807
0.246 0.03427883 -0.0013953038
0.2465 0.03307789 -0.0016124584
0.247 0.03189586 -0.0018122979
0.2475 0.03073254 -0.0019952394
0.248 0.02958772 -0.0021615662
0.2485 0.0284612 -0.0023116954
0.249 0.02735277 -0.0024458356
0.2495 0.02626224 -0.002564434
0.25 0.02518939 -0.0026655383
0.2505 0.02413647 -0.0029148348
0.251 0.02311324 -0.0029676296
0.2515 0.02212127 -0.0027412064
0.252 0.02115741 -0.0022556372
0.2525 0.02021898 -0.0015632994
0.253 0.01930439 -0.0007196851
0.2535 0.01841274 0.00022706017
0.254 0.01754348 0.0012389533
0.2545 0.01669624 0.0022871606
0.255 0.01587071 0.003350746
0.2555 0.01506664 0.004414793
0.256 0.01428377 0.0054688416
0.2565 0.01352185 0.0065057836
0.257 0.01278064 0.00752094
0.2575 0.01205991 0.008511212
0.258 0.0113594 0.00947481
0.2585 0.01067887 0.010410767
0.259 0.01001808 0.011318635
0.2595 0.00937678 0.0121984
0.26 0.008754727 0.01305021
0.2605 0.008151674 0.013874512
0.261 0.007567374 0.0146716945
0.2615 0.00700158 0.015442353
0.262 0.006454048 0.016186964
0.2625 0.00592453 0.016906139
0.263 0.005412781 0.017600369
0.2635 0.004918557 0.018270146
0.264 0.004441614 0.018916022
0.2645 0.003981709 0.019538414
0.265 0.0035386 0.020137798
0.2655 0.003112047 0.02071457
0.266 0.00270181 0.021269176
0.2665 0.002307652 0.02180202
0.267 0.001929336 0.022313464
0.2675 0.001566628 0.022803832
0.268 0.001219294 0.023273494
0.2685 0.0008871022 0.023722854
0.269 0.0005698243 0.02415217
0.2695 0.000267232 0.024561834
0.27 -2.090016e-05 0.0249522
0.2705 -0.000294796 0.025323566
0.271 -0.000554677 0.025676351
0.2715 -0.0008007629 0.026010837
0.272 -0.001033271 0.026327413
0.2725 -0.001252416 0.02662645
0.273 -0.001458411 0.026908334
0.2735 -0.001651468 0.027173456
0.274 -0.001833015 0.027422156
0.2745 -0.002007568 0.027654912
0.275 -0.002170448 0.02787209
0.2755 -0.00231908 0.028074149
0.276 -0.00245341 0.028261501
0.2765 -0.002574205 0.028434668
0.277 -0.002682315 0.028594058
0.2775 -0.002778448 0.028740164
0.278 -0.002863138 0.028873485
0.2785 -0.002936785 0.028994475
0.279 -0.002999687 0.029103685
0.2795 -0.003052086 0.029201668
0.28 -0.003094182 0.029288907
0.2805 -0.003126155 0.029365968
0.281 -0.00314817 0.029433366
0.2815 -0.003160387 0.029491689
0.282 -0.003162962 0.02954154
0.2825 -0.00315605 0.029583443
0.283 -0.003139803 0.029617976
0.2835 -0.003114373 0.029645752
0.284 -0.003079913 0.029667322
0.2845 -0.003036572 0.029683288
0.285 -0.002984502 0.029694263
0.2855 -0.002923851 0.029700834
0.286 -0.002854766 0.029703576
0.2865 -0.002777393 0.029703084
0.287 -0.002691876 0.029699992
0.2875 -0.002598359 0.029694881
0.288 -0.002496981 0.029688295
0.2885 -0.002387882 0.02968083
0.289 -0.002271198 0.02967308
0.2895 -0.00214732 0.0296656
0.29 -0.002017351 0.02965897
0.2905 -0.001880732 0.029653724
0.291 -0.001737005 0.029650379
0.2915 -0.0015861 0.029649537
0.292 -0.001428104 0.029651646
0.2925 -0.001263162 0.029657308
0.293 -0.001091435 0.029666927
0.2935 -0.0009130811 0.029681046
0.294 -0.0007282552 0.029700112
0.2945 -0.0005371033 0.029724602
0.295 -0.000339764 0.029754963
0.2955 -0.0001363691 0.029791635
0.296 7.295643e-05 0.029835012
0.2965 0.0002881103 0.029885467
0.297 0.0005090074 0.02994341
0.2975 0.0007355334 0.030009184
0.298 0.0009675626 0.030083176
0.2985 0.001204973 0.03016569
0.299 0.001447651 0.03025702
0.2995 0.001695489 0.030357499
0.3 0.001948387 0.03045335
0.3005 0.002206351 0.029152993
0.301 0.00246979 0.027531441
0.3015 0.002738815 0.025983471
0.302 0.003013367 0.024617758
0.3025 0.003293388 0.023435023
0.303 0.003578829 0.022403736
0.3035 0.003867874 0.0214892
0.304 0.00415894 0.020663116
0.3045 0.004454633 0.019905005
0.305 0.004756812 0.019200992
0.3055 0.00506587 0.018542398
0.306 0.005381452 0.017923858
0.3065 0.005703049 0.017342325
0.307 0.006030186 0.016796034
0.3075 0.006363328 0.016284171
0.308 0.006702472 0.015806448
0.3085 0.007047296 0.015362773
0.309 0.007397496 0.014953125
0.3095 0.007752886 0.014577564
0.31 0.008113383 0.0142360665
0.3105 0.008478964 0.013928574
0.311 0.008849637 0.013654988
0.3115 0.009225422 0.013415046
0.312 0.00960634 0.01320859
0.3125 0.009992406 0.013035238
0.313 0.01038363 0.012894567
0.3135 0.01078001 0.012786292
0.314 0.01118156 0.012709815
0.3145 0.01158826 0.012664676
0.315 0.01199999 0.012650367
0.3155 0.01241662 0.012666237
0.316 0.01283822 0.01271183
0.3165 0.01326489 0.012786485
0.317 0.0136967 0.012889519
0.3175 0.01413366 0.01302046
0.318 0.01457577 0.013178639
0.3185 0.01502301 0.013363436
0.319 0.01547528 0.013574157
0.3195 0.01593249 0.013810292
0.32 0.01639465 0.014071133
0.3205 0.0168618 0.014356133
0.321 0.01733395 0.014664676
0.3215 0.0178111 0.0149961375
0.322 0.01829322 0.015349966
0.3225 0.01878028 0.015725609
0.323 0.01927229 0.016122412
0.3235 0.01976931 0.016539853
0.324 0.02027131 0.016977381
0.3245 0.02077819 0.017434593
0.325 0.02128986 0.017910782
0.3255 0.0218063 0.018405553
0.326 0.02232754 0.018918347
0.3265 0.02285355 0.019448731
0.327 0.02338424 0.019996148
0.3275 0.02391955 0.020560216
0.328 0.02445943 0.021140482
0.3285 0.02500386 0.02173644
0.329 0.02555283 0.02234779
0.3295 0.02610633 0.022974003
0.33 0.02666434 0.023614686
0.3305 0.02722685 0.024269547
0.331 0.02779384 0.024938088
0.3315 0.02836202 0.025619965
0.332 0.0289279 0.026314829
0.3325 0.02949683 0.02702241
0.333 0.03007248 0.027742248
0.3335 0.03065566 0.028474014
0.334 0.03124585 0.029217508
0.3345 0.03184221 0.029972311
0.335 0.03244399 0.030738156
0.3355 0.03304807 0.03151482
0.336 0.0336536 0.032301854
0.3365 0.03426371 0.03309917
0.337 0.03487958 0.03390638
0.3375 0.03550114 0.03472325
0.338 0.03612792 0.035549488
0.3385 0.03675947 0.03638495
0.339 0.03739527 0.03722931
0.3395 0.03803504 0.038082417
0.34 0.03867876 0.038943913
0.3405 0.03932646 0.039813694
0.341 0.03997816 0.04069155
0.3415 0.04063356 0.041577246
0.342 0.04128826 0.042470526
0.3425 0.04193647 0.043371286
0.343 0.04258142 0.044279244
0.3435 0.04323196 0.045194294
0.344 0.04389185 0.04611623
0.3445 0.04456106 0.04704484
0.345 0.04523824 0.047980007
0.3455 0.04591633 0.048921537
0.346 0.04658915 0.04986925
0.3465 0.04726871 0.05082306
0.347 0.04795804 0.051782724
0.3475 0.04865601 0.052748185
0.348 0.04936078 0.053719264
0.3485 0.05007087 0.054695737
0.349 0.05078528 0.055677544
0.3495 0.05150339 0.056664404
0.35 0.05222482 0.07811354
0.3505 0.05139498 0.07636908
0.351 0.04897318 0.06553246
0.3515 0.04694712 0.052299764
0.352 0.04550984 0.039789986
0.3525 0.04443691 0.02930535
0.353 0.04354453 0.021199983
0.3535 0.04273161 0.015349459
0.354 0.04194937 0.0114189945
0.3545 0.04117564 0.0090141855
0.355 0.04040076 0.007759463
0.3555 0.03962075 0.0073324256
0.356 0.03883419 0.0074740015
0.3565 0.03804087 0.00798526
0.357 0.03724105 0.008719232
0.3575 0.03643528 0.009570938
0.358 0.03562417 0.010467883
0.3585 0.03480837 0.0113620125
0.359 0.03398855 0.012223031
0.3595 0.03316534 0.013033163
0.36 0.03233936 0.013783496
0.3605 0.03151119 0.014470886
0.361 0.03068139 0.01509602
0.3615 0.02985048 0.015661877
0.362 0.02901897 0.016172703
0.3625 0.02818734 0.016633388
0.363 0.02735602 0.017048981
0.3635 0.02652544 0.017424416
0.364 0.025696 0.017764326
0.3645 0.02486808 0.018072914
0.365 0.02404201 0.018353995
0.3655 0.02321815 0.018610965
0.366 0.02239679 0.018846791
0.3665 0.02157823 0.019064005
0.367 0.02076274 0.019264866
0.3675 0.01995059 0.01945122
0.368 0.01914201 0.019624691
0.3685 0.01833722 0.019786682
0.369 0.01753643 0.019938316
0.3695 0.01673984 0.020080518
0.37 0.01594762 0.020214189
0.3705 0.01515995 0.020339917
0.371 0.01437698 0.02045833
0.3715 0.01359884 0.020569813
0.372 0.01282567 0.020674776
0.3725 0.01205759 0.020773511
0.373 0.01129471 0.020866264
0.3735 0.01053713 0.020953264
0.374 0.009784924 0.021034602
0.3745 0.009038188 0.021110427
0.375 0.008296988 0.021180835
0.3755 0.007561388 0.021245893
0.376 0.006831443 0.021305602
0.3765 0.006107202 0.02136005
0.377 0.005388705 0.02140918
0.3775 0.004675987 0.021453049
0.378 0.003969076 0.021491628
0.3785 0.003267993 0.021524902
0.379 0.002572755 0.021552827
0.3795 0.001883372 0.021575388
0.38 0.001199851 0.021592531
0.3805 0.0005221929 0.021604199
0.381 -0.0001496069 0.021610383
0.3815 -0.0008155559 0.021610986
0.382 -0.001475666 0.02160598
0.3825 -0.002129953 0.021595258
0.383 -0.002778437 0.021578792
0.3835 -0.00342114 0.021556493
0.384 -0.004058088 0.0215283
0.3845 -0.004689311 0.021494124
0.385 -0.005314839 0.021453898
0.3855 -0.005934708 0.021407533
0.386 -0.006548954 0.02135494
0.3865 -0.007157616 0.021296043
0.387 -0.007760736 0.021230724
0.3875 -0.008358356 0.021158945
0.388 -0.008950521 0.021080572
0.3885 -0.009537279 0.020995509
0.389 -0.01011868 0.020903666
0.3895 -0.01069477 0.020804968
0.39 -0.0112656 0.020699259
0.3905 -0.01183122 0.020586502
0.391 -0.01239169 0.020466562
0.3915 -0.01294706 0.020339321
0.392 -0.01349739 0.02020469
0.3925 -0.01404273 0.020062547
0.393 -0.01458313 0.01991279
0.3935 -0.01511867 0.019755315
0.394 -0.01564939 0.019590009
0.3945 -0.01617535 0.019416753
0.395 -0.01669661 0.019235458
0.3955 -0.01721323 0.019046012
0.396 -0.01772527 0.018848281
0.3965 -0.0182328 0.018642168
0.397 -0.01873586 0.01842757
0.3975 -0.01923452 0.018204372
0.398 -0.01972884 0.017972466
0.3985 -0.02021887 0.01773176
0.399 -0.02070469 0.017482135
0.3995 -0.02118635 0.017223489
0.4 -0.0216639 0.016957883
0.4005 -0.02213482 0.016608577
0.401 -0.02258844 0.016138665
0.4015 -0.02302276 0.015571322
0.402 -0.02344075 0.014936164
0.4025 -0.02384489 0.014256157
0.403 -0.02423658 0.013546959
0.4035 -0.02461651 0.012818918
0.404 -0.02498498 0.012078885
0.4045 -0.02534213 0.011331707
0.405 -0.02568804 0.010580845
0.4055 -0.02602272 0.00982894
0.406 -0.02634561 0.009078037
0.4065 -0.02665647 0.008329768
0.407 -0.02695617 0.007585477
0.4075 -0.0272451 0.006846238
0.408 -0.02752329 0.006112989
0.4085 -0.02779069 0.005386479
0.409 -0.02804722 0.004667368
0.4095 -0.02829283 0.003956236
0.41 -0.0285275 0.0032535866
0.4105 -0.02875125 0.0025598742
0.411 -0.0289641 0.0018754937
0.4115 -0.02916608 0.0012008063
0.412 -0.02935725 0.0005361475
0.4125 -0.02953765 -0.000118184835
0.413 -0.02970735 -0.0007618852
0.4135 -0.02986639 -0.0013946854
0.414 -0.03001485 -0.0020163506
0.4145 -0.03015279 -0.0026266687
0.415 -0.03028027 -0.0032253936
0.4155 -0.03039736 -0.003812354
0.416 -0.03050413 -0.0043873414
0.4165 -0.03060066 -0.004950203
0.417 -0.03068701 -0.005500771
0.4175 -0.03076326 -0.0060388856
0.418 -0.03082949 -0.0065644234
0.4185 -0.03088576 -0.0070772693
0.419 -0.03093217 -0.0075772777
0.4195 -0.03096878 -0.008064371
0.42 -0.03099568 -0.008538473
0.4205 -0.03101295 -0.008999448
0.421 -0.03102066 -0.009447236
0.4215 -0.03101891 -0.009881768
0.422 -0.03100777 -0.010302994
0.4225 -0.03098732 -0.010710858
0.423 -0.03095765 -0.011105288
0.4235 -0.03091884 -0.011486258
0.424 -0.03087098 -0.011853728
0.4245 -0.03081416 -0.012207668
0.425 -0.03074845 -0.0125480555
0.4255 -0.03067394 -0.012874849
0.426 -0.03059072 -0.013188031
0.4265 -0.03049887 -0.013487618
0.427 -0.03039848 -0.013773557
0.4275 -0.03028963 -0.014045853
0.428 -0.03017242 -0.014304493
0.4285 -0.03004691 -0.014549516
0.429 -0.02991321 -0.01478086
0.4295 -0.02977139 -0.014998566
0.43 -0.02962154 -0.015202571
0.4305 -0.02946375 -0.015392955
0.431 -0.02929809 -0.015569624
0.4315 -0.02912464 -0.015732694
0.432 -0.02894347 -0.015882064
0.4325 -0.02875465 -0.016017817
0.433 -0.02855854 -0.016139906
0.4335 -0.02835925 -0.016248357
0.434 -0.02815623 -0.016343143
0.4345 -0.02794612 -0.016424332
0.435 -0.02772719 -0.016491868
0.4355 -0.02749885 -0.016545761
0.436 -0.02726142 -0.01658604
0.4365 -0.02701554 -0.01661269
0.437 -0.02676189 -0.016625736
0.4375 -0.02650098 -0.016625192
0.438 -0.02623319 -0.016611032
0.4385 -0.02595879 -0.016583294
0.439 -0.02567793 -0.016541984
0.4395 -0.02539075 -0.016487088
0.44 -0.02509734 -0.01641861
0.4405 -0.02479773 -0.016336594
0.441 -0.02449197 -0.016241025
0.4415 -0.0241801 -0.016131945
0.442 -0.02386217 -0.016009334
0.4425 -0.02353825 -0.015873209
0.443 -0.02320841 -0.01572359
0.4435 -0.0228737 -0.0155605115
0.444 -0.02253483 -0.015384007
0.4445 -0.02219059 -0.0151940435
0.445 -0.02184181 -0.014990687
0.4455 -0.02148916 -0.014773969
0.446 -0.02113065 -0.014543869
0.4465 -0.0207652 -0.014300469
0.447 -0.02039276 -0.014043774
0.4475 -0.0200137 -0.013773803
0.448 -0.01962848 -0.013490606
0.4485 -0.01923751 -0.013194215
0.449 -0.01884107 -0.012884721
0.4495 -0.01843941 -0.012562096
0.45 -0.01803268 -0.012226421
0.4505 -0.01762099 -0.011877727
0.451 -0.01720444 -0.011516057
0.4515 -0.0167831 -0.011141527
0.452 -0.01635705 -0.010754161
0.4525 -0.01592632 -0.010354001
0.453 -0.015491 -0.00994112
0.4535 -0.01505115 -0.0095155835
0.454 -0.01460679 -0.009077486
0.4545 -0.01415799 -0.008626845
0.455 -0.01370478 -0.008163709
0.4555 -0.01324722 -0.007688243
0.456 -0.01278537 -0.007200472
0.4565 -0.01231927 -0.006700486
0.457 -0.011849 -0.006188404
0.4575 -0.01137459 -0.005664259
0.458 -0.01089605 -0.005128134
0.4585 -0.01041334 -0.004580129
0.459 -0.009926691 -0.004020337
0.4595 -0.009436208 -0.0034488626
0.46 -0.008941928 -0.0028658062
0.4605 -0.008443874 -0.0022712983
0.461 -0.007942071 -0.0016653202
0.4615 -0.007436555 -0.0010481067
0.462 -0.006927362 -0.00041969493
0.4625 -0.006414715 0.00021982193
0.463 -0.005901469 0.00087029114
0.4635 -0.005387573 0.0015316419
0.464 -0.00487019 0.002203729
0.4645 -0.004347883 0.0028864332
0.465 -0.003820508 0.0035796575
0.4655 -0.003288447 0.004283387
0.466 -0.002752249 0.0049973316
0.4665 -0.002212257 0.0057214536
0.467 -0.001668242 0.006455686
0.4675 -0.001120464 0.0071998835
0.468 -0.0005693609 0.007953864
0.4685 -1.526606e-05 0.008717585
0.469 0.0005416468 0.009490807
0.4695 0.001101344 0.010273557
0.47 0.00166382 0.011065662
0.4705 0.002229067 0.011866976
0.471 0.002797074 0.012677323
0.4715 0.003367834 0.013496671
0.472 0.003941334 0.0143249
0.4725 0.00451756 0.015161812
0.473 0.005096493 0.016007338
0.4735 0.005678109 0.01686133
0.474 0.006262382 0.017723631
0.4745 0.006849284 0.01859409
0.475 0.007438783 0.019472685
0.4755 0.008030848 0.020359274
0.476 0.008625445 0.021253731
0.4765 0.009222528 0.022155892
0.477 0.00982192 0.023065638
0.4775 0.01042353 0.02398282
0.478 0.01102743 0.024907377
0.4785 0.01163367 0.025839012
0.479 0.01224224 0.02677792
0.4795 0.0128531 0.027723763
0.48 0.01346627 0.028676491
0.4805 0.01408168 0.029635843
0.481 0.01469944 0.030601885
0.4815 0.01531956 0.031574327
0.482 0.01594198 0.032553207
0.4825 0.0165666 0.0335383
0.483 0.01719336 0.03452951
0.4835 0.01782221 0.035526734
0.484 0.01845309 0.036529873
0.4845 0.01908596 0.03753872
0.485 0.0197208 0.03855331
0.4855 0.02035763 0.039573397
0.486 0.02099648 0.04059888
0.4865 0.02163729 0.041629728
0.487 0.02227996 0.04266576
0.4875 0.02292444 0.04370683
0.488 0.02357069 0.04475305
0.4885 0.02421867 0.045804005
0.489 0.02486837 0.046859745
0.4895 0.02551979 0.047920126
0.49 0.02617291 0.048985038
0.4905 0.02682769 0.05005439
0.491 0.02748391 0.05112813
0.4915 0.0281414 0.052206058
0.492 0.02880031 0.05328813
0.4925 0.0294608 0.054374266
0.493 0.03012295 0.05546425
0.4935 0.03078675 0.056558143
0.494 0.0314522 0.057655666
0.4945 0.03211925 0.05875693
0.495 0.03278788 0.059861604
0.4955 0.03345805 0.06096979
0.496 0.03412974 0.062081274
0.4965 0.03480291 0.063196
0.497 0.03547754 0.06431387
0.4975 0.03615361 0.06543495
0.498 0.03683108 0.06655882
0.4985 0.03750995 0.06768569
0.499 0.03819019 0.06881529
0.4995 0.03887177 0.0699476
