0.0 -0.065 -0.047243774
0.0005 -0.065 -0.059597768
0.001 -0.065 -0.06731064
0.0015 -0.065 -0.07219518
0.002 -0.065 -0.075269185
0.0025 -0.065 -0.07714021
0.003 -0.065 -0.0781894
0.0035 -0.065 -0.07866589
0.004 -0.065 -0.07873817
0.0045 -0.065 -0.078523435
0.005 -0.065 -0.07810506
0.0055 -0.065 -0.07754347
0.006 -0.065 -0.07688303
0.0065 -0.065 -0.07615662
0.007 -0.065 -0.07538889
0.0075 -0.065 -0.074598335
0.008 -0.065 -0.07379886
0.0085 -0.065 -0.07300094
0.009 -0.065 -0.0722124
0.0095 -0.065 -0.07143907
0.01 -0.065 -0.07068521
0.0105 -0.065 -0.06995391
0.011 -0.065 -0.06924729
0.0115 -0.065 -0.06856677
0.012 -0.065 -0.067913175
0.0125 -0.065 -0.06728694
0.013 -0.065 -0.066688165
0.0135 -0.065 -0.06611662
0.014 -0.065 -0.06557195
0.0145 -0.065 -0.06505361
0.015 -0.065 -0.064560965
0.0155 -0.065 -0.06409328
0.016 -0.065 -0.06364977
0.0165 -0.065 -0.06322963
0.017 -0.065 -0.06283203
0.0175 -0.065 -0.06245611
0.018 -0.065 -0.06210099
0.0185 -0.065 -0.061765864
0.019 -0.065 -0.061449885
0.0195 -0.065 -0.06115225
0.02 -0.065 -0.060872145
0.0205 -0.065 -0.06060881
0.021 -0.065 -0.06036149
0.0215 -0.065 -0.060129456
0.022 -0.065 -0.05991201
0.0225 -0.065 -0.059708476
0.023 -0.065 -0.059518233
0.0235 -0.065 -0.05934062
0.024 -0.065 -0.059175044
0.0245 -0.065 -0.05902099
0.025 -0.065 -0.058877826
0.0255 -0.065 -0.05874508
0.026 -0.065 -0.05862225
0.0265 -0.065 -0.058508806
0.027 -0.065 -0.05840435
0.0275 -0.065 -0.058308393
0.028 -0.065 -0.058220536
0.0285 -0.065 -0.058140382
0.029 -0.065 -0.058067553
0.0295 -0.065 -0.058001667
0.03 -0.065 -0.057942383
0.0305 -0.065 -0.05788938
0.031 -0.065 -0.057842284
0.0315 -0.065 -0.05780085
0.032 -0.065 -0.057764784
0.0325 -0.065 -0.05773379
0.033 -0.065 -0.057707585
0.0335 -0.065 -0.05768598
0.034 -0.065 -0.057668656
0.0345 -0.065 -0.057655416
0.035 -0.065 -0.05764606
0.0355 -0.065 -0.057640344
0.036 -0.065 -0.0576381
0.0365 -0.065 -0.057639122
0.037 -0.065 -0.05764322
0.0375 -0.065 -0.057650216
0.038 -0.065 -0.05765996
0.0385 -0.065 -0.05767227
0.039 -0.065 -0.057687014
0.0395 -0.065 -0.057704076
0.04 -0.065 -0.057723247
0.0405 -0.065 -0.057744436
0.041 -0.065 -0.057767496
0.0415 -0.065 -0.057792336
0.042 -0.065 -0.057818845
0.0425 -0.065 -0.057846874
0.043 -0.065 -0.05787637
0.0435 -0.065 -0.05790717
0.044 -0.065 -0.05793924
0.0445 -0.065 -0.05797246
0.045 -0.065 -0.05800675
0.0455 -0.065 -0.058042005
0.046 -0.065 -0.058078192
0.0465 -0.065 -0.05811519
0.047 -0.065 -0.058152974
0.0475 -0.065 -0.05819141
0.048 -0.065 -0.058230475
0.0485 -0.065 -0.05827014
0.049 -0.065 -0.058310315
0.0495 -0.065 -0.058350906
0.05 -0.065 -0.058391936
0.0505 -0.065 -0.0584333
0.051 -0.065 -0.05847495
0.0515 -0.065 -0.058516845
0.052 -0.065 -0.058558963
0.0525 -0.065 -0.058601253
0.053 -0.065 -0.058643676
0.0535 -0.065 -0.058686167
0.054 -0.065 -0.058728747
0.0545 -0.065 -0.058771357
0.055 -0.065 -0.058813944
0.0555 -0.065 -0.05885651
0.056 -0.065 -0.058898993
0.0565 -0.065 -0.058941387
0.057 -0.065 -0.058983684
0.0575 -0.065 -0.05902587
0.058 -0.065 -0.059067853
0.0585 -0.065 -0.059109658
0.059 -0.065 -0.059151284
0.0595 -0.065 -0.059192672
0.06 -0.065 -0.05923383
0.0605 -0.065 -0.059274726
0.061 -0.065 -0.059315346
0.0615 -0.065 -0.059355706
0.062 -0.065 -0.059395753
0.0625 -0.065 -0.05943548
0.063 -0.065 -0.059474938
0.0635 -0.065 -0.059514023
0.064 -0.065 -0.059552766
0.0645 -0.065 -0.05959119
0.065 -0.065 -0.059629217
0.0655 -0.065 -0.059666872
0.066 -0.065 -0.059704177
0.0665 -0.065 -0.05974111
0.067 -0.065 -0.059777677
0.0675 -0.065 -0.059813805
0.068 -0.065 -0.059849575
0.0685 -0.065 -0.05988493
0.069 -0.065 -0.05991987
0.0695 -0.065 -0.059954435
0.07 -0.065 -0.05998856
0.0705 -0.065 -0.06002228
0.071 -0.065 -0.06005557
0.0715 -0.065 -0.060088463
0.072 -0.065 -0.060120955
0.0725 -0.065 -0.06015303
0.073 -0.065 -0.06018468
0.0735 -0.065 -0.060215913
0.074 -0.065 -0.06024673
0.0745 -0.065 -0.06027712
0.075 -0.065 -0.0603071
0.0755 -0.065 -0.060336642
0.076 -0.065 -0.06036582
0.0765 -0.065 -0.06039454
0.077 -0.065 -0.060422845
0.0775 -0.065 -0.060450785
0.078 -0.065 -0.060478285
0.0785 -0.065 -0.06050539
0.079 -0.065 -0.060532086
0.0795 -0.065 -0.060558386
0.08 -0.065 -0.060584277
0.0805 -0.065 -0.060609773
0.081 -0.065 -0.060634896
0.0815 -0.065 -0.06065961
0.082 -0.065 -0.060683966
0.0825 -0.065 -0.060707927
0.083 -0.065 -0.060731493
0.0835 -0.065 -0.060754687
0.084 -0.065 -0.0607775
0.0845 -0.065 -0.06079997
0.085 -0.065 -0.060822062
0.0855 -0.065 -0.060843788
0.086 -0.065 -0.06086515
0.0865 -0.065 -0.06088619
0.087 -0.065 -0.060906842
0.0875 -0.065 -0.06092716
0.088 -0.065 -0.060947135
0.0885 -0.065 -0.06096679
0.089 -0.065 -0.060986087
0.0895 -0.065 -0.06100507
0.09 -0.065 -0.061023705
0.0905 -0.065 -0.061042033
0.091 -0.065 -0.06106004
0.0915 -0.065 -0.061077744
0.092 -0.065 -0.06109511
0.0925 -0.065 -0.061112195
0.093 -0.065 -0.06112899
0.0935 -0.065 -0.06114547
0.094 -0.065 -0.06116163
0.0945 -0.065 -0.06117753
0.095 -0.065 -0.061193153
0.0955 -0.065 -0.061208457
0.096 -0.065 -0.06122352
0.0965 -0.065 -0.06123832
0.097 -0.065 -0.061252855
0.0975 -0.065 -0.06126707
0.098 -0.065 -0.06128107
0.0985 -0.065 -0.06129481
0.099 -0.065 -0.061308287
0.0995 -0.065 -0.061321497
0.1 -0.065 -0.054261625
0.1005 -0.05205612 -0.047574915
0.101 -0.03678555 -0.041151114
0.1015 -0.02642051 -0.034925044
0.102 -0.01935535 -0.028857365
0.1025 -0.01394585 -0.022924375
0.103 -0.009311454 -0.017111886
0.1035 -0.005023821 -0.011411704
0.104 -0.0008967279 -0.0058192313
0.1045 0.003115461 -0.0003321506
0.105 0.007031527 0.005050659
0.1055 0.01091859 0.010329604
0.106 0.01480548 0.015504871
0.1065 0.01868723 0.020576492
0.107 0.02255614 0.025544718
0.1075 0.02642019 0.030409932
0.108 0.03027984 0.03517273
0.1085 0.03413009 0.03983391
0.109 0.03796465 0.044394597
0.1095 0.0417781 0.048856065
0.11 0.04556702 0.053219743
0.1105 0.04932908 0.057487264
0.111 0.05306279 0.06166041
0.1115 0.05676717 0.06574103
0.112 0.06044165 0.0697311
0.1125 0.06408584 0.073632665
0.113 0.06769939 0.07744779
0.1135 0.07128201 0.08117858
0.114 0.07483355 0.084827155
0.1145 0.07835392 0.08839565
0.115 0.08184136 0.091886185
0.1155 0.08527853 0.09530082
0.116 0.08867512 0.098641664
0.1165 0.09204577 0.10191077
0.117 0.09539416 0.10511005
0.1175 0.09870711 0.10824151
0.118 0.1019618 0.111307055
0.1185 0.1051808 0.114308536
0.119 0.1083802 0.11724773
0.1195 0.1115629 0.12012647
0.12 0.1147258 0.12676172
0.1205 0.1049299 0.12671497
0.121 0.09277654 0.12412776
0.1215 0.08547971 0.120673954
0.122 0.08143629 0.11701675
0.1225 0.07900257 0.11341196
0.123 0.07729642 0.10995215
0.1235 0.07590759 0.10666476
0.124 0.07465371 0.10355148
0.1245 0.07345467 0.10060404
0.125 0.07227535 0.09781065
0.1255 0.0711003 0.09515863
0.126 0.06992273 0.092635386
0.1265 0.06873979 0.090228945
0.127 0.0675505 0.087928
0.1275 0.06635472 0.085722014
0.128 0.06515279 0.083601244
0.1285 0.06394525 0.08155682
0.129 0.06273214 0.07958049
0.1295 0.06150928 0.0776648
0.13 0.06028057 0.07580297
0.1305 0.05905091 0.07398888
0.131 0.05782196 0.07221698
0.1315 0.05659383 0.07048235
0.132 0.05536576 0.06878057
0.1325 0.05413791 0.067107685
0.133 0.05291107 0.06546028
0.1335 0.05168566 0.06383523
0.134 0.05046203 0.06222993
0.1345 0.04924055 0.060642034
0.135 0.04802162 0.05906953
0.1355 0.04680568 0.057510734
0.136 0.04559316 0.05596415
0.1365 0.04438451 0.054428577
0.137 0.04318013 0.05290299
0.1375 0.04198043 0.051386565
0.138 0.0407858 0.049878642
0.1385 0.03959659 0.048378684
0.139 0.03841315 0.046886295
0.1395 0.03723579 0.045401216
0.14 0.03606481 0.04392325
0.1405 0.03490051 0.042452283
0.141 0.03374313 0.04098834
0.1415 0.03259294 0.039531425
0.142 0.03145015 0.03808163
0.1425 0.030315 0.03663908
0.143 0.02918768 0.03520397
0.1435 0.02806837 0.033776507
0.144 0.02695725 0.032356896
0.1445 0.02585449 0.03094542
0.145 0.02476023 0.029542316
0.1455 0.02367461 0.028147854
0.146 0.02259777 0.02676234
0.1465 0.0215298 0.025386035
0.147 0.02047083 0.024019234
0.1475 0.01942094 0.022662234
0.148 0.01838023 0.021315321
0.1485 0.01734877 0.01997874
0.149 0.01632663 0.01865279
0.1495 0.01531388 0.017337758
0.15 0.01431056 0.01603387
0.1505 0.01331673 0.014741369
0.151 0.01233242 0.013460513
0.1515 0.01135767 0.012191553
0.152 0.0103925 0.010934647
0.1525 0.009436926 0.009690039
0.153 0.008490972 0.008457944
0.1535 0.007554641 0.0072385
0.154 0.006627938 0.0060319155
0.1545 0.00571086 0.0048383176
0.155 0.0048034 0.0036578774
0.1555 0.003905547 0.002490744
0.156 0.003017285 0.0013370365
0.1565 0.002138594 0.00019683689
0.157 0.001269451 -0.0009297058
0.1575 0.0004098274 -0.002042532
0.158 -0.0004403072 -0.0031415522
0.1585 -0.001280987 -0.0042267144
0.159 -0.002112251 -0.0052979067
0.1595 -0.002934138 -0.0063551217
0.16 -0.003746693 -0.0073983297
0.1605 -0.004549961 -0.008427471
0.161 -0.00534399 -0.009442516
0.1615 -0.006128833 -0.010443509
0.162 -0.006904541 -0.011430375
0.1625 -0.00767117 -0.01240319
0.163 -0.008428778 -0.013361938
0.1635 -0.009177423 -0.01430662
0.164 -0.009917166 -0.015237287
0.1645 -0.01064807 -0.016154006
0.165 -0.0113702 -0.017056763
0.1655 -0.01208361 -0.017945677
0.166 -0.01278839 -0.018820778
0.1665 -0.01348458 -0.019682094
0.167 -0.01417227 -0.020529762
0.1675 -0.01485152 -0.021363817
0.168 -0.0155224 -0.022184342
0.1685 -0.01618499 -0.022991419
0.169 -0.01683935 -0.023785189
0.1695 -0.01748556 -0.024565704
0.17 -0.01812369 -0.025333062
0.1705 -0.01875382 -0.026087426
0.171 -0.01937602 -0.026828848
0.1715 -0.01999037 -0.02755747
0.172 -0.02059694 -0.028273396
0.1725 -0.0211958 -0.028976776
0.173 -0.02178704 -0.029667705
0.1735 -0.02237072 -0.03034629
0.174 -0.02294693 -0.031012714
0.1745 -0.02351574 -0.031667106
0.175 -0.02407723 -0.032309532
0.1755 -0.02463147 -0.032940187
0.176 -0.02517854 -0.03355921
0.1765 -0.02571851 -0.03416674
0.177 -0.02625147 -0.03476291
0.1775 -0.02677748 -0.035347834
0.178 -0.02729663 -0.035921745
0.1785 -0.02780899 -0.03648469
0.179 -0.02831463 -0.037036844
0.1795 -0.02881363 -0.03757838
0.18 -0.02930606 -0.038109444
0.1805 -0.02979201 -0.03863015
0.181 -0.03027153 -0.039140657
0.1815 -0.03074471 -0.039641142
0.182 -0.03121163 -0.040131733
0.1825 -0.03167234 -0.040612586
0.183 -0.03212693 -0.041083813
0.1835 -0.03257547 -0.04154563
0.184 -0.03301803 -0.04199814
0.1845 -0.03345468 -0.042441502
0.185 -0.03388549 -0.042875864
0.1855 -0.03431053 -0.043301336
0.186 -0.03472987 -0.043718092
0.1865 -0.03514358 -0.044126295
0.187 -0.03555174 -0.04452607
0.1875 -0.0359544 -0.044917554
0.188 -0.03635163 -0.045300916
0.1885 -0.03674351 -0.045676246
0.189 -0.0371301 -0.046043724
0.1895 -0.03751146 -0.046403497
0.19 -0.03788766 -0.046755657
0.1905 -0.03825876 -0.047100365
0.191 -0.03862484 -0.04743778
0.1915 -0.03898595 -0.047767997
0.192 -0.03934215 -0.04809115
0.1925 -0.03969351 -0.048407406
0.193 -0.04004009 -0.048716843
0.1935 -0.04038196 -0.049019612
0.194 -0.04071916 -0.04931587
0.1945 -0.04105177 -0.049605697
0.195 -0.04137983 -0.049889214
0.1955 -0.04170342 -0.050166562
0.196 -0.04202259 -0.050437853
0.1965 -0.04233739 -0.05070322
0.197 -0.04264789 -0.05096276
0.1975 -0.04295413 -0.05121658
0.198 -0.04325618 -0.051464804
0.1985 -0.04355409 -0.051707573
0.199 -0.04384791 -0.051944956
0.1995 -0.0441377 -0.05217704
0.2 -0.04442352 -0.052404024
0.2005 -0.04470541 -0.052625895
0.201 -0.04498342 -0.052842863
0.2015 -0.04525761 -0.053054944
0.202 -0.04552804 -0.05326228
0.2025 -0.04579474 -0.05346497
0.203 -0.04605777 -0.053663112
0.2035 -0.04631718 -0.053856798
0.204 -0.04657302 -0.05404611
0.2045 -0.04682533 -0.054231122
0.205 -0.04707417 -0.054411963
0.2055 -0.04731958 -0.054588698
0.206 -0.0475616 -0.054761425
0.2065 -0.04780028 -0.05493021
0.207 -0.04803567 -0.05509518
0.2075 -0.04826781 -0.05525635
0.208 -0.04849675 -0.055413872
0.2085 -0.04872252 -0.055567786
0.209 -0.04894518 -0.05571819
0.2095 -0.04916476 -0.055865116
0.21 -0.04938131 -0.056008674
0.2105 -0.04959487 -0.05614893
0.211 -0.04980548 -0.056285992
0.2115 -0.05001317 -0.056419857
0.212 -0.050218 -0.056550644
0.2125 -0.05041999 -0.05667843
0.213 -0.05061919 -0.05680324
0.2135 -0.05081564 -0.056925178
0.214 -0.05100937 -0.05704429
0.2145 -0.05120042 -0.057160623
0.215 -0.05138882 -0.057274267
0.2155 -0.05157463 -0.057385266
0.216 -0.05175786 -0.057493694
0.2165 -0.05193856 -0.057599597
0.217 -0.05211675 -0.05770302
0.2175 -0.05229249 -0.057804056
0.218 -0.05246579 -0.057902724
0.2185 -0.0526367 -0.057999074
0.219 -0.05280524 -0.058093175
0.2195 -0.05297145 -0.058185093
0.22 -0.05313536 -0.058274843
0.2205 -0.053297 -0.05836252
0.221 -0.05345641 -0.058448114
0.2215 -0.05361361 -0.058531694
0.222 -0.05376864 -0.058613315
0.2225 -0.05392152 -0.058693036
0.223 -0.0540723 -0.058770873
0.2235 -0.05422098 -0.058846854
0.224 -0.05436761 -0.05892106
0.2245 -0.05451222 -0.058993556
0.225 -0.05465482 -0.0590643
0.2255 -0.05479545 -0.059133373
0.226 -0.05493414 -0.05920083
0.2265 -0.05507092 -0.059266716
0.227 -0.0552058 -0.059331022
0.2275 -0.05533882 -0.05939381
0.228 -0.05547 -0.05945511
0.2285 -0.05559937 -0.05951497
0.229 -0.05572695 -0.05957339
0.2295 -0.05585278 -0.059630454
0.23 -0.05597686 -0.05968616
0.2305 -0.05609923 -0.059740536
0.231 -0.05621991 -0.05979363
0.2315 -0.05633893 -0.0598455
0.232 -0.05645631 -0.059896067
0.2325 -0.05657206 -0.059945516
0.233 -0.05668622 -0.05999372
0.2335 -0.05679881 -0.06004084
0.234 -0.05690984 -0.060086787
0.2345 -0.05701934 -0.06013166
0.235 -0.05712733 -0.06017548
0.2355 -0.05723384 -0.060218237
0.236 -0.05733887 -0.060259983
0.2365 -0.05744246 -0.060300723
0.237 -0.05754463 -0.060340516
0.2375 -0.05764538 -0.06037935
0.238 -0.05774475 -0.060417257
0.2385 -0.05784276 -0.06045425
0.239 -0.05793941 -0.060490355
0.2395 -0.05803473 -0.060525604
0.24 -0.05812874 -0.06056004
0.2405 -0.05822146 -0.060593642
0.241 -0.05831291 -0.06062644
0.2415 -0.0584031 -0.060658455
0.242 -0.05849205 -0.060689688
0.2425 -0.05857977 -0.060720205
0.243 -0.05866629 -0.060749985
0.2435 -0.05875163 -0.060779035
0.244 -0.05883579 -0.060807407
0.2445 -0.05891879 -0.0608351
0.245 -0.05900066 -0.060862124
0.2455 -0.05908141 -0.060888506
0.246 -0.05916104 -0.06091424
0.2465 -0.05923959 -0.06093938
0.247 -0.05931706 -0.0609639
0.2475 -0.05939346 -0.06098783
0.248 -0.05946882 -0.06101118
0.2485 -0.05954315 -0.061033994
0.249 -0.05961646 -0.06105624
0.2495 -0.05968876 -0.061077982
0.25 -0.05976008 -0.061099187
0.2505 -0.05983042 -0.061119884
0.251 -0.0598998 -0.06114006
0.2515 -0.05996823 -0.061159767
0.252 -0.06003572 -0.061179027
0.2525 -0.06010229 -0.06119781
0.253 -0.06016795 -0.06121616
0.2535 -0.06023271 -0.061234064
0.254 -0.06029659 -0.0612515
0.2545 -0.0603596 -0.061268553
0.255 -0.06042175 -0.061285183
0.2555 -0.06048305 -0.061301418
0.256 -0.06054351 -0.061317265
0.2565 -0.06060315 -0.06133271
0.257 -0.06066197 -0.061347827
0.2575 -0.06071999 -0.061362535
0.258 -0.06077722 -0.06137693
0.2585 -0.06083368 -0.06139095
0.259 -0.06088936 -0.061404638
0.2595 -0.06094428 -0.06141802
0.26 -0.06099846 -0.061431065
0.2605 -0.0610519 -0.06144376
0.261 -0.06110461 -0.061456203
0.2615 -0.06115661 -0.061468303
0.262 -0.0612079 -0.061480135
0.2625 -0.06125849 -0.061491705
0.263 -0.06130839 -0.061502986
0.2635 -0.06135762 -0.061513983
0.264 -0.06140617 -0.061524704
0.2645 -0.06145407 -0.061535195
0.265 -0.06150132 -0.061545417
0.2655 -0.06154793 -0.061555415
0.266 -0.0615939 -0.061565146
0.2665 -0.06163925 -0.061574645
0.267 -0.06168399 -0.06158389
0.2675 -0.06172811 -0.06159295
0.268 -0.06177165 -0.061601788
0.2685 -0.06181459 -0.061610408
0.269 -0.06185695 -0.061618805
0.2695 -0.06189873 -0.061627015
0.27 -0.06193995 -0.061635032
0.2705 -0.06198062 -0.061642848
0.271 -0.06202073 -0.06165047
0.2715 -0.0620603 -0.061657935
0.272 -0.06209933 -0.061665192
0.2725 -0.06213784 -0.061672285
0.273 -0.06217583 -0.061679214
0.2735 -0.0622133 -0.061685964
0.274 -0.06225027 -0.061692566
0.2745 -0.06228674 -0.06169898
0.275 -0.06232271 -0.06170524
0.2755 -0.0623582 -0.06171138
0.276 -0.06239322 -0.06171736
0.2765 -0.06242776 -0.061723195
0.277 -0.06246183 -0.06172888
0.2775 -0.06249544 -0.06173443
0.278 -0.06252861 -0.06173984
0.2785 -0.06256132 -0.06174516
0.279 -0.0625936 -0.061750323
0.2795 -0.06262544 -0.06175535
0.28 -0.06265685 -0.061760277
0.2805 -0.06268784 -0.061765067
0.281 -0.06271841 -0.061769754
0.2815 -0.06274857 -0.06177433
0.282 -0.06277832 -0.061778784
0.2825 -0.06280768 -0.061783127
0.283 -0.06283664 -0.06178741
0.2835 -0.06286521 -0.061791524
0.284 -0.0628934 -0.061795563
0.2845 -0.06292121 -0.061799534
0.285 -0.06294864 -0.06180337
0.2855 -0.06297571 -0.061807133
0.286 -0.06300242 -0.06181079
0.2865 -0.06302876 -0.061814383
0.287 -0.06305476 -0.06181787
0.2875 -0.0630804 -0.061821274
0.288 -0.0631057 -0.06182462
0.2885 -0.06313066 -0.06182784
0.289 -0.06315529 -0.06183102
0.2895 -0.06317959 -0.06183411
0.29 -0.06320356 -0.06183712
0.2905 -0.06322722 -0.061840057
0.291 -0.06325055 -0.06184294
0.2915 -0.06327357 -0.061845742
0.292 -0.06329629 -0.061848477
0.2925 -0.0633187 -0.061851136
0.293 -0.06334081 -0.061853737
0.2935 -0.06336263 -0.061856285
0.294 -0.06338416 -0.061858766
0.2945 -0.0634054 -0.061861195
0.295 -0.06342635 -0.061863557
0.2955 -0.06344702 -0.061865844
0.296 -0.06346742 -0.061868124
0.2965 -0.06348755 -0.06187029
0.297 -0.06350741 -0.061872438
0.2975 -0.063527 -0.061874524
0.298 -0.06354633 -0.06187655
0.2985 -0.06356541 -0.061878562
0.299 -0.06358423 -0.06188049
0.2995 -0.0636028 -0.06188239
0.3 -0.06362112 -0.061884247
0.3005 -0.0636392 -0.061886042
0.301 -0.06365704 -0.06188781
0.3015 -0.06367464 -0.06188952
0.302 -0.06369201 -0.06189119
0.3025 -0.06370914 -0.061892837
0.303 -0.06372605 -0.061894417
0.3035 -0.06374273 -0.061895974
0.304 -0.06375919 -0.06189751
0.3045 -0.06377544 -0.061898977
0.305 -0.06379146 -0.061900422
0.3055 -0.06380728 -0.061901845
0.306 -0.06382288 -0.061903216
0.3065 -0.06383828 -0.061904587
0.307 -0.06385347 -0.061905883
0.3075 -0.06386846 -0.061907157
0.308 -0.06388326 -0.061908394
0.3085 -0.06389785 -0.06190964
0.309 -0.06391225 -0.061910845
0.3095 -0.06392647 -0.061912015
0.31 -0.06394049 -0.061913118
0.3105 -0.06395433 -0.061914213
0.311 -0.06396798 -0.061915316
0.3115 -0.06398145 -0.06191636
0.312 -0.06399475 -0.061917394
0.3125 -0.06400787 -0.061918393
0.313 -0.06402081 -0.061919376
0.3135 -0.06403359 -0.061920315
0.314 -0.06404619 -0.061921246
0.3145 -0.06405863 -0.061922178
0.315 -0.06407091 -0.061923087
0.3155 -0.06408302 -0.061923943
0.316 -0.06409497 -0.06192477
0.3165 -0.06410677 -0.061925605
0.317 -0.0641184 -0.061926387
0.3175 -0.06412989 -0.061927192
0.318 -0.06414122 -0.061927952
0.3185 -0.06415241 -0.061928675
0.319 -0.06416344 -0.06192942
0.3195 -0.06417433 -0.06193012
0.32 -0.06418508 -0.06193082
0.3205 -0.06419568 -0.0619315
0.321 -0.06420615 -0.061932176
0.3215 -0.06421648 -0.061932802
0.322 -0.06422667 -0.061933443
0.3225 -0.06423673 -0.06193407
0.323 -0.06424665 -0.061934642
0.3235 -0.06425644 -0.061935246
0.324 -0.06426611 -0.061935812
0.3245 -0.06427565 -0.061936364
0.325 -0.06428506 -0.061936907
0.3255 -0.06429435 -0.06193745
0.326 -0.06430351 -0.061937965
0.3265 -0.06431256 -0.061938472
0.327 -0.06432148 -0.06193895
0.3275 -0.06433029 -0.06193942
0.328 -0.06433899 -0.06193991
0.3285 -0.06434757 -0.061940372
0.329 -0.06435603 -0.06194082
0.3295 -0.06436439 -0.06194125
0.33 -0.06437263 -0.061941646
0.3305 -0.06438077 -0.061942086
0.331 -0.0643888 -0.061942488
0.3315 -0.06439673 -0.061942883
0.332 -0.06440455 -0.061943263
0.3325 -0.06441227 -0.061943658
0.333 -0.06441988 -0.061944045
0.3335 -0.0644274 -0.061944366
0.334 -0.06443482 -0.061944716
0.3345 -0.06444214 -0.061945066
0.335 -0.06444937 -0.06194541
0.3355 -0.0644565 -0.06194575
0.336 -0.06446354 -0.061946064
0.3365 -0.06447048 -0.061946347
0.337 -0.06447733 -0.061946653
0.3375 -0.0644841 -0.06194693
0.338 -0.06449078 -0.061947227
0.3385 -0.06449736 -0.061947502
0.339 -0.06450387 -0.061947793
0.3395 -0.06451028 -0.06194804
0.34 -0.06451662 -0.06194833
0.3405 -0.06452287 -0.061948568
0.341 -0.06452904 -0.061948813
0.3415 -0.06453513 -0.061949052
0.342 -0.06454113 -0.061949298
0.3425 -0.06454706 -0.061949536
0.343 -0.06455292 -0.061949775
0.3435 -0.06455869 -0.061950006
0.344 -0.06456439 -0.061950214
0.3445 -0.06457002 -0.0619504
0.345 -0.06457557 -0.0619506
0.3455 -0.06458105 -0.061950795
0.346 -0.06458646 -0.061950997
0.3465 -0.0645918 -0.061951183
0.347 -0.06459707 -0.06195134
0.3475 -0.06460227 -0.061951555
0.348 -0.0646074 -0.061951704
0.3485 -0.06461247 -0.061951876
0.349 -0.06461747 -0.06195204
0.3495 -0.0646224 -0.061952204
0.35 -0.06462727 -0.061952353
0.3505 -0.06463208 -0.06195251
0.351 -0.06463682 -0.061952673
0.3515 -0.0646415 -0.0619528
0.352 -0.06464612 -0.06195295
0.3525 -0.06465068 -0.06195309
0.353 -0.06465518 -0.061953224
0.3535 -0.06465963 -0.061953366
0.354 -0.06466401 -0.0619535
0.3545 -0.06466834 -0.061953627
0.355 -0.06467261 -0.061953753
0.3555 -0.06467683 -0.061953865
0.356 -0.06468099 -0.06195402
0.3565 -0.0646851 -0.061954148
0.357 -0.06468915 -0.061954275
0.3575 -0.06469315 -0.06195438
0.358 -0.0646971 -0.0619545
0.3585 -0.064701 -0.06195461
0.359 -0.06470484 -0.061954707
0.3595 -0.06470864 -0.061954796
0.36 -0.06471239 -0.06195487
0.3605 -0.06471609 -0.061954975
0.361 -0.06471974 -0.061955072
0.3615 -0.06472334 -0.06195514
0.362 -0.0647269 -0.061955243
0.3625 -0.06473041 -0.061955318
0.363 -0.06473388 -0.061955415
0.3635 -0.0647373 -0.061955474
0.364 -0.06474067 -0.061955564
0.3645 -0.064744 -0.06195563
0.365 -0.06474729 -0.06195572
0.3655 -0.06475054 -0.061955787
0.366 -0.06475374 -0.06195586
0.3665 -0.06475691 -0.061955944
0.367 -0.06476003 -0.06195601
0.3675 -0.06476311 -0.061956078
0.368 -0.06476615 -0.061956145
0.3685 -0.06476915 -0.06195622
0.369 -0.06477212 -0.0619563
0.3695 -0.06477504 -0.06195636
0.37 -0.06477793 -0.061956413
0.3705 -0.06478078 -0.06195648
0.371 -0.06478359 -0.061956517
0.3715 -0.06478637 -0.06195657
0.372 -0.06478911 -0.061956614
0.3725 -0.06479181 -0.06195666
0.373 -0.06479448 -0.06195671
0.3735 -0.06479712 -0.06195675
0.374 -0.06479972 -0.061956808
0.3745 -0.06480228 -0.061956868
0.375 -0.06480482 -0.061956905
0.3755 -0.06480732 -0.061956957
0.376 -0.06480979 -0.06195701
0.3765 -0.06481223 -0.06195706
0.377 -0.06481463 -0.061957106
0.3775 -0.06481701 -0.06195716
0.378 -0.06481935 -0.06195721
0.3785 -0.06482167 -0.061957277
0.379 -0.06482395 -0.061957292
0.3795 -0.0648262 -0.061957337
0.38 -0.06482843 -0.061957374
0.3805 -0.06483063 -0.061957426
0.381 -0.06483279 -0.06195745
0.3815 -0.06483493 -0.06195748
0.382 -0.06483705 -0.06195751
0.3825 -0.06483913 -0.06195753
0.383 -0.06484119 -0.061957546
0.3835 -0.06484322 -0.061957583
0.384 -0.06484523 -0.061957605
0.3845 -0.06484721 -0.061957628
0.385 -0.06484916 -0.061957642
0.3855 -0.06485109 -0.06195768
0.386 -0.064853 -0.061957717
0.3865 -0.06485488 -0.061957717
0.387 -0.06485673 -0.061957754
0.3875 -0.06485856 -0.06195777
0.388 -0.06486037 -0.06195779
0.3885 -0.06486216 -0.061957784
0.389 -0.06486392 -0.061957814
0.3895 -0.06486566 -0.061957814
0.39 -0.06486737 -0.06195785
0.3905 -0.06486907 -0.06195785
0.391 -0.06487074 -0.06195785
0.3915 -0.06487239 -0.061957873
0.392 -0.06487402 -0.061957873
0.3925 -0.06487563 -0.061957903
0.393 -0.06487722 -0.061957926
0.3935 -0.06487879 -0.06195794
0.394 -0.06488034 -0.061957963
0.3945 -0.06488186 -0.061957978
0.395 -0.06488337 -0.061957993
0.3955 -0.06488486 -0.061958008
0.396 -0.06488633 -0.061958022
0.3965 -0.06488778 -0.061958045
0.397 -0.06488921 -0.06195806
0.3975 -0.06489063 -0.061958082
0.398 -0.06489202 -0.061958075
0.3985 -0.0648934 -0.06195809
0.399 -0.06489476 -0.061958104
0.3995 -0.0648961 -0.06195812
0.4 -0.06489743 -0.06195814
0.4005 -0.06489874 -0.06195814
0.401 -0.06490003 -0.06195817
0.4015 -0.0649013 -0.06195817
0.402 -0.06490256 -0.061958186
0.4025 -0.0649038 -0.0619582
0.403 -0.06490503 -0.06195821
0.4035 -0.06490624 -0.061958224
0.404 -0.06490743 -0.06195824
0.4045 -0.06490861 -0.061958246
0.405 -0.06490978 -0.061958246
0.4055 -0.06491093 -0.06195826
0.406 -0.06491206 -0.061958276
0.4065 -0.06491318 -0.061958276
0.407 -0.06491429 -0.061958276
0.4075 -0.06491538 -0.061958298
0.408 -0.06491646 -0.061958313
0.4085 -0.06491752 -0.061958313
0.409 -0.06491857 -0.061958313
0.4095 -0.06491961 -0.061958335
0.41 -0.06492063 -0.06195835
0.4105 -0.06492164 -0.06195835
0.411 -0.06492264 -0.061958365
0.4115 -0.06492363 -0.06195838
0.412 -0.0649246 -0.06195838
0.4125 -0.06492556 -0.06195838
0.413 -0.06492651 -0.06195838
0.4135 -0.06492744 -0.06195838
0.414 -0.06492836 -0.06195838
0.4145 -0.06492928 -0.061958395
0.415 -0.06493018 -0.061958395
0.4155 -0.06493106 -0.06195841
0.416 -0.06493194 -0.06195841
0.4165 -0.06493281 -0.06195841
0.417 -0.06493366 -0.06195841
0.4175 -0.0649345 -0.06195841
0.418 -0.06493534 -0.061958425
0.4185 -0.06493616 -0.061958425
0.419 -0.06493697 -0.06195844
0.4195 -0.06493777 -0.06195844
0.42 -0.06493856 -0.06195844
0.4205 -0.06493935 -0.06195844
0.421 -0.06494012 -0.06195844
0.4215 -0.06494088 -0.06195844
0.422 -0.06494163 -0.061958455
0.4225 -0.06494237 -0.061958455
0.423 -0.0649431 -0.06195847
0.4235 -0.06494383 -0.06195847
0.424 -0.06494454 -0.06195847
0.4245 -0.06494524 -0.06195847
0.425 -0.06494594 -0.06195847
0.4255 -0.06494663 -0.061958484
0.426 -0.0649473 -0.061958484
0.4265 -0.06494797 -0.0619585
0.427 -0.06494863 -0.0619585
0.4275 -0.06494929 -0.0619585
0.428 -0.06494993 -0.0619585
0.4285 -0.06495057 -0.0619585
0.429 -0.06495119 -0.0619585
0.4295 -0.06495181 -0.061958514
0.43 -0.06495242 -0.061958507
0.4305 -0.06495303 -0.061958507
0.431 -0.06495362 -0.061958507
0.4315 -0.06495421 -0.0619585
0.432 -0.06495479 -0.06195849
0.4325 -0.06495537 -0.0619585
0.433 -0.06495593 -0.06195849
0.4335 -0.06495649 -0.06195849
0.434 -0.06495705 -0.06195849
0.4345 -0.06495759 -0.06195849
0.435 -0.06495813 -0.0619585
0.4355 -0.06495866 -0.0619585
0.436 -0.06495918 -0.0619585
0.4365 -0.0649597 -0.0619585
0.437 -0.06496021 -0.061958507
0.4375 -0.06496072 -0.061958507
0.438 -0.06496122 -0.061958507
0.4385 -0.06496171 -0.061958507
0.439 -0.06496219 -0.061958507
0.4395 -0.06496267 -0.061958507
0.44 -0.06496315 -0.061958514
0.4405 -0.06496361 -0.061958514
0.441 -0.06496407 -0.061958514
0.4415 -0.06496453 -0.06195852
0.442 -0.06496498 -0.06195852
0.4425 -0.06496542 -0.06195852
0.443 -0.06496586 -0.06195852
0.4435 -0.06496629 -0.06195852
0.444 -0.06496672 -0.06195852
0.4445 -0.06496714 -0.06195852
0.445 -0.06496756 -0.06195852
0.4455 -0.06496797 -0.06195852
0.446 -0.06496837 -0.06195852
0.4465 -0.06496878 -0.06195852
0.447 -0.06496917 -0.06195852
0.4475 -0.06496956 -0.06195852
0.448 -0.06496995 -0.06195852
0.4485 -0.06497033 -0.06195852
0.449 -0.0649707 -0.06195852
0.4495 -0.06497107 -0.06195852
0.45 -0.06497144 -0.06195852
0.4505 -0.0649718 -0.06195852
0.451 -0.06497216 -0.06195852
0.4515 -0.06497251 -0.06195852
0.452 -0.06497286 -0.06195852
0.4525 -0.0649732 -0.06195852
0.453 -0.06497354 -0.06195852
0.4535 -0.06497388 -0.06195852
0.454 -0.06497421 -0.06195852
0.4545 -0.06497453 -0.06195852
0.455 -0.06497486 -0.06195852
0.4555 -0.06497517 -0.06195852
0.456 -0.06497549 -0.06195852
0.4565 -0.0649758 -0.06195852
0.457 -0.0649761 -0.06195852
0.4575 -0.06497641 -0.06195852
0.458 -0.06497671 -0.06195852
0.4585 -0.064977 -0.06195852
0.459 -0.06497729 -0.06195852
0.4595 -0.06497758 -0.06195852
0.46 -0.06497786 -0.06195852
0.4605 -0.06497814 -0.06195852
0.461 -0.06497842 -0.06195852
0.4615 -0.06497869 -0.06195852
0.462 -0.06497896 -0.06195852
0.4625 -0.06497923 -0.06195852
0.463 -0.06497949 -0.06195852
0.4635 -0.06497975 -0.06195852
0.464 -0.06498 -0.06195852
0.4645 -0.06498026 -0.06195852
0.465 -0.06498051 -0.06195852
0.4655 -0.06498075 -0.06195852
0.466 -0.064981 -0.06195852
0.4665 -0.06498124 -0.06195852
0.467 -0.06498147 -0.06195852
0.4675 -0.06498171 -0.06195852
0.468 -0.06498194 -0.06195852
0.4685 -0.06498217 -0.06195852
0.469 -0.06498239 -0.06195852
0.4695 -0.06498261 -0.06195852
0.47 -0.06498283 -0.06195852
0.4705 -0.06498305 -0.06195852
0.471 -0.06498327 -0.06195852
0.4715 -0.06498348 -0.06195852
0.472 -0.06498369 -0.06195852
0.4725 -0.06498389 -0.06195852
0.473 -0.06498409 -0.06195852
0.4735 -0.0649843 -0.06195852
0.474 -0.06498449 -0.06195852
0.4745 -0.06498469 -0.06195852
0.475 -0.06498488 -0.06195852
0.4755 -0.06498507 -0.06195852
0.476 -0.06498526 -0.06195852
0.4765 -0.06498545 -0.06195852
0.477 -0.06498563 -0.06195852
0.4775 -0.06498581 -0.06195852
0.478 -0.06498599 -0.06195852
0.4785 -0.06498617 -0.06195852
0.479 -0.06498634 -0.06195852
0.4795 -0.06498652 -0.06195852
0.48 -0.06498669 -0.06195852
0.4805 -0.06498685 -0.06195852
0.481 -0.06498702 -0.06195852
0.4815 -0.06498718 -0.06195852
0.482 -0.06498735 -0.06195852
0.4825 -0.06498751 -0.06195852
0.483 -0.06498766 -0.06195852
0.4835 -0.06498782 -0.06195852
0.484 -0.06498797 -0.06195852
0.4845 -0.06498812 -0.06195852
0.485 -0.06498827 -0.06195852
0.4855 -0.06498842 -0.06195852
0.486 -0.06498857 -0.06195852
0.4865 -0.06498871 -0.06195852
0.487 -0.06498885 -0.06195852
0.4875 -0.064989 -0.06195852
0.488 -0.06498913 -0.06195852
0.4885 -0.06498927 -0.06195852
0.489 -0.06498941 -0.06195852
0.4895 -0.06498954 -0.06195852
0.49 -0.06498967 -0.06195852
0.4905 -0.0649898 -0.06195852
0.491 -0.06498993 -0.06195852
0.4915 -0.06499006 -0.06195852
0.492 -0.06499018 -0.06195852
0.4925 -0.06499031 -0.06195852
0.493 -0.06499043 -0.06195852
0.4935 -0.06499055 -0.06195852
0.494 -0.06499067 -0.06195852
0.4945 -0.06499079 -0.06195852
0.495 -0.0649909 -0.06195852
0.4955 -0.06499102 -0.06195852
0.496 -0.06499113 -0.06195852
0.4965 -0.06499124 -0.06195852
0.497 -0.06499135 -0.06195852
0.4975 -0.06499146 -0.06195852
0.498 -0.06499157 -0.06195852
0.4985 -0.06499168 -0.06195852
0.499 -0.06499178 -0.06195852
0.4995 -0.06499188 -0.06195852
