0.0 -0.065 -0.05548758
0.0005 -0.06344688 -0.055953324
0.001 -0.06030965 -0.05208126
0.0015 -0.05758122 -0.049355008
0.002 -0.05545241 -0.047867514
0.0025 -0.05369594 -0.046885192
0.003 -0.05212624 -0.045886755
0.0035 -0.05064129 -0.044658445
0.004 -0.04919189 -0.0431737
0.0045 -0.04775571 -0.041482583
0.005 -0.04632331 -0.039651543
0.0055 -0.0448953 -0.037738487
0.006 -0.0434704 -0.03578636
0.0065 -0.04204777 -0.033823773
0.007 -0.04062426 -0.031868443
0.0075 -0.03919725 -0.0299305
0.008 -0.03776877 -0.028015146
0.0085 -0.03634122 -0.026124738
0.009 -0.03491705 -0.02425994
0.0095 -0.03349669 -0.02242071
0.01 -0.03207652 -0.023261495
0.0105 -0.03220241 -0.029745024
0.011 -0.03389933 -0.028733067
0.0115 -0.03519047 -0.025730914
0.012 -0.03589138 -0.022974957
0.0125 -0.03622921 -0.02104307
0.013 -0.03638831 -0.019900177
0.0135 -0.0364699 -0.019361464
0.014 -0.03652285 -0.019248985
0.0145 -0.03656949 -0.019426674
0.015 -0.03661966 -0.019797655
0.0155 -0.03667756 -0.020294242
0.016 -0.03674479 -0.020869207
0.0165 -0.03682178 -0.021489598
0.017 -0.03690819 -0.022132587
0.0175 -0.0370037 -0.022782583
0.018 -0.03710803 -0.023429181
0.0185 -0.03722077 -0.024065766
0.019 -0.0373414 -0.024688363
0.0195 -0.03746939 -0.025294852
0.02 -0.0376042 -0.018528253
0.0205 -0.0361931 -0.017721795
0.021 -0.03320959 -0.012631994
0.0215 -0.03064857 -0.008481048
0.022 -0.02869687 -0.0070805624
0.0225 -0.02712271 -0.0074216984
0.023 -0.02574147 -0.008357499
0.0235 -0.02445213 -0.009195361
0.024 -0.0232023 -0.009649295
0.0245 -0.02196441 -0.00967104
0.025 -0.02072815 -0.009316532
0.0255 -0.01949354 -0.008670919
0.026 -0.01825818 -0.007815048
0.0265 -0.01701976 -0.006813932
0.027 -0.01577786 -0.005715484
0.0275 -0.01453363 -0.0045533124
0.028 -0.01328884 -0.0033501014
0.0285 -0.01204506 -0.0021208376
0.029 -0.01080348 -0.00087525323
0.0295 -0.009564944 0.00038020685
0.03 -0.008329995 0.0022292696
0.0305 -0.0086503 -0.0057514086
0.031 -0.01055521 -0.0058036447
0.0315 -0.01205652 -0.003615344
0.032 -0.01296516 -0.0015655104
0.0325 -0.01350825 -0.0003115181
0.033 -0.01387092 0.00015239976
0.0335 -0.01415495 1.1717901e-05
0.034 -0.01441042 -0.00054269657
0.0345 -0.01466081 -0.0013605971
0.035 -0.01491423 -0.0023344513
0.0355 -0.01517373 -0.0033907667
0.036 -0.01544073 -0.0044805445
0.0365 -0.01571583 -0.0055720396
0.037 -0.01599915 -0.0066453386
0.0375 -0.01629047 -0.0076886415
0.038 -0.01658938 -0.008695645
0.0385 -0.01689539 -0.009663541
0.039 -0.01720793 -0.010591876
0.0395 -0.01752645 -0.011481579
0.04 -0.0178504 -0.0064853206
0.0405 -0.01662721 -0.005522348
0.041 -0.01382689 -0.00020133331
0.0415 -0.01144423 0.0038318895
0.042 -0.00967126 0.005201474
0.0425 -0.008273642 0.004996013
0.043 -0.007062001 0.00430049
0.0435 -0.0059341 0.0037375987
0.044 -0.004845049 0.0035434924
0.0445 -0.003771562 0.0037399158
0.045 -0.002701145 0.0042611808
0.0455 -0.001628647 0.005021952
0.046 -0.0005529482 0.0059460066
0.0465 0.0005255654 0.0069745146
0.047 0.001606166 0.008065857
0.0475 0.002688107 0.009192303
0.048 0.003770666 0.010336287
0.0485 0.004853138 0.0114872195
0.049 0.005934985 0.012639042
0.0495 0.007015902 0.013788529
0.05 0.0080955 0.017911684
0.0505 0.007621193 0.009766519
0.051 0.005562859 0.009509899
0.0515 0.003910439 0.0113911
0.052 0.0028535 0.013053138
0.0525 0.002164652 0.013852745
0.053 0.001658413 0.0138219595
0.0535 0.001232774 0.013179522
0.054 0.0008384504 0.012145791
0.0545 0.0004529685 0.010890674
0.055 6.644082e-05 0.009530947
0.0555 -0.0003252822 0.008141398
0.056 -0.0007237505 0.006767243
0.0565 -0.00112933 0.0054338872
0.057 -0.001541844 0.00415409
0.0575 -0.001960869 0.0029328763
0.058 -0.002385876 0.0017706156
0.0585 -0.002816295 0.00066514313
0.059 -0.003251548 -0.0003869608
0.0595 -0.003691066 -0.0013895407
0.06 -0.0041343 -0.0023465455
0.0605 -0.00458072 -0.003261689
0.061 -0.005029819 -0.004138328
0.0615 -0.005481115 -0.0049794875
0.062 -0.005934148 -0.0057879053
0.0625 -0.006388479 -0.0065658987
0.063 -0.006843692 -0.0073156245
0.0635 -0.007299393 -0.008038927
0.064 -0.007755206 -0.008737493
0.0645 -0.008210774 -0.009412842
0.065 -0.008665761 -0.01006633
0.0655 -0.009119845 -0.010699192
0.066 -0.009572723 -0.011312572
0.0665 -0.01002411 -0.011907514
0.067 -0.01047373 -0.012484981
0.0675 -0.01092133 -0.013045883
0.068 -0.01136667 -0.013591047
0.0685 -0.01180951 -0.014121212
0.069 -0.01224965 -0.014637135
0.0695 -0.01268819 -0.015139479
0.07 -0.0131263 -0.015628848
0.0705 -0.0135608 -0.01610582
0.071 -0.01399069 -0.016570909
0.0715 -0.01441597 -0.017024653
0.072 -0.0148368 -0.017467495
0.0725 -0.01525331 -0.017899888
0.073 -0.01566555 -0.018322196
0.0735 -0.01607353 -0.018734809
0.074 -0.01647719 -0.019138075
0.0745 -0.01687648 -0.019532325
0.075 -0.01727132 -0.019917818
0.0755 -0.01766162 -0.020294866
0.076 -0.01804732 -0.020663721
0.0765 -0.01842834 -0.021024598
0.077 -0.01880461 -0.021377767
0.0775 -0.01917607 -0.0217234
0.078 -0.01954268 -0.022061687
0.0785 -0.0199044 -0.022392826
0.079 -0.02026115 -0.022716958
0.0795 -0.02061288 -0.023034275
0.08 -0.02095954 -0.023344904
0.0805 -0.02130112 -0.023648975
0.081 -0.02163758 -0.02394662
0.0815 -0.02196893 -0.024237966
0.082 -0.02229514 -0.02452311
0.0825 -0.02261621 -0.024802178
0.083 -0.02293213 -0.025075248
0.0835 -0.0232429 -0.025342446
0.084 -0.02354851 -0.025603827
0.0845 -0.02384897 -0.025859497
0.085 -0.02414428 -0.026109524
0.0855 -0.02443446 -0.026354
0.086 -0.0247195 -0.026592977
0.0865 -0.02499942 -0.026826538
0.087 -0.02527424 -0.027054757
0.0875 -0.02554397 -0.027277708
0.088 -0.02580863 -0.027495423
0.0885 -0.02606824 -0.027707972
0.089 -0.02632282 -0.027915424
0.0895 -0.02657241 -0.02811784
0.09 -0.02681702 -0.028315248
0.0905 -0.02705668 -0.028507732
0.091 -0.02729142 -0.02869533
0.0915 -0.02752128 -0.028878115
0.092 -0.02774458 -0.029056111
0.0925 -0.02795941 -0.029229376
0.093 -0.0281682 -0.029397972
0.0935 -0.02837298 -0.02956193
0.094 -0.02857444 -0.029721308
0.0945 -0.02877259 -0.02987615
0.095 -0.02896722 -0.030026505
0.0955 -0.02915807 -0.030172423
0.096 -0.02934491 -0.03031393
0.0965 -0.0295276 -0.030451102
0.097 -0.02970605 -0.030583965
0.0975 -0.0298802 -0.03071257
0.098 -0.03005003 -0.030836957
0.0985 -0.03021556 -0.030957157
0.099 -0.03037679 -0.031073254
0.0995 -0.03053376 -0.031185254
0.1 -0.0306865 -0.03457403
0.1005 -0.03079018 -0.03335785
0.101 -0.0307868 -0.030009598
0.1015 -0.03070048 -0.027200066
0.102 -0.03055179 -0.02522339
0.1025 -0.03035529 -0.023871727
0.103 -0.03012004 -0.022942297
0.1035 -0.02985137 -0.02230975
0.104 -0.02955239 -0.02189929
0.1045 -0.02922491 -0.021658197
0.105 -0.02886997 -0.021542214
0.1055 -0.02848811 -0.021511853
0.106 -0.02807992 -0.021531917
0.1065 -0.02764598 -0.021572262
0.107 -0.02718673 -0.021607935
0.1075 -0.0267025 -0.021618932
0.108 -0.02619359 -0.021589577
0.1085 -0.02566029 -0.021508113
0.109 -0.02510289 -0.021366045
0.1095 -0.02452168 -0.021157488
0.11 -0.02391695 -0.020878792
0.1105 -0.023289 -0.020527884
0.111 -0.02263812 -0.020104349
0.1115 -0.02196461 -0.019608602
0.112 -0.02126877 -0.019042134
0.1125 -0.02055088 -0.018406868
0.113 -0.01981124 -0.017705351
0.1135 -0.01905018 -0.0169404
0.114 -0.01827057 -0.01611501
0.1145 -0.0174723 -0.01523231
0.115 -0.0166529 -0.014295459
0.1155 -0.01581172 -0.013307601
0.116 -0.01494913 -0.0122718215
0.1165 -0.01406576 -0.01119104
0.117 -0.01316223 -0.010068223
0.1175 -0.01223913 -0.008905947
0.118 -0.01129692 -0.0077068657
0.1185 -0.01033596 -0.0064733773
0.119 -0.00935664 -0.0052077323
0.1195 -0.008359345 -0.003912002
0.12 -0.007344285 -0.0025881827
0.1205 -0.006311655 -0.0012380779
0.121 -0.005261976 0.00013668835
0.1215 -0.004200729 0.0015345216
0.122 -0.003126092 0.0029539764
0.1225 -0.002033365 0.0043937564
0.123 -0.0009213454 0.0058526546
0.1235 0.0002087792 0.0073295385
0.124 0.001350659 0.008823305
0.1245 0.002506618 0.010333151
0.125 0.003680483 0.011858001
0.1255 0.00487286 0.013397202
0.126 0.006078574 0.014949888
0.1265 0.007296815 0.016515404
0.127 0.008532738 0.018093064
0.1275 0.009785918 0.019682303
0.128 0.01104754 0.021282524
0.1285 0.01232039 0.022893205
0.129 0.01360996 0.02451381
0.1295 0.01491714 0.026143953
0.13 0.01624085 0.027783081
0.1305 0.01757891 0.029430836
0.131 0.01892914 0.031086862
0.1315 0.02028354 0.03275074
0.132 0.02164348 0.03442216
0.1325 0.02301755 0.03610079
0.133 0.02440845 0.03778623
0.1335 0.02581562 0.039478302
0.134 0.02723761 0.041176632
0.1345 0.02867303 0.042880952
0.135 0.03011477 0.04459104
0.1355 0.03156091 0.04630655
0.136 0.0330196 0.04802738
0.1365 0.03449365 0.049753204
0.137 0.03598241 0.05148381
0.1375 0.03748433 0.05321899
0.138 0.03899802 0.054958597
0.1385 0.04052248 0.05670236
0.139 0.04205703 0.058450043
0.1395 0.04360127 0.0602016
0.14 0.04515493 0.06195666
0.1405 0.04671782 0.06371522
0.141 0.0482898 0.06547701
0.1415 0.04987065 0.06724195
0.142 0.05146017 0.069009826
0.1425 0.05305829 0.07078044
0.143 0.05466488 0.072553754
0.1435 0.05627833 0.07432957
0.144 0.05789906 0.076107666
0.1445 0.05952146 0.077888064
0.145 0.06112856 0.07967052
0.1455 0.0627422 0.08145492
0.146 0.06437451 0.083241135
0.1465 0.06602622 0.08502906
0.147 0.06769431 0.08681859
0.1475 0.06937545 0.08860963
0.148 0.07106708 0.090402015
0.1485 0.07276744 0.092195675
0.149 0.07447543 0.093990475
0.1495 0.07619025 0.09578636
0.15 0.07791137 0.08830258
0.1505 0.07952767 0.09486918
0.151 0.08086742 0.10023974
0.1515 0.08201645 0.10401918
0.152 0.08304991 0.10649425
0.1525 0.08400535 0.10800815
0.153 0.08489964 0.108852774
0.1535 0.08574033 0.109246925
0.154 0.08653096 0.10934496
0.1545 0.08727347 0.1092526
0.155 0.08796898 0.10904139
0.1555 0.08861838 0.10875976
0.156 0.08922251 0.10844074
0.1565 0.08978212 0.10810715
0.157 0.09029785 0.1077746
0.1575 0.09077025 0.10745381
0.158 0.09119998 0.107151896
0.1585 0.0915877 0.10687308
0.159 0.09193404 0.10661942
0.1595 0.0922396 0.10639131
0.16 0.09250496 0.10618769
0.1605 0.09273068 0.10600652
0.161 0.09291731 0.105844945
0.1615 0.09306541 0.105699554
0.162 0.09317551 0.105566636
0.1625 0.09324817 0.105442286
0.163 0.09328391 0.10532257
0.1635 0.09328328 0.10520363
0.164 0.09324681 0.10508175
0.1645 0.09317504 0.10495344
0.165 0.09306849 0.10481553
0.1655 0.09292768 0.104665026
0.166 0.09275313 0.10449925
0.1665 0.09254536 0.10431586
0.167 0.09230487 0.104112685
0.1675 0.09203217 0.10388784
0.168 0.09172774 0.10363972
0.1685 0.09139208 0.10336685
0.169 0.09102568 0.103068024
0.1695 0.09062901 0.10274209
0.17 0.09020255 0.10238816
0.1705 0.08974678 0.10200536
0.171 0.08926214 0.10159308
0.1715 0.08874911 0.10115069
0.172 0.08820814 0.10067773
0.1725 0.08763967 0.1001738
0.173 0.08704414 0.09963857
0.1735 0.086422 0.09907183
0.174 0.08577367 0.098473355
0.1745 0.08509959 0.09784311
0.175 0.08440016 0.09718096
0.1755 0.08367581 0.096487
0.176 0.08292694 0.09576127
0.1765 0.08215396 0.09500386
0.177 0.08135727 0.09421496
0.1775 0.08053726 0.09339479
0.178 0.07969431 0.0925436
0.1785 0.07882881 0.0916617
0.179 0.07794113 0.09074938
0.1795 0.07703165 0.08980706
0.18 0.07610073 0.08883512
0.1805 0.07514874 0.087833956
0.181 0.07417602 0.086804
0.1815 0.07318292 0.08574572
0.182 0.0721698 0.0846596
0.1825 0.07113699 0.08354608
0.183 0.07008482 0.08240566
0.1835 0.06901363 0.0812388
0.184 0.06792374 0.08004603
0.1845 0.06681547 0.07882774
0.185 0.06568913 0.07758444
0.1855 0.06454503 0.07631655
0.186 0.06338349 0.07502451
0.1865 0.06220479 0.0737087
0.187 0.06100923 0.072369516
0.1875 0.0597971 0.07100731
0.188 0.0585687 0.06962242
0.1885 0.0573243 0.06821515
0.189 0.05606417 0.066785745
0.1895 0.0547886 0.06533454
0.19 0.05349784 0.063861676
0.1905 0.05219217 0.06236741
0.191 0.05087183 0.06085191
0.1915 0.0495371 0.059315324
0.192 0.04818821 0.057757825
0.1925 0.04682541 0.05617953
0.193 0.04544896 0.05458057
0.1935 0.04405907 0.05296108
0.194 0.042656 0.05132117
0.1945 0.04123997 0.04966104
0.195 0.03981121 0.047980793
0.1955 0.03836993 0.046280667
0.196 0.03691637 0.04456085
0.1965 0.03545074 0.04282163
0.197 0.03397324 0.04106336
0.1975 0.03248408 0.039286382
0.198 0.03098348 0.03749118
0.1985 0.02947163 0.035678327
0.199 0.02794873 0.033848472
0.1995 0.02641497 0.03200242
0.2 0.02487055 0.030141078
0.2005 0.02336285 0.02869881
0.201 0.02197551 0.027444098
0.2015 0.02067506 0.026275989
0.202 0.01942507 0.025147915
0.2025 0.01820656 0.024038218
0.203 0.01701089 0.022936922
0.2035 0.01583418 0.021839894
0.204 0.01467464 0.020745825
0.2045 0.01353139 0.019654665
0.205 0.01240392 0.018566955
0.2055 0.0112919 0.01748345
0.206 0.01019509 0.01640495
0.2065 0.009113292 0.015332248
0.207 0.008046314 0.014265977
0.2075 0.006993984 0.013206836
0.208 0.005956137 0.012155294
0.2085 0.004932606 0.011111919
0.209 0.003923232 0.010077156
0.2095 0.002927855 0.00905145
0.21 0.001946314 0.008035127
0.2105 0.0009784524 0.0070285797
0.211 2.411252e-05 0.0060321055
0.2115 -0.0009168626 0.005046021
0.212 -0.001844629 0.0040705875
0.2125 -0.002759343 0.0031060353
0.213 -0.00366116 0.0021526255
0.2135 -0.004550233 0.001210548
0.214 -0.005426717 0.00027995184
0.2145 -0.006290765 -0.00063899904
0.215 -0.007142529 -0.0015461929
0.2155 -0.007982162 -0.0024415161
0.216 -0.008809814 -0.0033249184
0.2165 -0.009625635 -0.0041963644
0.217 -0.01042977 -0.0050558187
0.2175 -0.01122238 -0.0059033
0.218 -0.0120036 -0.006738879
0.2185 -0.01277358 -0.007562604
0.219 -0.01353247 -0.008374561
0.2195 -0.01428041 -0.009174842
0.22 -0.01501754 -0.009963639
0.2205 -0.015744 -0.010741074
0.221 -0.01645994 -0.011507317
0.2215 -0.0171655 -0.012262564
0.222 -0.01786082 -0.013007019
0.2225 -0.01854602 -0.013740912
0.223 -0.01922125 -0.014464458
0.2235 -0.01988665 -0.015177883
0.224 -0.02054235 -0.01588143
0.2245 -0.02118847 -0.01657534
0.225 -0.02182515 -0.017259873
0.2255 -0.02245253 -0.017935246
0.226 -0.02307072 -0.018601723
0.2265 -0.02367986 -0.019259539
0.227 -0.02428007 -0.019908931
0.2275 -0.02487148 -0.020550124
0.228 -0.02545421 -0.02118334
0.2285 -0.02602838 -0.02180879
0.229 -0.02659412 -0.022426702
0.2295 -0.02715153 -0.023037257
0.23 -0.02770075 -0.023640653
0.2305 -0.02824188 -0.024237059
0.231 -0.02877504 -0.024826651
0.2315 -0.02930034 -0.025409581
0.232 -0.02981791 -0.02598601
0.2325 -0.03032784 -0.02655608
0.233 -0.03083025 -0.027119892
0.2335 -0.03132525 -0.02767759
0.234 -0.03181294 -0.028229285
0.2345 -0.03229343 -0.02877507
0.235 -0.03276682 -0.02931503
0.2355 -0.03323322 -0.029849276
0.236 -0.03369273 -0.030377867
0.2365 -0.03414545 -0.030900871
0.237 -0.03459147 -0.03141837
0.2375 -0.03503091 -0.031930402
0.238 -0.03546384 -0.032437034
0.2385 -0.03589038 -0.032938305
0.239 -0.0363106 -0.033434257
0.2395 -0.03672462 -0.033924937
0.24 -0.03713251 -0.034410372
0.2405 -0.03753436 -0.034890592
0.241 -0.03793027 -0.035365622
0.2415 -0.03832033 -0.035835482
0.242 -0.03870462 -0.036300212
0.2425 -0.03908322 -0.0367598
0.243 -0.03945623 -0.03721428
0.2435 -0.03982372 -0.03766367
0.244 -0.04018577 -0.038107954
0.2445 -0.04054248 -0.03854718
0.245 -0.04089391 -0.03898132
0.2455 -0.04124014 -0.039410412
0.246 -0.04158126 -0.039834443
0.2465 -0.04191733 -0.04025343
0.247 -0.04224845 -0.040667355
0.2475 -0.04257467 -0.041076235
0.248 -0.04289607 -0.041480083
0.2485 -0.04321272 -0.04187887
0.249 -0.04352471 -0.042272635
0.2495 -0.04383208 -0.04266134
0.25 -0.04413492 -0.04304502
0.2505 -0.0444333 -0.04342366
0.251 -0.04472727 -0.043797255
0.2515 -0.04501691 -0.04416581
0.252 -0.04530228 -0.044529334
0.2525 -0.04558344 -0.04488782
0.253 -0.04586047 -0.04524127
0.2535 -0.04613341 -0.0455897
0.254 -0.04640233 -0.045933098
0.2545 -0.0466673 -0.046271477
0.255 -0.04692837 -0.046604834
0.2555 -0.0471856 -0.046933196
0.256 -0.04743904 -0.04725655
0.2565 -0.04768876 -0.047574915
0.257 -0.04793482 -0.04788831
0.2575 -0.04817726 -0.048196733
0.258 -0.04841614 -0.04850021
0.2585 -0.04865151 -0.04879876
0.259 -0.04888343 -0.049092382
0.2595 -0.04911195 -0.049381115
0.26 -0.04933712 -0.04966498
0.2605 -0.049559 -0.04994399
0.261 -0.04977762 -0.050218187
0.2615 -0.04999304 -0.050487574
0.262 -0.05020531 -0.050752208
0.2625 -0.05041448 -0.0510121
0.263 -0.05062059 -0.051267296
0.2635 -0.05082368 -0.05151782
0.264 -0.05102381 -0.05176372
0.2645 -0.05122102 -0.05200503
0.265 -0.05141535 -0.052241784
0.2655 -0.05160684 -0.052474037
0.266 -0.05179554 -0.052701816
0.2665 -0.0519815 -0.052925184
0.267 -0.05216474 -0.05314417
0.2675 -0.05234532 -0.053358838
0.268 -0.05252326 -0.053569227
0.2685 -0.05269862 -0.053775385
0.269 -0.05287143 -0.05397737
0.2695 -0.05304173 -0.05417523
0.27 -0.05320956 -0.05436902
0.2705 -0.05337495 -0.0545588
0.271 -0.05353794 -0.054744612
0.2715 -0.05369856 -0.054926522
0.272 -0.05385686 -0.055104576
0.2725 -0.05401287 -0.055278834
0.273 -0.05416661 -0.055449363
0.2735 -0.05431813 -0.05561621
0.274 -0.05446746 -0.055779435
0.2745 -0.05461463 -0.055939093
0.275 -0.05475967 -0.056095254
0.2755 -0.05490262 -0.056247953
0.276 -0.0550435 -0.05639727
0.2765 -0.05518235 -0.05654326
0.277 -0.0553192 -0.05668597
0.2775 -0.05545408 -0.056825466
0.278 -0.05558701 -0.056961805
0.2785 -0.05571803 -0.05709504
0.279 -0.05584716 -0.057225227
0.2795 -0.05597444 -0.057352427
0.28 -0.05609989 -0.057476692
0.2805 -0.05622353 -0.057598084
0.281 -0.0563454 -0.05771666
0.2815 -0.05646552 -0.057832472
0.282 -0.05658392 -0.057945568
0.2825 -0.05670062 -0.058056008
0.283 -0.05681565 -0.058163844
0.2835 -0.05692903 -0.05826912
0.284 -0.05704078 -0.058371905
0.2845 -0.05715094 -0.05847224
0.285 -0.05725952 -0.058570173
0.2855 -0.05736656 -0.058665767
0.286 -0.05747206 -0.058759056
0.2865 -0.05757605 -0.058850095
0.287 -0.05767857 -0.05893894
0.2875 -0.05777962 -0.059025623
0.288 -0.05787923 -0.0591102
0.2885 -0.05797742 -0.059192717
0.289 -0.05807421 -0.059273206
0.2895 -0.05816963 -0.059351735
0.29 -0.05826369 -0.059428323
0.2905 -0.05835641 -0.059503037
0.291 -0.05844782 -0.0595759
0.2915 -0.05853792 -0.059646968
0.292 -0.05862675 -0.059716273
0.2925 -0.05871432 -0.059783854
0.293 -0.05880065 -0.059849758
0.2935 -0.05888575 -0.059914008
0.294 -0.05896965 -0.05997666
0.2945 -0.05905236 -0.060037743
0.295 -0.0591339 -0.06009729
0.2955 -0.05921429 -0.060155343
0.296 -0.05929354 -0.06021193
0.2965 -0.05937167 -0.0602671
0.297 -0.0594487 -0.06032087
0.2975 -0.05952464 -0.060373276
0.298 -0.05959951 -0.060424358
0.2985 -0.05967333 -0.06047414
0.299 -0.05974611 -0.060522653
0.2995 -0.05981786 -0.060569942
0.3 -0.0598886 -0.060616024
0.3005 -0.05995835 -0.060660925
0.301 -0.06002711 -0.06070467
0.3015 -0.06009491 -0.060747307
0.302 -0.06016176 -0.060788844
0.3025 -0.06022767 -0.06082932
0.303 -0.06029266 -0.060868748
0.3035 -0.06035673 -0.060907174
0.304 -0.06041991 -0.06094461
0.3045 -0.0604822 -0.06098107
0.305 -0.06054362 -0.061016586
0.3055 -0.06060418 -0.061051194
0.306 -0.06066389 -0.061084893
0.3065 -0.06072277 -0.06111774
0.307 -0.06078082 -0.06114972
0.3075 -0.06083807 -0.061180867
0.308 -0.06089451 -0.061211213
0.3085 -0.06095017 -0.061240777
0.309 -0.06100505 -0.061269563
0.3095 -0.06105917 -0.061297603
0.31 -0.06111253 -0.061324902
0.3105 -0.06116515 -0.0613515
0.311 -0.06121704 -0.06137739
0.3115 -0.06126821 -0.06140261
0.312 -0.06131866 -0.06142717
0.3125 -0.06136842 -0.0614511
0.313 -0.06141748 -0.061474383
0.3135 -0.06146586 -0.06149707
0.314 -0.06151357 -0.061519153
0.3145 -0.06156062 -0.06154066
0.315 -0.06160702 -0.0615616
0.3155 -0.06165277 -0.06158199
0.316 -0.06169789 -0.06160185
0.3165 -0.06174239 -0.06162118
0.317 -0.06178627 -0.061640006
0.3175 -0.06182954 -0.061658334
0.318 -0.06187221 -0.06167618
0.3185 -0.0619143 -0.061693553
0.319 -0.0619558 -0.06171047
0.3195 -0.06199673 -0.061726935
0.32 -0.0620371 -0.06174297
0.3205 -0.06207691 -0.061758578
0.321 -0.06211617 -0.061773777
0.3215 -0.06215489 -0.061788563
0.322 -0.06219308 -0.06180297
0.3225 -0.06223074 -0.06181699
0.323 -0.06226788 -0.061830644
0.3235 -0.06230451 -0.06184393
0.324 -0.06234064 -0.061856866
0.3245 -0.06237627 -0.061869457
0.325 -0.06241142 -0.061881714
0.3255 -0.06244608 -0.061893646
0.326 -0.06248026 -0.061905265
0.3265 -0.06251398 -0.061916575
0.327 -0.06254723 -0.061927572
0.3275 -0.06258003 -0.06193829
0.328 -0.06261238 -0.06194872
0.3285 -0.06264428 -0.06195887
0.329 -0.06267575 -0.06196876
0.3295 -0.06270679 -0.061978374
0.33 -0.0627374 -0.06198773
0.3305 -0.0627676 -0.061996847
0.331 -0.06279738 -0.06200572
0.3315 -0.06282676 -0.062014353
0.332 -0.06285573 -0.062022753
0.3325 -0.06288431 -0.062030934
0.333 -0.0629125 -0.062038895
0.3335 -0.06294031 -0.062046647
0.334 -0.06296774 -0.062054187
0.3345 -0.06299479 -0.062061533
0.335 -0.06302147 -0.06206868
0.3355 -0.0630478 -0.062075637
0.336 -0.06307376 -0.062082402
0.3365 -0.06309937 -0.06208899
0.337 -0.06312463 -0.0620954
0.3375 -0.06314955 -0.06210164
0.338 -0.06317413 -0.06210772
0.3385 -0.06319838 -0.062113628
0.339 -0.06322229 -0.062119383
0.3395 -0.06324589 -0.062124975
0.34 -0.06326916 -0.062130425
0.3405 -0.06329212 -0.062135734
0.341 -0.06331476 -0.062140897
0.3415 -0.0633371 -0.06214592
0.342 -0.06335914 -0.062150817
0.3425 -0.06338088 -0.062155563
0.343 -0.06340232 -0.062160198
0.3435 -0.06342348 -0.06216471
0.344 -0.06344435 -0.062169097
0.3445 -0.06346493 -0.062173363
0.345 -0.06348524 -0.062177517
0.3455 -0.06350528 -0.062181555
0.346 -0.06352504 -0.062185496
0.3465 -0.06354454 -0.062189326
0.347 -0.06356377 -0.062193044
0.3475 -0.06358275 -0.062196672
0.348 -0.06360146 -0.062200207
0.3485 -0.06361993 -0.062203635
0.349 -0.06363815 -0.062206984
0.3495 -0.06365612 -0.06221024
0.35 -0.06367385 -0.062213402
0.3505 -0.06369134 -0.062216483
0.351 -0.0637086 -0.062219486
0.3515 -0.06372563 -0.0622224
0.352 -0.06374242 -0.062225237
0.3525 -0.06375899 -0.062228
0.353 -0.06377534 -0.06223069
0.3535 -0.06379147 -0.062233314
0.354 -0.06380738 -0.062235862
0.3545 -0.06382308 -0.062238336
0.355 -0.06383856 -0.06224075
0.3555 -0.06385384 -0.0622431
0.356 -0.06386892 -0.062245376
0.3565 -0.06388379 -0.062247604
0.357 -0.06389847 -0.06224977
0.3575 -0.06391294 -0.062251873
0.358 -0.06392723 -0.06225392
0.3585 -0.06394132 -0.06225592
0.359 -0.06395522 -0.062257852
0.3595 -0.06396894 -0.062259745
0.36 -0.06398248 -0.06226158
0.3605 -0.06399583 -0.062263362
0.361 -0.06400901 -0.062265106
0.3615 -0.06402201 -0.062266797
0.362 -0.06403483 -0.062268447
0.3625 -0.06404749 -0.062270053
0.363 -0.06405997 -0.062271617
0.3635 -0.06407229 -0.06227313
0.364 -0.06408445 -0.062274605
0.3645 -0.06409644 -0.062276047
0.365 -0.06410827 -0.062277447
0.3655 -0.06411995 -0.062278807
0.366 -0.06413147 -0.062280133
0.3665 -0.06414283 -0.062281426
0.367 -0.06415405 -0.062282678
0.3675 -0.06416512 -0.0622839
0.368 -0.06417604 -0.062285088
0.3685 -0.06418681 -0.062286243
0.369 -0.06419744 -0.06228737
0.3695 -0.06420793 -0.06228847
0.37 -0.06421828 -0.06228953
0.3705 -0.06422849 -0.062290564
0.371 -0.06423857 -0.062291577
0.3715 -0.06424851 -0.06229256
0.372 -0.06425832 -0.06229351
0.3725 -0.064268 -0.062294446
0.373 -0.06427756 -0.062295347
0.3735 -0.06428698 -0.062296223
0.374 -0.06429628 -0.062297083
0.3745 -0.06430546 -0.06229791
0.375 -0.06431452 -0.06229873
0.3755 -0.06432345 -0.062299512
0.376 -0.06433227 -0.062300287
0.3765 -0.06434097 -0.06230104
0.377 -0.06434956 -0.062301762
0.3775 -0.06435803 -0.062302463
0.378 -0.06436639 -0.062303163
0.3785 -0.06437464 -0.062303826
0.379 -0.06438278 -0.06230449
0.3795 -0.06439082 -0.06230512
0.38 -0.06439874 -0.062305737
0.3805 -0.06440657 -0.062306333
0.381 -0.06441429 -0.06230692
0.3815 -0.0644219 -0.06230749
0.382 -0.06442942 -0.062308043
0.3825 -0.06443684 -0.062308576
0.383 -0.06444416 -0.0623091
0.3835 -0.06445138 -0.062309615
0.384 -0.06445851 -0.06231011
0.3845 -0.06446554 -0.062310595
0.385 -0.06447249 -0.06231106
0.3855 -0.06447934 -0.06231152
0.386 -0.0644861 -0.06231197
0.3865 -0.06449277 -0.0623124
0.387 -0.06449935 -0.06231282
0.3875 -0.06450585 -0.06231323
0.388 -0.06451226 -0.06231363
0.3885 -0.06451858 -0.06231402
0.389 -0.06452483 -0.0623144
0.3895 -0.06453099 -0.06231476
0.39 -0.06453707 -0.06231512
0.3905 -0.06454307 -0.062315468
0.391 -0.06454899 -0.062315814
0.3915 -0.06455484 -0.062316146
0.392 -0.0645606 -0.062316462
0.3925 -0.06456629 -0.062316775
0.393 -0.06457191 -0.062317077
0.3935 -0.06457745 -0.06231738
0.394 -0.06458292 -0.06231767
0.3945 -0.06458832 -0.06231795
0.395 -0.06459365 -0.06231822
0.3955 -0.06459891 -0.06231848
0.396 -0.0646041 -0.062318742
0.3965 -0.06460922 -0.06231899
0.397 -0.06461427 -0.062319234
0.3975 -0.06461926 -0.062319472
0.398 -0.06462418 -0.062319707
0.3985 -0.06462904 -0.062319934
0.399 -0.06463384 -0.062320158
0.3995 -0.06463857 -0.06232037
0.4 -0.06464324 -0.062320575
0.4005 -0.06464785 -0.06232077
0.401 -0.0646524 -0.06232097
0.4015 -0.06465689 -0.062321156
0.402 -0.06466132 -0.06232135
0.4025 -0.06466569 -0.06232153
0.403 -0.06467 -0.062321704
0.4035 -0.06467426 -0.06232187
0.404 -0.06467847 -0.062322043
0.4045 -0.06468261 -0.062322207
0.405 -0.06468671 -0.062322363
0.4055 -0.06469075 -0.062322512
0.406 -0.06469474 -0.06232266
0.4065 -0.06469867 -0.06232281
0.407 -0.06470256 -0.062322948
0.4075 -0.06470639 -0.06232309
0.408 -0.06471018 -0.062323228
0.4085 -0.06471391 -0.062323354
0.409 -0.0647176 -0.06232348
0.4095 -0.06472124 -0.062323608
0.41 -0.06472483 -0.062323723
0.4105 -0.06472837 -0.062323846
0.411 -0.06473187 -0.06232396
0.4115 -0.06473532 -0.062324073
0.412 -0.06473873 -0.06232418
0.4125 -0.06474209 -0.062324286
0.413 -0.06474541 -0.062324386
0.4135 -0.06474869 -0.062324487
0.414 -0.06475192 -0.06232458
0.4145 -0.06475511 -0.062324673
0.415 -0.06475826 -0.062324766
0.4155 -0.06476137 -0.06232486
0.416 -0.06476444 -0.062324937
0.4165 -0.06476747 -0.062325027
0.417 -0.06477046 -0.06232511
0.4175 -0.06477341 -0.06232518
0.418 -0.06477632 -0.062325265
0.4185 -0.0647792 -0.062325336
0.419 -0.06478203 -0.06232541
0.4195 -0.06478483 -0.06232548
0.42 -0.0647876 -0.062325552
0.4205 -0.06479033 -0.06232562
0.421 -0.06479302 -0.062325682
0.4215 -0.06479568 -0.062325753
0.422 -0.0647983 -0.062325813
0.4225 -0.06480089 -0.06232588
0.423 -0.06480344 -0.062325936
0.4235 -0.06480597 -0.06232599
0.424 -0.06480846 -0.06232605
0.4245 -0.06481091 -0.062326103
0.425 -0.06481334 -0.06232616
0.4255 -0.06481573 -0.062326208
0.426 -0.0648181 -0.062326256
0.4265 -0.06482043 -0.06232631
0.427 -0.06482273 -0.062326353
0.4275 -0.06482501 -0.0623264
0.428 -0.06482725 -0.06232645
0.4285 -0.06482946 -0.06232649
0.429 -0.06483165 -0.06232653
0.4295 -0.06483381 -0.062326573
0.43 -0.06483594 -0.062326618
0.4305 -0.06483804 -0.06232666
0.431 -0.06484011 -0.062326692
0.4315 -0.06484216 -0.06232673
0.432 -0.06484418 -0.062326763
0.4325 -0.06484618 -0.062326796
0.433 -0.06484815 -0.062326834
0.4335 -0.06485009 -0.062326863
0.434 -0.06485201 -0.0623269
0.4345 -0.0648539 -0.06232693
0.435 -0.06485577 -0.062326964
0.4355 -0.06485762 -0.062326994
0.436 -0.06485944 -0.06232702
0.4365 -0.06486124 -0.062327053
0.437 -0.06486301 -0.06232708
0.4375 -0.06486477 -0.06232711
0.438 -0.0648665 -0.06232713
0.4385 -0.0648682 -0.06232716
0.439 -0.06486989 -0.062327184
0.4395 -0.06487155 -0.062327206
0.44 -0.06487319 -0.06232722
0.4405 -0.06487482 -0.062327255
0.441 -0.06487642 -0.062327277
0.4415 -0.064878 -0.06232729
0.442 -0.06487955 -0.062327318
0.4425 -0.06488109 -0.06232733
0.443 -0.06488261 -0.06232735
0.4435 -0.06488411 -0.06232737
0.444 -0.06488559 -0.062327385
0.4445 -0.06488705 -0.06232741
0.445 -0.0648885 -0.062327422
0.4455 -0.06488992 -0.06232745
0.446 -0.06489133 -0.062327463
0.4465 -0.06489271 -0.06232748
0.447 -0.06489408 -0.062327497
0.4475 -0.06489543 -0.06232751
0.448 -0.06489677 -0.062327527
0.4485 -0.06489809 -0.06232754
0.449 -0.06489939 -0.062327556
0.4495 -0.06490067 -0.062327567
0.45 -0.06490194 -0.062327586
0.4505 -0.06490319 -0.062327597
0.451 -0.06490442 -0.062327612
0.4515 -0.06490564 -0.06232762
0.452 -0.06490685 -0.062327623
0.4525 -0.06490803 -0.06232764
0.453 -0.06490921 -0.062327653
0.4535 -0.06491036 -0.06232766
0.454 -0.06491151 -0.062327676
0.4545 -0.06491263 -0.062327687
0.455 -0.06491375 -0.062327705
0.4555 -0.06491485 -0.06232771
0.456 -0.06491593 -0.06232772
0.4565 -0.064917 -0.062327728
0.457 -0.06491806 -0.062327735
0.4575 -0.0649191 -0.06232774
0.458 -0.06492013 -0.06232775
0.4585 -0.06492115 -0.062327757
0.459 -0.06492216 -0.062327765
0.4595 -0.06492315 -0.06232778
0.46 -0.06492413 -0.062327787
0.4605 -0.06492509 -0.062327795
0.461 -0.06492605 -0.062327802
0.4615 -0.06492699 -0.06232781
0.462 -0.06492792 -0.062327817
0.4625 -0.06492883 -0.062327825
0.463 -0.06492974 -0.06232783
0.4635 -0.06493063 -0.06232784
0.464 -0.06493152 -0.06232784
0.4645 -0.06493239 -0.062327847
0.465 -0.06493325 -0.062327854
0.4655 -0.0649341 -0.06232786
0.466 -0.06493494 -0.062327866
0.4665 -0.06493576 -0.06232787
0.467 -0.06493658 -0.062327877
0.4675 -0.06493739 -0.062327884
0.468 -0.06493818 -0.06232789
0.4685 -0.06493897 -0.06232789
0.469 -0.06493974 -0.0623279
0.4695 -0.06494051 -0.0623279
0.47 -0.06494127 -0.0623279
0.4705 -0.06494201 -0.062327903
0.471 -0.06494275 -0.06232791
0.4715 -0.06494348 -0.06232792
0.472 -0.0649442 -0.062327925
0.4725 -0.06494491 -0.062327925
0.473 -0.06494561 -0.06232793
0.4735 -0.0649463 -0.062327933
0.474 -0.06494698 -0.062327936
0.4745 -0.06494765 -0.062327936
0.475 -0.06494832 -0.062327947
0.4755 -0.06494897 -0.062327944
0.476 -0.06494962 -0.06232795
0.4765 -0.06495026 -0.06232796
0.477 -0.06495089 -0.062327962
0.4775 -0.06495152 -0.062327966
0.478 -0.06495213 -0.062327966
0.4785 -0.06495274 -0.06232797
0.479 -0.06495334 -0.062327966
0.4795 -0.06495393 -0.062327966
0.48 -0.06495452 -0.062327974
0.4805 -0.06495509 -0.062327974
0.481 -0.06495566 -0.062327974
0.4815 -0.06495623 -0.06232798
0.482 -0.06495678 -0.06232798
0.4825 -0.06495733 -0.06232798
0.483 -0.06495787 -0.06232798
0.4835 -0.06495841 -0.06232798
0.484 -0.06495893 -0.06232798
0.4845 -0.06495945 -0.062327985
0.485 -0.06495997 -0.06232799
0.4855 -0.06496048 -0.062327992
0.486 -0.06496098 -0.062327992
0.4865 -0.06496147 -0.062327992
0.487 -0.06496196 -0.062327996
0.4875 -0.06496244 -0.062327996
0.488 -0.06496292 -0.062327996
0.4885 -0.06496339 -0.062327996
0.489 -0.06496385 -0.062328
0.4895 -0.06496431 -0.062328
0.49 -0.06496476 -0.062328
0.4905 -0.06496521 -0.06232801
0.491 -0.06496565 -0.06232801
0.4915 -0.06496609 -0.06232802
0.492 -0.06496652 -0.06232801
0.4925 -0.06496694 -0.06232802
0.493 -0.06496736 -0.062328022
0.4935 -0.06496777 -0.062328026
0.494 -0.06496818 -0.062328026
0.4945 -0.06496858 -0.062328026
0.495 -0.06496898 -0.062328026
0.4955 -0.06496937 -0.06232803
0.496 -0.06496976 -0.062328033
0.4965 -0.06497014 -0.06232803
0.497 -0.06497052 -0.062328033
0.4975 -0.0649709 -0.062328033
0.498 -0.06497126 -0.062328033
0.4985 -0.06497163 -0.062328033
0.499 -0.06497199 -0.06232804
0.4995 -0.06497234 -0.06232804
