0.0 -0.065 -0.04799805
0.0005 -0.06499992 -0.050480474
0.001 -0.06499933 -0.052595202
0.0015 -0.06499795 -0.0544148
0.002 -0.06499573 -0.055994034
0.0025 -0.06499264 -0.057375
0.003 -0.06498865 -0.05859062
0.0035 -0.06498373 -0.059667006
0.004 -0.06497784 -0.0606251
0.0045 -0.06497091 -0.061481915
0.005 -0.0649629 -0.06225136
0.0055 -0.06495376 -0.06294492
0.006 -0.06494342 -0.06357215
0.0065 -0.06493185 -0.064141065
0.007 -0.06491898 -0.06465836
0.0075 -0.06490477 -0.06512976
0.008 -0.06488916 -0.06556007
0.0085 -0.06487211 -0.06595344
0.009 -0.06485211 -0.06631339
0.0095 -0.06482499 -0.06664296
0.01 -0.06479652 -0.06694476
0.0105 -0.06476903 -0.06722103
0.011 -0.06474225 -0.067473754
0.0115 -0.06471536 -0.06770459
0.012 -0.06468765 -0.06791502
0.0125 -0.06465858 -0.06810632
0.013 -0.0646243 -0.068279624
0.0135 -0.0645843 -0.06843589
0.014 -0.06454346 -0.06857597
0.0145 -0.06450291 -0.0687006
0.015 -0.06446234 -0.06881044
0.0155 -0.06442108 -0.06890605
0.016 -0.06437854 -0.06898793
0.0165 -0.06433427 -0.069056526
0.017 -0.064288 -0.06911223
0.0175 -0.06423934 -0.069155365
0.018 -0.06418821 -0.06918625
0.0185 -0.06413479 -0.069205135
0.019 -0.06407915 -0.06921226
0.0195 -0.06402129 -0.06920784
0.02 -0.06396034 -0.06919205
0.0205 -0.06389239 -0.069165066
0.021 -0.06382207 -0.06912704
0.0215 -0.0637516 -0.06907807
0.022 -0.06368087 -0.06901832
0.0225 -0.0636092 -0.0689479
0.023 -0.06353598 -0.06886689
0.0235 -0.06345964 -0.06877539
0.024 -0.06337194 -0.06867349
0.0245 -0.06327887 -0.06856129
0.025 -0.0631861 -0.06843886
0.0255 -0.06309482 -0.068306275
0.026 -0.06300441 -0.068163596
0.0265 -0.06291385 -0.068010926
0.027 -0.06282221 -0.06784831
0.0275 -0.06272883 -0.067675814
0.028 -0.06263329 -0.06749356
0.0285 -0.06253532 -0.06730155
0.029 -0.06243479 -0.06709988
0.0295 -0.06233162 -0.066888645
0.03 -0.06221431 -0.06666787
0.0305 -0.06208124 -0.06643768
0.031 -0.06194679 -0.06619812
0.0315 -0.06181625 -0.06594926
0.032 -0.06168975 -0.0656912
0.0325 -0.06156575 -0.065424025
0.033 -0.06144263 -0.0651478
0.0335 -0.06131706 -0.064862624
0.034 -0.06117749 -0.064568594
0.0345 -0.06103137 -0.06426576
0.035 -0.06088602 -0.06395422
0.0355 -0.06074324 -0.0636341
0.036 -0.06060239 -0.063305475
0.0365 -0.06046226 -0.06296845
0.037 -0.06032174 -0.06262309
0.0375 -0.06018 -0.06226957
0.038 -0.0600365 -0.061907936
0.0385 -0.05989089 -0.061538298
0.039 -0.05974296 -0.061160814
0.0395 -0.05959262 -0.06077551
0.04 -0.0594398 -0.060382552
0.0405 -0.05928451 -0.05998206
0.041 -0.05912675 -0.05957412
0.0415 -0.05896654 -0.05915884
0.042 -0.0588039 -0.058736384
0.0425 -0.05863885 -0.058306873
0.043 -0.05847142 -0.057870388
0.0435 -0.05830163 -0.05742705
0.044 -0.05812951 -0.056977026
0.0445 -0.05795509 -0.056520417
0.045 -0.05777848 -0.05605737
0.0455 -0.05759966 -0.05558797
0.046 -0.05741857 -0.055112354
0.0465 -0.05723513 -0.054630682
0.047 -0.05704919 -0.054143064
0.0475 -0.0568608 -0.053649656
0.048 -0.05667011 -0.053150587
0.0485 -0.05647723 -0.05264596
0.049 -0.05628223 -0.05213596
0.0495 -0.05608512 -0.051620677
0.05 -0.05588592 -0.051100552
0.0505 -0.05568472 -0.050605685
0.051 -0.05548203 -0.05013541
0.0515 -0.05527804 -0.04968915
0.052 -0.0550728 -0.049266286
0.0525 -0.05486632 -0.048866183
0.053 -0.05465868 -0.048488215
0.0535 -0.05444993 -0.048131734
0.054 -0.05424078 -0.04779607
0.0545 -0.05403426 -0.04748068
0.055 -0.0538285 -0.047184825
0.0555 -0.05362124 -0.046907954
0.056 -0.05341179 -0.04664944
0.0565 -0.05320029 -0.046408653
0.057 -0.05298717 -0.046184972
0.0575 -0.05277287 -0.045977816
0.058 -0.05255776 -0.045786537
0.0585 -0.0523421 -0.045610636
0.059 -0.0521261 -0.045449466
0.0595 -0.05190991 -0.045302466
0.06 -0.05169363 -0.045169115
0.0605 -0.05147734 -0.04504884
0.061 -0.05126114 -0.044941075
0.0615 -0.05104507 -0.044845253
0.062 -0.05082894 -0.044760913
0.0625 -0.05061201 -0.044687472
0.063 -0.05039496 -0.044624463
0.0635 -0.05017851 -0.04457137
0.064 -0.04996207 -0.044527695
0.0645 -0.04974596 -0.044492967
0.065 -0.04953092 -0.044466704
0.0655 -0.04931718 -0.044448435
0.066 -0.04910467 -0.04443767
0.0665 -0.04889322 -0.044434004
0.067 -0.04868271 -0.044436976
0.0675 -0.04847307 -0.044446185
0.068 -0.04826427 -0.04446114
0.0685 -0.04805633 -0.04448154
0.069 -0.04784927 -0.044506878
0.0695 -0.04764313 -0.04453679
0.07 -0.04743795 -0.044570908
0.0705 -0.04723413 -0.044608846
0.071 -0.04703236 -0.044650197
0.0715 -0.04683168 -0.044694684
0.072 -0.04663172 -0.044741884
0.0725 -0.04643251 -0.044791482
0.073 -0.04623423 -0.0448431
0.0735 -0.04603701 -0.044896424
0.074 -0.04584098 -0.04495115
0.0745 -0.04564624 -0.045006998
0.075 -0.04545283 -0.045063592
0.0755 -0.04526082 -0.04512074
0.076 -0.04507025 -0.045178093
0.0765 -0.04488115 -0.045235388
0.077 -0.04469354 -0.04529231
0.0775 -0.04450745 -0.0453486
0.078 -0.04432291 -0.045404032
0.0785 -0.04413994 -0.045458324
0.079 -0.04395855 -0.04551126
0.0795 -0.04377876 -0.04556258
0.08 -0.0436006 -0.045612074
0.0805 -0.04342408 -0.045659505
0.081 -0.04324922 -0.045704663
0.0815 -0.04307604 -0.045747317
0.082 -0.04290455 -0.045787282
0.0825 -0.04273476 -0.04582437
0.083 -0.0425667 -0.04585836
0.0835 -0.04240037 -0.04588908
0.084 -0.04223578 -0.04591634
0.0845 -0.04207296 -0.04593999
0.085 -0.04191191 -0.04595983
0.0855 -0.04175263 -0.045975685
0.086 -0.04159515 -0.045987442
0.0865 -0.04143947 -0.045994952
0.087 -0.04128561 -0.045998022
0.0875 -0.04113355 -0.04599651
0.088 -0.04098333 -0.045990303
0.0885 -0.04083493 -0.0459793
0.089 -0.04068837 -0.045963332
0.0895 -0.04054366 -0.045942254
0.09 -0.04040079 -0.045916
0.0905 -0.04025977 -0.045884445
0.091 -0.04012061 -0.04584746
0.0915 -0.0399833 -0.045804977
0.092 -0.03984775 -0.045756884
0.0925 -0.03971394 -0.04570306
0.093 -0.03958195 -0.045643434
0.0935 -0.03945299 -0.04557796
0.094 -0.03933345 -0.0455065
0.0945 -0.03921805 -0.04542903
0.095 -0.03910212 -0.045345403
0.0955 -0.03898463 -0.045255624
0.096 -0.03886614 -0.045159593
0.0965 -0.03874757 -0.045057267
0.097 -0.03862974 -0.04494857
0.0975 -0.03851323 -0.04483349
0.098 -0.0383984 -0.044711933
0.0985 -0.03828544 -0.044583865
0.099 -0.03817438 -0.0444493
0.0995 -0.03806521 -0.044308133
0.1 -0.03795801 -0.040449783
0.1005 -0.02651215 -0.036644235
0.101 -0.01440865 -0.032892294
0.1015 -0.006815788 -0.02919449
0.102 -0.001914781 -0.025551036
0.1025 0.001711048 -0.02196195
0.103 0.004752436 -0.018427096
0.1035 0.007520941 -0.014946118
0.104 0.01014686 -0.011518601
0.1045 0.01269938 -0.008143973
0.105 0.0152046 -0.0048216544
0.1055 0.01766276 -0.0015509725
0.106 0.02008187 0.001668796
0.1065 0.02247913 0.004838407
0.107 0.02485836 0.007958643
0.1075 0.02721745 0.011030346
0.108 0.02955353 0.014054261
0.1085 0.03186447 0.017031267
0.109 0.0341491 0.01996214
0.1095 0.03640661 0.022847764
0.11 0.03863642 0.025688954
0.1105 0.04083949 0.028486505
0.111 0.04301503 0.03124126
0.1115 0.04514976 0.033954024
0.112 0.04725278 0.03662558
0.1125 0.04933638 0.03925673
0.113 0.05140387 0.041848242
0.1135 0.05345444 0.044400863
0.114 0.05547207 0.04691536
0.1145 0.05744451 0.049392417
0.115 0.05939675 0.051832825
0.1155 0.06134014 0.05423726
0.116 0.06327522 0.05660642
0.1165 0.06519889 0.05894097
0.117 0.06710789 0.061241627
0.1175 0.06899983 0.06350897
0.118 0.07087332 0.06574368
0.1185 0.07272778 0.06794638
0.119 0.07456298 0.07011764
0.1195 0.07637888 0.07225808
0.12 0.07817545 0.07436832
0.1205 0.07995312 0.07644888
0.121 0.08171243 0.07850033
0.1215 0.08345389 0.08052321
0.122 0.08517798 0.082518056
0.1225 0.08688513 0.08448535
0.123 0.08857575 0.08642569
0.1235 0.09025023 0.08833951
0.124 0.09190891 0.090227306
0.1245 0.09355216 0.09208952
0.125 0.09518031 0.09392659
0.1255 0.09679367 0.0957391
0.126 0.09839256 0.097527325
0.1265 0.09997729 0.09929183
0.127 0.1015481 0.10103296
0.1275 0.1031052 0.102751136
0.128 0.1046488 0.10444677
0.1285 0.1061791 0.10612024
0.129 0.1076966 0.10777195
0.1295 0.1092014 0.109402254
0.13 0.1106938 0.11101152
0.1305 0.1121688 0.11260009
0.131 0.1136112 0.11416836
0.1315 0.1150377 0.11571661
0.132 0.1164609 0.11724526
0.1325 0.1178831 0.118754506
0.133 0.1193023 0.12024474
0.1335 0.1207154 0.121716276
0.134 0.1221207 0.12316944
0.1345 0.1235174 0.12460446
0.135 0.1249047 0.12602164
0.1355 0.1262822 0.12742127
0.136 0.12765 0.12880366
0.1365 0.1290082 0.13016902
0.137 0.130348 0.13151768
0.1375 0.1316609 0.13284984
0.138 0.1329651 0.13416578
0.1385 0.1342697 0.13546576
0.139 0.135575 0.13674998
0.1395 0.1368783 0.13801865
0.14 0.1381754 0.13927208
0.1405 0.1394609 0.14051044
0.141 0.1407372 0.14173397
0.1415 0.1420069 0.14294285
0.142 0.143271 0.14413731
0.1425 0.1445298 0.14531758
0.143 0.1457822 0.14648387
0.1435 0.1470242 0.14763631
0.144 0.148259 0.14877512
0.1445 0.149489 0.14990045
0.145 0.1507147 0.15101255
0.1455 0.1519362 0.15211156
0.146 0.1531531 0.15319766
0.1465 0.1543654 0.15427102
0.147 0.1555729 0.1553318
0.1475 0.1567754 0.15638015
0.148 0.1579727 0.15741624
0.1485 0.1591623 0.15844025
0.149 0.1603245 0.15945229
0.1495 0.1614619 0.16045253
0.15 0.1625805 0.16144131
0.1505 0.1637042 0.16243768
0.151 0.164842 0.16344123
0.1515 0.1659919 0.16445161
0.152 0.1671442 0.1654684
0.1525 0.1682735 0.16649115
0.153 0.1693921 0.16751958
0.1535 0.1705148 0.1685533
0.154 0.1716447 0.16959195
0.1545 0.1727766 0.17063513
0.155 0.1739061 0.17168248
0.1555 0.1750331 0.17273371
0.156 0.1761577 0.17378837
0.1565 0.177279 0.17484622
0.157 0.1783963 0.17590685
0.1575 0.179509 0.17696996
0.158 0.1806166 0.17803526
0.1585 0.1817191 0.17910233
0.159 0.1828162 0.18017094
0.1595 0.1839081 0.18124075
0.16 0.1849907 0.18231142
0.1605 0.1860429 0.18338266
0.161 0.1870805 0.18445425
0.1615 0.188121 0.18552579
0.162 0.1891687 0.18659703
0.1625 0.1902219 0.18766771
0.163 0.1912755 0.18873756
0.1635 0.1921557 0.18980625
0.164 0.1929476 0.19087358
0.1645 0.1938241 0.19193923
0.165 0.1947947 0.19300298
0.1655 0.1958306 0.1940646
0.166 0.1969021 0.19512376
0.1665 0.1979879 0.19618031
0.167 0.1990632 0.19723392
0.1675 0.2001066 0.19828443
0.168 0.2011408 0.1993316
0.1685 0.2021751 0.20037518
0.169 0.2032095 0.20141499
0.1695 0.2042414 0.20245071
0.17 0.2052687 0.20348226
0.1705 0.2062894 0.20450933
0.171 0.2073018 0.20553182
0.1715 0.208306 0.20654945
0.172 0.2093031 0.2075621
0.1725 0.2102938 0.20856951
0.173 0.2112788 0.20957156
0.1735 0.2122582 0.210568
0.174 0.2132319 0.21155874
0.1745 0.2142003 0.21254356
0.175 0.2151638 0.21352227
0.1755 0.2161225 0.21449478
0.176 0.2170766 0.21546091
0.1765 0.2180262 0.21642046
0.177 0.2189716 0.21737327
0.1775 0.2199129 0.21831928
0.178 0.2208501 0.21925832
0.1785 0.2217833 0.22019024
0.179 0.2227126 0.22111489
0.1795 0.2236379 0.22203214
0.18 0.2245593 0.22294195
0.1805 0.2254768 0.22384407
0.181 0.2263904 0.22473843
0.1815 0.2273002 0.22562496
0.182 0.2282062 0.22650345
0.1825 0.2291014 0.22737391
0.183 0.2299639 0.22823615
0.1835 0.2308146 0.22909011
0.184 0.2316713 0.22993569
0.1845 0.2325373 0.23077281
0.185 0.2334104 0.23160137
0.1855 0.2342872 0.23242123
0.186 0.2351649 0.23323236
0.1865 0.2360414 0.23403464
0.187 0.2369152 0.23482804
0.1875 0.2377614 0.2356125
0.188 0.2385503 0.23638786
0.1885 0.239335 0.23715414
0.189 0.240141 0.23791118
0.1895 0.2409685 0.23865904
0.19 0.2418104 0.23939757
0.1905 0.2426583 0.24012668
0.191 0.2435071 0.24084647
0.1915 0.2443536 0.24155678
0.192 0.245197 0.24225755
0.1925 0.2460343 0.24294876
0.193 0.2468442 0.2436304
0.1935 0.2476418 0.24430235
0.194 0.2484433 0.24496461
0.1945 0.2492514 0.24561717
0.195 0.2500647 0.24626
0.1955 0.2508803 0.246893
0.196 0.2516958 0.24751623
0.1965 0.25251 0.24812956
0.197 0.2533221 0.24873306
0.1975 0.2541314 0.24932666
0.198 0.2549376 0.2499104
0.1985 0.2557404 0.2504841
0.199 0.2565399 0.2510479
0.1995 0.2573358 0.25160176
0.2 0.2581279 0.25101823
0.2005 0.2573617 0.25043422
0.201 0.2549975 0.24984975
0.2015 0.2530251 0.24926479
0.202 0.2516377 0.24867932
0.2025 0.2506108 0.24809341
0.203 0.2497605 0.24750699
0.2035 0.2489857 0.24692006
0.204 0.2482378 0.24633266
0.2045 0.2474947 0.24574472
0.205 0.2467471 0.2451563
0.2055 0.245991 0.24456744
0.206 0.2452254 0.24397801
0.2065 0.24445 0.24338807
0.207 0.2436655 0.24279757
0.2075 0.2428723 0.24220647
0.208 0.2420715 0.24161483
0.2085 0.2412637 0.2410226
0.209 0.2404498 0.2404299
0.2095 0.2396306 0.23983653
0.21 0.2388068 0.2392426
0.2105 0.2379793 0.2386481
0.211 0.2371486 0.23805292
0.2115 0.2363155 0.23745717
0.212 0.2354807 0.2368607
0.2125 0.2346448 0.23626365
0.213 0.2338083 0.23566596
0.2135 0.2329717 0.23506756
0.214 0.2321358 0.23446847
0.2145 0.2313009 0.23386876
0.215 0.2304675 0.23326828
0.2155 0.2296361 0.23266704
0.216 0.2288072 0.2320651
0.2165 0.2279811 0.23146237
0.217 0.2271582 0.23085897
0.2175 0.2263389 0.23025475
0.218 0.2255236 0.22964974
0.2185 0.2247126 0.22904392
0.219 0.2239062 0.2284372
0.2195 0.2231047 0.22782971
0.22 0.2223084 0.22722133
0.2205 0.2215176 0.22661205
0.221 0.2207324 0.22600193
0.2215 0.2199532 0.22539093
0.222 0.2191801 0.224779
0.2225 0.2184135 0.22416617
0.223 0.2176533 0.22355236
0.2235 0.2168999 0.2229376
0.224 0.2161535 0.22232182
0.2245 0.2154141 0.22170503
0.225 0.2146819 0.22108729
0.2255 0.213957 0.22046848
0.226 0.2132397 0.21984865
0.2265 0.2125299 0.21922775
0.227 0.2118278 0.21860577
0.2275 0.2111336 0.21798266
0.228 0.2104472 0.21735848
0.2285 0.2097687 0.21673311
0.229 0.2090983 0.21610667
0.2295 0.2084361 0.215479
0.23 0.2077819 0.2148502
0.2305 0.207136 0.21422018
0.231 0.2064984 0.21358897
0.2315 0.205869 0.2129565
0.232 0.205248 0.21232285
0.2325 0.2046353 0.21168794
0.233 0.204031 0.21105172
0.2335 0.2034351 0.21041425
0.234 0.2028476 0.20977543
0.2345 0.2022685 0.20913537
0.235 0.2016979 0.20849384
0.2355 0.2011356 0.20785107
0.236 0.2005817 0.20720683
0.2365 0.2000363 0.20656128
0.237 0.1994992 0.2059143
0.2375 0.1989705 0.20526595
0.238 0.1984501 0.20461619
0.2385 0.197938 0.20396501
0.239 0.1974343 0.20331231
0.2395 0.1969388 0.20265827
0.24 0.1964515 0.20200269
0.2405 0.1959724 0.20134565
0.241 0.1955015 0.20068714
0.2415 0.1950387 0.20002708
0.242 0.1945839 0.19936556
0.2425 0.1941373 0.19870244
0.243 0.1936986 0.19803783
0.2435 0.1932678 0.19737169
0.244 0.1928449 0.19670396
0.2445 0.1924299 0.19603471
0.245 0.1920227 0.1953638
0.2455 0.1916232 0.19469136
0.246 0.1912313 0.19401734
0.2465 0.1908472 0.19334173
0.247 0.1904705 0.19266453
0.2475 0.1901014 0.1919857
0.248 0.1897398 0.19130526
0.2485 0.1893856 0.19062318
0.249 0.1890386 0.18993947
0.2495 0.188699 0.18925413
0.25 0.1883666 0.18856753
0.2505 0.1880438 0.18790604
0.251 0.1877404 0.1872694
0.2515 0.1874583 0.18665725
0.252 0.1871944 0.18606935
0.2525 0.1869461 0.18550532
0.253 0.1867119 0.18496488
0.2535 0.1864912 0.18444775
0.254 0.1862835 0.18395351
0.2545 0.1860885 0.18348195
0.255 0.1859061 0.18303272
0.2555 0.1857362 0.1826054
0.256 0.1855785 0.1821998
0.2565 0.185433 0.18181553
0.257 0.1852996 0.18145229
0.2575 0.1851781 0.18110968
0.258 0.1850684 0.18078746
0.2585 0.1849704 0.18048522
0.259 0.1848839 0.18020266
0.2595 0.1848088 0.1799395
0.26 0.1847451 0.17969534
0.2605 0.1846924 0.1794699
0.261 0.1846508 0.1792628
0.2615 0.18462 0.17907372
0.262 0.1846 0.17890233
0.2625 0.1845905 0.17874831
0.263 0.1845915 0.17861137
0.2635 0.1846028 0.17849107
0.264 0.1846243 0.17838721
0.2645 0.1846558 0.17829932
0.265 0.1846971 0.1782272
0.2655 0.1847482 0.17817046
0.266 0.1848088 0.17812875
0.2665 0.1848789 0.17810178
0.267 0.1849583 0.1780892
0.2675 0.1850468 0.17809065
0.268 0.1851443 0.17810586
0.2685 0.1852508 0.17813458
0.269 0.1853659 0.17817636
0.2695 0.1854896 0.17823094
0.27 0.1856218 0.17829798
0.2705 0.1857623 0.17837723
0.271 0.1859109 0.17846835
0.2715 0.1860676 0.178571
0.272 0.1862322 0.17868486
0.2725 0.1864046 0.17880967
0.273 0.1865845 0.17894514
0.2735 0.186772 0.17909089
0.274 0.1869668 0.17924666
0.2745 0.1871689 0.17941219
0.275 0.1873781 0.17958713
0.2755 0.1875942 0.1797712
0.276 0.187817 0.17996415
0.2765 0.1880462 0.18016568
0.277 0.1882818 0.18037549
0.2775 0.1885204 0.1805933
0.278 0.1887447 0.18081881
0.2785 0.1889725 0.18105178
0.279 0.1892148 0.18129191
0.2795 0.189472 0.18153898
0.28 0.189742 0.18179268
0.2805 0.1900219 0.18205278
0.281 0.1903098 0.18231894
0.2815 0.1906042 0.18259098
0.282 0.1909043 0.18286864
0.2825 0.1912097 0.1831516
0.283 0.1915199 0.1834397
0.2835 0.1918348 0.18373261
0.284 0.1921543 0.1840302
0.2845 0.1924783 0.18433216
0.285 0.1928069 0.18463822
0.2855 0.1931399 0.1849482
0.286 0.1934772 0.18526183
0.2865 0.193819 0.185579
0.287 0.194165 0.18589927
0.2875 0.1945153 0.1862226
0.288 0.1948697 0.18654874
0.2885 0.1952282 0.18687743
0.289 0.1955908 0.18720847
0.2895 0.1959573 0.18754163
0.29 0.1963277 0.18787678
0.2905 0.1967019 0.18821368
0.291 0.1970798 0.18855213
0.2915 0.1974614 0.18889195
0.292 0.1978466 0.1892329
0.2925 0.1982354 0.18957485
0.293 0.1986275 0.18991761
0.2935 0.1990228 0.19026095
0.294 0.1994212 0.19060476
0.2945 0.1998227 0.19094881
0.295 0.2002275 0.19129296
0.2955 0.2006354 0.19163704
0.296 0.2010464 0.19198084
0.2965 0.2014605 0.19232425
0.297 0.2018775 0.19266707
0.2975 0.2022973 0.19300917
0.298 0.2027199 0.19335036
0.2985 0.2031446 0.19369057
0.299 0.2035716 0.19402954
0.2995 0.2040009 0.19436724
0.3 0.2044329 0.19176485
0.3005 0.1935104 0.18920016
0.301 0.181899 0.18667316
0.3015 0.1747956 0.1841838
0.302 0.1703933 0.18173225
0.3025 0.1672704 0.17931841
0.303 0.1647294 0.17694233
0.3035 0.1624621 0.17460398
0.304 0.1603358 0.17230335
0.3045 0.1582927 0.17004041
0.305 0.1563073 0.16781504
0.3055 0.1543676 0.16562726
0.306 0.1524677 0.16347696
0.3065 0.1506047 0.16136406
0.307 0.1487768 0.15928847
0.3075 0.146983 0.15725002
0.308 0.1452225 0.15524864
0.3085 0.1434947 0.15328422
0.309 0.1417993 0.15135658
0.3095 0.1401359 0.14946565
0.31 0.138504 0.14761113
0.3105 0.1369034 0.14579295
0.311 0.1353338 0.14401086
0.3115 0.1337949 0.1422647
0.312 0.1322864 0.14055425
0.3125 0.130808 0.13887931
0.313 0.1293593 0.13723968
0.3135 0.1279403 0.13563508
0.314 0.1265504 0.13406527
0.3145 0.1251895 0.13253003
0.315 0.1238573 0.13102913
0.3155 0.1225534 0.1295623
0.316 0.1212776 0.12812921
0.3165 0.1200297 0.12672964
0.317 0.1188092 0.12536335
0.3175 0.117616 0.124029934
0.318 0.1164497 0.1227292
0.3185 0.11531 0.12146078
0.319 0.1141967 0.12022439
0.3195 0.1131094 0.11901973
0.32 0.1120479 0.117846504
0.3205 0.1110119 0.116704375
0.321 0.1100011 0.115593016
0.3215 0.1090152 0.1145121
0.322 0.1080539 0.113461316
0.3225 0.1071169 0.11244029
0.323 0.106204 0.111448705
0.3235 0.1053148 0.110486224
0.324 0.104449 0.10955255
0.3245 0.1036065 0.10864729
0.325 0.1027869 0.107770145
0.3255 0.1019898 0.106920734
0.326 0.1012152 0.10609873
0.3265 0.1004625 0.105303735
0.327 0.09973169 0.104535505
0.3275 0.09902235 0.103793606
0.328 0.09833426 0.103077725
0.3285 0.09766713 0.10238752
0.329 0.09702069 0.10172267
0.3295 0.09639468 0.10108277
0.33 0.09578883 0.10046756
0.3305 0.09520288 0.0998766
0.331 0.09463657 0.09930956
0.3315 0.09408964 0.09876618
0.332 0.09356182 0.09824602
0.3325 0.09305287 0.09774883
0.333 0.09256254 0.097274244
0.3335 0.09209056 0.09682192
0.334 0.0916367 0.09639153
0.3345 0.09120072 0.095982715
0.335 0.09078235 0.09559521
0.3355 0.09038137 0.09522866
0.336 0.08999754 0.09488274
0.3365 0.08963062 0.09455711
0.337 0.08928037 0.0942515
0.3375 0.08894658 0.093965575
0.338 0.08862899 0.09369902
0.3385 0.0883274 0.093451515
0.339 0.08804158 0.09322281
0.3395 0.08777131 0.09301253
0.34 0.08751636 0.092820436
0.3405 0.08727652 0.09264614
0.341 0.08705158 0.092489466
0.3415 0.08684133 0.09235005
0.342 0.08664556 0.09222759
0.3425 0.08646406 0.092121854
0.343 0.08629663 0.09203255
0.3435 0.08614307 0.09195939
0.344 0.08600317 0.09190212
0.3445 0.08587675 0.09186046
0.345 0.0857636 0.09183413
0.3455 0.08566355 0.09182288
0.346 0.08557639 0.091826454
0.3465 0.08550194 0.09184457
0.347 0.08544002 0.09187703
0.3475 0.08539045 0.091923505
0.348 0.08535304 0.09198381
0.3485 0.08532762 0.09205769
0.349 0.08531401 0.09214492
0.3495 0.08531205 0.09224518
0.35 0.08532156 0.09010331
0.3505 0.08378753 0.08798121
0.351 0.0806694 0.08587907
0.3515 0.07795615 0.0837972
0.352 0.07584079 0.081735834
0.3525 0.07409852 0.0796952
0.353 0.07254528 0.07767555
0.3535 0.07107977 0.075677074
0.354 0.06965308 0.07370004
0.3545 0.06824294 0.07174462
0.355 0.06683959 0.0698111
0.3555 0.06543899 0.0678996
0.356 0.06403965 0.06601039
0.3565 0.06264128 0.064143635
0.357 0.0612441 0.06229955
0.3575 0.05984859 0.06047827
0.358 0.05845532 0.058679983
0.3585 0.05706489 0.056904867
0.359 0.05567791 0.055153057
0.3595 0.05429497 0.053424686
0.36 0.05291663 0.05171991
0.3605 0.05154344 0.05003888
0.361 0.0501759 0.04838165
0.3615 0.04881452 0.046748355
0.362 0.04745973 0.04513908
0.3625 0.04611197 0.04355389
0.363 0.04477164 0.04199288
0.3635 0.04343913 0.04045613
0.364 0.04211479 0.03894362
0.3645 0.04079894 0.037455395
0.365 0.03949191 0.035991505
0.3655 0.03819397 0.034551904
0.366 0.0369054 0.033136636
0.3665 0.03562645 0.031745628
0.367 0.03435735 0.030378856
0.3675 0.03309831 0.029036239
0.368 0.03184953 0.027717724
0.3685 0.0306112 0.026423216
0.369 0.02938347 0.025152624
0.3695 0.02816651 0.023905814
0.37 0.02696044 0.02268263
0.3705 0.0257654 0.021482922
0.371 0.02458149 0.020306528
0.3715 0.02340881 0.019153267
0.372 0.02224746 0.01802291
0.3725 0.02109751 0.016915247
0.373 0.01995902 0.015830033
0.3735 0.01883206 0.014766984
0.374 0.01771666 0.013725843
0.3745 0.01661287 0.012706313
0.375 0.01552071 0.011708066
0.3755 0.01444021 0.010730796
0.376 0.01337138 0.009774148
0.3765 0.01231423 0.008837745
0.377 0.01126875 0.007921219
0.3775 0.01023493 0.0070241764
0.378 0.009212762 0.0061461926
0.3785 0.008202226 0.005286835
0.379 0.007203292 0.0044456683
0.3795 0.006215931 0.00362226
0.38 0.005240105 0.0028161108
0.3805 0.004275773 0.002026759
0.381 0.003322888 0.0012537092
0.3815 0.0023814 0.00049645454
0.382 0.001451255 -0.0002455227
0.3825 0.0005323946 -0.00097272545
0.383 -0.0003752428 -0.0016856939
0.3835 -0.001271722 -0.0023849607
0.384 -0.002157112 -0.0030710623
0.3845 -0.003031484 -0.0037445351
0.385 -0.003894911 -0.004405938
0.3855 -0.004747469 -0.0050558075
0.386 -0.005589238 -0.005694691
0.3865 -0.006420299 -0.0063231364
0.387 -0.007240734 -0.0069416948
0.3875 -0.008050628 -0.0075508803
0.388 -0.008850068 -0.008151237
0.3885 -0.009639143 -0.008743294
0.389 -0.01041794 -0.009327557
0.3895 -0.01118655 -0.009904526
0.39 -0.01194507 -0.010474697
0.3905 -0.01269359 -0.011038557
0.391 -0.01343221 -0.011596557
0.3915 -0.01416101 -0.012149163
0.392 -0.0148801 -0.012696799
0.3925 -0.01558957 -0.013239898
0.393 -0.01628952 -0.013778821
0.3935 -0.01698005 -0.014313977
0.394 -0.01766125 -0.014845725
0.3945 -0.01833323 -0.015374381
0.395 -0.01899607 -0.015900277
0.3955 -0.01964989 -0.016423708
0.396 -0.02029478 -0.016944932
0.3965 -0.02093084 -0.017464213
0.397 -0.02155816 -0.017981758
0.3975 -0.02217685 -0.018497784
0.398 -0.022787 -0.019012442
0.3985 -0.02338872 -0.019525927
0.399 -0.0239821 -0.020038355
0.3995 -0.02456724 -0.020549828
0.4 -0.02514423 -0.02106049
0.4005 -0.02571064 -0.021572337
0.401 -0.02625609 -0.022085555
0.4015 -0.02677872 -0.022600256
0.402 -0.02728153 -0.02311642
0.4025 -0.02776707 -0.023633908
0.403 -0.02823681 -0.024152484
0.4035 -0.02869147 -0.024671797
0.404 -0.02913145 -0.025191464
0.4045 -0.02955696 -0.025710996
0.405 -0.02996811 -0.026229821
0.4055 -0.03036503 -0.02674735
0.406 -0.03074779 -0.027262934
0.4065 -0.03111646 -0.027775876
0.407 -0.03147022 -0.028285483
0.4075 -0.03180927 -0.028791003
0.408 -0.03213463 -0.02929171
0.4085 -0.03244674 -0.029786855
0.409 -0.03274569 -0.030275695
0.4095 -0.03303143 -0.030757513
0.41 -0.03330396 -0.031231599
0.4105 -0.03356328 -0.031697255
0.411 -0.03380944 -0.032153826
0.4115 -0.03404251 -0.032600686
0.412 -0.03426259 -0.03303723
0.4125 -0.03446976 -0.033462875
0.413 -0.03466414 -0.03387712
0.4135 -0.03484583 -0.034279447
0.414 -0.03501497 -0.034669396
0.4145 -0.03517165 -0.035046563
0.415 -0.03531601 -0.035410553
0.4155 -0.03544815 -0.035761036
0.416 -0.03556821 -0.03609771
0.4165 -0.0356763 -0.036420286
0.417 -0.03577255 -0.036728535
0.4175 -0.03585707 -0.037022255
0.418 -0.03592999 -0.037301265
0.4185 -0.03599144 -0.037565425
0.419 -0.03604153 -0.03781464
0.4195 -0.03608038 -0.0380488
0.42 -0.03610813 -0.038267855
0.4205 -0.03612489 -0.03847178
0.421 -0.03613078 -0.03866054
0.4215 -0.03612593 -0.038834162
0.422 -0.03611047 -0.038992662
0.4225 -0.0360845 -0.03913609
0.423 -0.03604816 -0.039264508
0.4235 -0.03600157 -0.039377976
0.424 -0.03594484 -0.03947658
0.4245 -0.0358781 -0.039560445
0.425 -0.03580147 -0.03962966
0.4255 -0.03571507 -0.039684355
0.426 -0.03561901 -0.039724663
0.4265 -0.03551341 -0.039750703
0.427 -0.0353984 -0.039762646
0.4275 -0.03527408 -0.039760634
0.428 -0.03514058 -0.039744817
0.4285 -0.034998 -0.03971535
0.429 -0.03484647 -0.03967241
0.4295 -0.0346861 -0.039616153
0.43 -0.034517 -0.039546758
0.4305 -0.03433928 -0.03946439
0.431 -0.03415306 -0.039369214
0.4315 -0.03395844 -0.03926143
0.432 -0.03375553 -0.039141193
0.4325 -0.03354445 -0.03900869
0.433 -0.03332529 -0.038864065
0.4335 -0.03309815 -0.038707532
0.434 -0.03286311 -0.03853925
0.4345 -0.03262029 -0.038359378
0.435 -0.03236979 -0.03816809
0.4355 -0.03211174 -0.03796559
0.436 -0.03184621 -0.03775201
0.4365 -0.0315733 -0.03752753
0.437 -0.03129315 -0.03729232
0.4375 -0.03100566 -0.03704654
0.438 -0.03071017 -0.03679035
0.4385 -0.03040734 -0.036523905
0.439 -0.03009766 -0.036247384
0.4395 -0.02978136 -0.035960924
0.44 -0.02945859 -0.035664685
0.4405 -0.02912948 -0.035358813
0.441 -0.02879413 -0.035043463
0.4415 -0.02845264 -0.034718785
0.442 -0.02810507 -0.03438493
0.4425 -0.02775146 -0.03404201
0.443 -0.02739185 -0.033690173
0.4435 -0.02702639 -0.033329602
0.444 -0.02665921 -0.032960363
0.4445 -0.02629083 -0.032582633
0.445 -0.02591745 -0.03219653
0.4455 -0.02553682 -0.031802177
0.446 -0.02514876 -0.031399723
0.4465 -0.024755 -0.030989278
0.447 -0.0243555 -0.03057095
0.4475 -0.02395145 -0.030144878
0.448 -0.02354237 -0.029711165
0.4485 -0.02312677 -0.029269952
0.449 -0.0227042 -0.02882133
0.4495 -0.0222749 -0.028365418
0.45 -0.02183936 -0.027902357
0.4505 -0.02139807 -0.027432203
0.451 -0.0209514 -0.02695509
0.4515 -0.02049965 -0.02647112
0.452 -0.02004303 -0.025980387
0.4525 -0.01958169 -0.025483012
0.453 -0.01911574 -0.024979066
0.4535 -0.01864527 -0.024468664
0.454 -0.01817035 -0.023951903
0.4545 -0.01769105 -0.023428902
0.455 -0.01720743 -0.02289971
0.4555 -0.01671955 -0.022364441
0.456 -0.01622745 -0.021823179
0.4565 -0.01573121 -0.02127602
0.457 -0.01523086 -0.020723034
0.4575 -0.01472649 -0.020164333
0.458 -0.01421816 -0.019599985
0.4585 -0.0137059 -0.019030076
0.459 -0.01318977 -0.018454693
0.4595 -0.0126698 -0.017873924
0.46 -0.01214606 -0.017287832
0.4605 -0.0116186 -0.016696494
0.461 -0.01108726 -0.016100004
0.4615 -0.01055217 -0.015498422
0.462 -0.0100136 -0.0148918405
0.4625 -0.009471638 -0.014280319
0.463 -0.008926327 -0.01366394
0.4635 -0.00837773 -0.013042763
0.464 -0.007828189 -0.012416869
0.4645 -0.007278708 -0.011786342
0.465 -0.006726451 -0.011151217
0.4655 -0.006169666 -0.010511585
0.466 -0.005608032 -0.009867504
0.4665 -0.005041877 -0.009219073
0.467 -0.004471719 -0.008566327
0.4675 -0.003897911 -0.007909305
0.468 -0.003320275 -0.007248126
0.4685 -0.002739092 -0.0065828115
0.469 -0.002154825 -0.005913444
0.4695 -0.001567819 -0.0052400976
0.47 -0.0009782627 -0.0045628026
0.4705 -0.0003862308 -0.0038816556
0.471 0.0002082646 -0.0031966567
0.4715 0.0008052562 -0.00250794
0.472 0.001404796 -0.001815483
0.4725 0.002006887 -0.0011194125
0.473 0.00261151 -0.0004197508
0.4735 0.003218633 0.00028345734
0.474 0.003828225 0.0009900928
0.4745 0.004440255 0.0017001629
0.475 0.005054691 0.0024136081
0.4755 0.005671501 0.003130369
0.476 0.006290654 0.003850378
0.4765 0.006912117 0.004573591
0.477 0.007535858 0.005299948
0.4775 0.008161843 0.0060294047
0.478 0.008790024 0.0067619085
0.4785 0.009420214 0.007497415
0.479 0.01005235 0.008235857
0.4795 0.01068649 0.008977212
0.48 0.01132271 0.009721406
0.4805 0.01196104 0.010468431
0.481 0.01260148 0.011218205
0.4815 0.013244 0.011970684
0.482 0.01388853 0.012725793
0.4825 0.01453504 0.013483547
0.483 0.01518353 0.014243856
0.4835 0.01583396 0.015006691
0.484 0.01648629 0.015772015
0.4845 0.01714046 0.01653976
0.485 0.01779643 0.017309897
0.4855 0.01845417 0.018082403
0.486 0.01911365 0.018857174
0.4865 0.01977487 0.019634224
0.487 0.02043789 0.02041351
0.4875 0.02110266 0.021194935
0.488 0.02176907 0.021978512
0.4885 0.02243707 0.022764184
0.489 0.02310661 0.023551889
0.4895 0.02377766 0.024341628
0.49 0.02445021 0.025133312
0.4905 0.02512425 0.02592694
0.491 0.02579975 0.026722439
0.4915 0.02647672 0.027519785
0.492 0.02715513 0.028318927
0.4925 0.02783496 0.029119857
0.493 0.02851618 0.02992253
0.4935 0.02919851 0.03072688
0.494 0.02988183 0.03153289
0.4945 0.03056633 0.03234052
0.495 0.03125214 0.033149756
0.4955 0.03193935 0.033960506
0.496 0.03262794 0.034772754
0.4965 0.03331791 0.035586506
0.497 0.03400922 0.03640169
0.4975 0.03470184 0.037218258
0.498 0.03539574 0.038036183
0.4985 0.03609089 0.038855463
0.499 0.03678727 0.039676033
0.4995 0.03748485 0.040497854
