0.0 -0.065 -0.047997616
0.0005 -0.065 -0.050458312
0.001 -0.065 -0.052532293
0.0015 -0.065 -0.054294426
0.002 -0.065 -0.05580164
0.0025 -0.065 -0.057098053
0.003 -0.065 -0.058218423
0.0035 -0.065 -0.059190523
0.004 -0.065 -0.060036812
0.0045 -0.065 -0.060775664
0.005 -0.065 -0.061422244
0.0055 -0.065 -0.061989177
0.006 -0.065 -0.062487066
0.0065 -0.065 -0.06292484
0.007 -0.065 -0.063310124
0.0075 -0.065 -0.063649416
0.008 -0.065 -0.06394829
0.0085 -0.065 -0.06421156
0.009 -0.065 -0.06444342
0.0095 -0.065 -0.064647466
0.01 -0.065 -0.06482688
0.0105 -0.065 -0.06498445
0.011 -0.065 -0.06512258
0.0115 -0.065 -0.06524342
0.012 -0.065 -0.06534887
0.0125 -0.065 -0.065440595
0.013 -0.065 -0.06552006
0.0135 -0.065 -0.065588586
0.014 -0.065 -0.065647334
0.0145 -0.065 -0.06569736
0.015 -0.065 -0.065739565
0.0155 -0.065 -0.0657748
0.016 -0.065 -0.06580378
0.0165 -0.065 -0.06582719
0.017 -0.065 -0.0658456
0.0175 -0.065 -0.06585955
0.018 -0.065 -0.06586951
0.0185 -0.065 -0.0658759
0.019 -0.065 -0.06587912
0.0195 -0.065 -0.06587951
0.02 -0.065 -0.06587736
0.0205 -0.065 -0.06587297
0.021 -0.065 -0.065866575
0.0215 -0.065 -0.06585841
0.022 -0.065 -0.06584866
0.0225 -0.065 -0.065837525
0.023 -0.065 -0.06582516
0.0235 -0.065 -0.06581171
0.024 -0.065 -0.06579731
0.0245 -0.065 -0.06578207
0.025 -0.065 -0.06576611
0.0255 -0.065 -0.06574952
0.026 -0.065 -0.06573238
0.0265 -0.065 -0.06571478
0.027 -0.065 -0.06569677
0.0275 -0.065 -0.06567843
0.028 -0.065 -0.06565982
0.0285 -0.065 -0.06564097
0.029 -0.065 -0.06562194
0.0295 -0.065 -0.06560277
0.03 -0.065 -0.06558348
0.0305 -0.065 -0.06556412
0.031 -0.065 -0.06554471
0.0315 -0.065 -0.06552528
0.032 -0.065 -0.06550584
0.0325 -0.065 -0.06548642
0.033 -0.065 -0.065467045
0.0335 -0.065 -0.06544771
0.034 -0.065 -0.06542845
0.0345 -0.065 -0.06540927
0.035 -0.065 -0.06539018
0.0355 -0.065 -0.065371186
0.036 -0.065 -0.06535229
0.0365 -0.065 -0.06533353
0.037 -0.065 -0.06531487
0.0375 -0.065 -0.065296344
0.038 -0.065 -0.06527794
0.0385 -0.065 -0.06525968
0.039 -0.065 -0.06524155
0.0395 -0.065 -0.065223575
0.04 -0.065 -0.06520572
0.0405 -0.065 -0.06518803
0.041 -0.065 -0.065170474
0.0415 -0.065 -0.06515306
0.042 -0.065 -0.0651358
0.0425 -0.065 -0.0651187
0.043 -0.065 -0.065101735
0.0435 -0.065 -0.06508492
0.044 -0.065 -0.06506826
0.0445 -0.065 -0.06505175
0.045 -0.065 -0.06503538
0.0455 -0.065 -0.06501917
0.046 -0.065 -0.0650031
0.0465 -0.065 -0.06498718
0.047 -0.065 -0.06497141
0.0475 -0.065 -0.064955786
0.048 -0.065 -0.06494031
0.0485 -0.065 -0.06492498
0.049 -0.065 -0.06490979
0.0495 -0.065 -0.06489475
0.05 -0.065 -0.06487985
0.0505 -0.065 -0.0648651
0.051 -0.065 -0.064850494
0.0515 -0.065 -0.064836025
0.052 -0.065 -0.06482169
0.0525 -0.065 -0.064807504
0.053 -0.065 -0.06479346
0.0535 -0.065 -0.06477955
0.054 -0.065 -0.06476577
0.0545 -0.065 -0.06475214
0.055 -0.065 -0.06473864
0.0555 -0.065 -0.06472528
0.056 -0.065 -0.064712055
0.0565 -0.065 -0.064698964
0.057 -0.065 -0.064686
0.0575 -0.065 -0.06467317
0.058 -0.065 -0.06466048
0.0585 -0.065 -0.06464791
0.059 -0.065 -0.064635485
0.0595 -0.065 -0.06462318
0.06 -0.065 -0.06461101
0.0605 -0.065 -0.06459896
0.061 -0.065 -0.06458706
0.0615 -0.065 -0.06457527
0.062 -0.065 -0.06456361
0.0625 -0.065 -0.064552076
0.063 -0.065 -0.06454067
0.0635 -0.065 -0.06452938
0.064 -0.065 -0.06451823
0.0645 -0.065 -0.0645072
0.065 -0.065 -0.064496286
0.0655 -0.065 -0.0644855
0.066 -0.065 -0.06447483
0.0665 -0.065 -0.064464286
0.067 -0.065 -0.064453855
0.0675 -0.065 -0.06444356
0.068 -0.065 -0.064433366
0.0685 -0.065 -0.06442329
0.069 -0.065 -0.06441334
0.0695 -0.065 -0.064403504
0.07 -0.065 -0.06439378
0.0705 -0.065 -0.06438418
0.071 -0.065 -0.06437469
0.0715 -0.065 -0.06436532
0.072 -0.065 -0.06435606
0.0725 -0.065 -0.06434691
0.073 -0.065 -0.064337865
0.0735 -0.065 -0.06432894
0.074 -0.065 -0.06432012
0.0745 -0.065 -0.064311415
0.075 -0.065 -0.06430282
0.0755 -0.065 -0.06429432
0.076 -0.065 -0.06428594
0.0765 -0.065 -0.064277664
0.077 -0.065 -0.06426948
0.0775 -0.065 -0.06426142
0.078 -0.065 -0.064253464
0.0785 -0.065 -0.0642456
0.079 -0.065 -0.06423784
0.0795 -0.065 -0.06423018
0.08 -0.065 -0.06422262
0.0805 -0.065 -0.06421517
0.081 -0.065 -0.06420781
0.0815 -0.065 -0.06420055
0.082 -0.065 -0.06419338
0.0825 -0.065 -0.06418632
0.083 -0.065 -0.06417935
0.0835 -0.065 -0.06417248
0.084 -0.065 -0.0641657
0.0845 -0.065 -0.064159006
0.085 -0.065 -0.064152405
0.0855 -0.065 -0.06414591
0.086 -0.065 -0.06413949
0.0865 -0.065 -0.06413317
0.087 -0.065 -0.06412694
0.0875 -0.065 -0.064120784
0.088 -0.065 -0.06411472
0.0885 -0.065 -0.06410875
0.089 -0.065 -0.06410286
0.0895 -0.065 -0.06409706
0.09 -0.065 -0.06409134
0.0905 -0.065 -0.0640857
0.091 -0.065 -0.06408014
0.0915 -0.065 -0.064074665
0.092 -0.065 -0.06406926
0.0925 -0.065 -0.064063944
0.093 -0.065 -0.064058706
0.0935 -0.065 -0.06405354
0.094 -0.065 -0.064048454
0.0945 -0.065 -0.06404345
0.095 -0.065 -0.064038515
0.0955 -0.065 -0.06403366
0.096 -0.065 -0.06402886
0.0965 -0.065 -0.06402415
0.097 -0.065 -0.0640195
0.0975 -0.065 -0.06401493
0.098 -0.065 -0.06401043
0.0985 -0.065 -0.064005986
0.099 -0.065 -0.06400162
0.0995 -0.065 -0.06399732
0.1 -0.065 -0.05866605
0.1005 -0.05205612 -0.05250453
0.101 -0.03678555 -0.04599288
0.1015 -0.02642051 -0.039367422
0.102 -0.01935535 -0.03275317
0.1025 -0.01394585 -0.026218949
0.103 -0.009311454 -0.019803096
0.1035 -0.005023821 -0.013526574
0.104 -0.0008967279 -0.007400036
0.1045 0.003115461 -0.0014279112
0.105 0.007031527 0.0043892413
0.1055 0.01091859 0.010053169
0.106 0.01480548 0.015567098
0.1065 0.01868723 0.020935103
0.107 0.02255614 0.026161775
0.1075 0.02642019 0.031251878
0.108 0.03027984 0.03621032
0.1085 0.03413009 0.041041918
0.109 0.03796465 0.045751423
0.1095 0.0417781 0.05034341
0.11 0.04556702 0.05482234
0.1105 0.04932908 0.05919244
0.111 0.05306279 0.06345781
0.1115 0.05676717 0.067622304
0.112 0.06044165 0.071689665
0.1125 0.06408584 0.07566342
0.113 0.06769939 0.07954687
0.1135 0.07128201 0.08334327
0.114 0.07483355 0.08705564
0.1145 0.07835392 0.09068687
0.115 0.08184136 0.09423973
0.1155 0.08527853 0.09771676
0.116 0.08867512 0.101120576
0.1165 0.09204577 0.104453474
0.117 0.09539416 0.10771777
0.1175 0.09870711 0.11091559
0.118 0.1019618 0.11404903
0.1185 0.1051808 0.11712
0.119 0.1083802 0.120130464
0.1195 0.1115629 0.123082235
0.12 0.1147258 0.1259769
0.1205 0.117865 0.12881628
0.121 0.1209769 0.13160188
0.1215 0.1240592 0.13433519
0.122 0.1271103 0.13701771
0.1225 0.1301113 0.1396508
0.123 0.1330368 0.14223588
0.1235 0.1359186 0.14477415
0.124 0.1387853 0.14726686
0.1245 0.1416428 0.14971526
0.125 0.1444868 0.15212044
0.1255 0.1473104 0.15448354
0.126 0.1501074 0.15680559
0.1265 0.1528743 0.15908766
0.127 0.1556091 0.16133067
0.1275 0.1583128 0.16353558
0.128 0.1609854 0.1657034
0.1285 0.1636157 0.16783494
0.129 0.1661922 0.16993105
0.1295 0.1687342 0.17199261
0.13 0.1712546 0.17402035
0.1305 0.1737398 0.17601512
0.131 0.1761779 0.17797762
0.1315 0.1785865 0.1799086
0.132 0.1809572 0.18180877
0.1325 0.1832937 0.18367876
0.133 0.1855978 0.18551925
0.1335 0.1878699 0.18733092
0.134 0.1901309 0.18911435
0.1345 0.1923824 0.19087012
0.135 0.1946254 0.19259888
0.1355 0.1968558 0.19430114
0.136 0.1990424 0.19597748
0.1365 0.2011837 0.19762841
0.137 0.2033082 0.19925444
0.1375 0.2054225 0.20085612
0.138 0.207524 0.20243385
0.1385 0.209608 0.20398822
0.139 0.2116695 0.20551963
0.1395 0.2137051 0.20702846
0.14 0.215708 0.2085153
0.1405 0.2176793 0.20998044
0.141 0.2196249 0.21142443
0.1415 0.2215323 0.21284752
0.142 0.2233906 0.21425022
0.1425 0.2252246 0.21563287
0.143 0.2270471 0.21699582
0.1435 0.2288598 0.21833949
0.144 0.2306601 0.21966417
0.1445 0.2324322 0.22097023
0.145 0.2339289 0.22225799
0.1455 0.2353872 0.22352786
0.146 0.2369419 0.22478016
0.1465 0.238585 0.22601505
0.147 0.2402794 0.22723298
0.1475 0.2419922 0.22843416
0.148 0.2437005 0.22961898
0.1485 0.2453739 0.23078768
0.149 0.2469939 0.2319405
0.1495 0.2485842 0.23307772
0.15 0.250158 0.2294605
0.1505 0.2387842 0.22586907
0.151 0.2250653 0.22230373
0.1515 0.2162111 0.21876486
0.152 0.2106172 0.21525265
0.1525 0.2066407 0.21176736
0.153 0.2034007 0.20830919
0.1535 0.2004877 0.20487843
0.154 0.1977203 0.20147537
0.1545 0.1950191 0.19810018
0.155 0.1923493 0.19475317
0.1555 0.1896957 0.19143452
0.156 0.1870418 0.18814445
0.1565 0.1843687 0.18488318
0.157 0.1817021 0.18165088
0.1575 0.17903 0.17844783
0.158 0.1763755 0.17527415
0.1585 0.1737481 0.17213003
0.159 0.1711444 0.16901569
0.1595 0.1685593 0.16593124
0.16 0.1659889 0.16287695
0.1605 0.163431 0.15985286
0.161 0.1608845 0.15685916
0.1615 0.1583493 0.15389596
0.162 0.1558258 0.15096347
0.1625 0.1533145 0.14806172
0.163 0.1508161 0.14519091
0.1635 0.1483313 0.14235108
0.164 0.1458608 0.13954236
0.1645 0.1434054 0.1367648
0.165 0.1409655 0.13401854
0.1655 0.1385418 0.13130364
0.166 0.1361347 0.12862012
0.1665 0.1337447 0.12596804
0.167 0.1313722 0.12334745
0.1675 0.1290177 0.120758355
0.168 0.1266813 0.11820082
0.1685 0.1243635 0.11567485
0.169 0.1220646 0.11318043
0.1695 0.1197847 0.11071755
0.17 0.1175241 0.10828622
0.1705 0.115283 0.105886355
0.171 0.1130616 0.103517964
0.1715 0.1108601 0.101180986
0.172 0.1086785 0.098875314
0.1725 0.1065171 0.096600965
0.173 0.1043759 0.09435776
0.1735 0.102255 0.09214564
0.174 0.1001546 0.089964494
0.1745 0.09807456 0.08781421
0.175 0.09601506 0.08569464
0.1755 0.09397612 0.08360563
0.176 0.09195775 0.08154704
0.1765 0.08995996 0.079518706
0.177 0.08798277 0.07752046
0.1775 0.08602615 0.07555209
0.178 0.08409009 0.07361337
0.1785 0.08217457 0.07170411
0.179 0.08027953 0.06982409
0.1795 0.07840495 0.06797305
0.18 0.07655076 0.066150755
0.1805 0.0747169 0.06435689
0.181 0.07290331 0.06259122
0.1815 0.07110989 0.06085342
0.182 0.06933659 0.059143208
0.1825 0.06758329 0.05746027
0.183 0.06584992 0.05580426
0.1835 0.06413636 0.054174855
0.184 0.06244251 0.052571714
0.1845 0.06076827 0.050994426
0.185 0.05911351 0.049442664
0.1855 0.05747812 0.047916025
0.186 0.05586198 0.046414137
0.1865 0.05426495 0.044936575
0.187 0.0526869 0.043482937
0.1875 0.05112771 0.042052783
0.188 0.04958723 0.040645666
0.1885 0.04806532 0.039261192
0.189 0.04656185 0.03789887
0.1895 0.04507666 0.036558285
0.19 0.04360961 0.035238937
0.1905 0.04216055 0.033940397
0.191 0.04072933 0.032662183
0.1915 0.0393158 0.03140381
0.192 0.03791979 0.030164823
0.1925 0.03654116 0.028944686
0.193 0.03517974 0.027742967
0.1935 0.03383539 0.026559167
0.194 0.03250793 0.0253928
0.1945 0.03119722 0.024243377
0.195 0.02990308 0.02311042
0.1955 0.02862536 0.021993458
0.196 0.0273639 0.020892002
0.1965 0.02611853 0.01980558
0.197 0.02488909 0.018733732
0.1975 0.02367541 0.017675996
0.198 0.02247735 0.016631916
0.1985 0.02129472 0.015601058
0.199 0.02012738 0.014582973
0.1995 0.01897515 0.01357723
0.2 0.01783788 0.018622823
0.2005 0.0296559 0.02365721
0.201 0.04377543 0.028654054
0.2015 0.05297767 0.033595458
0.202 0.05891278 0.038469285
0.2025 0.06322924 0.043267444
0.203 0.06681634 0.0479846
0.2035 0.07009026 0.052617528
0.204 0.07323036 0.057164386
0.2045 0.07631055 0.061624452
0.205 0.07936024 0.065997764
0.2055 0.08239073 0.07028491
0.206 0.08540622 0.0744869
0.2065 0.08840831 0.07860499
0.207 0.09139741 0.08264072
0.2075 0.09437326 0.08659573
0.208 0.09733541 0.0904717
0.2085 0.1002835 0.09427048
0.209 0.1032143 0.09799388
0.2095 0.1061119 0.1016437
0.21 0.1089876 0.10522179
0.2105 0.1118529 0.10872994
0.211 0.1147093 0.112169966
0.2115 0.1175545 0.115543544
0.212 0.1203866 0.11885241
0.2125 0.1232036 0.12209827
0.213 0.1260038 0.12528266
0.2135 0.1287852 0.12840723
0.214 0.1315458 0.13147351
0.2145 0.1342632 0.13448292
0.215 0.1369438 0.13743694
0.2155 0.1396057 0.14033698
0.216 0.1422402 0.14318436
0.2165 0.1448395 0.14598042
0.217 0.1474027 0.1487264
0.2175 0.1499443 0.15142353
0.218 0.152485 0.15407301
0.2185 0.155018 0.15667598
0.219 0.1575219 0.15923357
0.2195 0.1600115 0.16174683
0.22 0.1624958 0.16421683
0.2205 0.1649733 0.16664456
0.221 0.167439 0.16903102
0.2215 0.1698882 0.17137714
0.222 0.1723142 0.17368387
0.2225 0.1746865 0.17595205
0.223 0.1770255 0.17818259
0.2235 0.1793506 0.1803763
0.224 0.1816643 0.182534
0.2245 0.1839608 0.18465647
0.225 0.1862322 0.1867445
0.2255 0.18848 0.1887988
0.226 0.190707 0.1908201
0.2265 0.1929136 0.1928091
0.227 0.1950992 0.19476648
0.2275 0.197249 0.19669287
0.228 0.1993502 0.19858895
0.2285 0.2014269 0.20045535
0.229 0.2034916 0.20229264
0.2295 0.2053556 0.20410141
0.23 0.2071294 0.20588227
0.2305 0.2089811 0.20763578
0.231 0.2109154 0.2093624
0.2315 0.2129 0.21106274
0.232 0.2149038 0.21273734
0.2325 0.2169044 0.21438657
0.233 0.2188884 0.216011
0.2335 0.2208479 0.21761109
0.234 0.2227706 0.21918727
0.2345 0.2246336 0.22074006
0.235 0.2264596 0.22226991
0.2355 0.2282674 0.22377713
0.236 0.2300615 0.22526224
0.2365 0.2318403 0.22672565
0.237 0.2336009 0.22816773
0.2375 0.2353404 0.22958882
0.238 0.2370536 0.23098932
0.2385 0.2386838 0.23236968
0.239 0.2402554 0.2337301
0.2395 0.2418254 0.23507108
0.24 0.2434058 0.23639293
0.2405 0.2449913 0.23769595
0.241 0.2465732 0.23898049
0.2415 0.2481282 0.24024685
0.242 0.2496351 0.24149533
0.2425 0.2511286 0.24272628
0.243 0.2526188 0.24394004
0.2435 0.2541034 0.24513681
0.244 0.2555622 0.2463169
0.2445 0.2569868 0.24748059
0.245 0.2583961 0.24862818
0.2455 0.2597977 0.24975993
0.246 0.261191 0.25087607
0.2465 0.2625721 0.25197685
0.247 0.2639388 0.25306255
0.2475 0.2652897 0.2541334
0.248 0.2666231 0.25518972
0.2485 0.2679377 0.2562316
0.249 0.2692336 0.25725943
0.2495 0.2705118 0.2582733
0.25 0.2717726 0.25448626
0.2505 0.2600732 0.25072628
0.251 0.2460174 0.24699356
0.2515 0.2368364 0.2432883
0.252 0.2309091 0.2396108
0.2525 0.2265834 0.23596115
0.253 0.2230124 0.23233975
0.2535 0.2197942 0.22874667
0.254 0.2167433 0.22518213
0.2545 0.2137743 0.22164641
0.255 0.2108476 0.2181396
0.2555 0.2079445 0.21466197
0.256 0.2050563 0.21121363
0.2565 0.2021791 0.20779474
0.257 0.1993116 0.20440559
0.2575 0.1964536 0.20104617
0.258 0.1936053 0.19771676
0.2585 0.1907675 0.19441743
0.259 0.1879408 0.19114834
0.2595 0.1851262 0.18790965
0.26 0.1823244 0.18470146
0.2605 0.1795363 0.18152383
0.261 0.1767626 0.17837696
0.2615 0.1740039 0.1752609
0.262 0.171261 0.17217581
0.2625 0.1685344 0.1691217
0.263 0.1658248 0.16609871
0.2635 0.1631327 0.16310684
0.264 0.1604585 0.16014622
0.2645 0.1578028 0.15721689
0.265 0.155166 0.15431888
0.2655 0.1525484 0.15145227
0.266 0.1499505 0.14861703
0.2665 0.1473726 0.14581324
0.267 0.144815 0.14304088
0.2675 0.1422781 0.14029998
0.268 0.139762 0.13759053
0.2685 0.137267 0.13491254
0.269 0.1347933 0.132266
0.2695 0.1323412 0.12965086
0.27 0.1299108 0.12706707
0.2705 0.1275023 0.124514595
0.271 0.1251158 0.12199341
0.2715 0.1227515 0.11950342
0.272 0.1204094 0.11704458
0.2725 0.1180896 0.1146168
0.273 0.1157922 0.112220004
0.2735 0.1135174 0.10985404
0.274 0.111265 0.10751885
0.2745 0.1090352 0.10521428
0.275 0.106828 0.10294025
0.2755 0.1046433 0.10069658
0.276 0.1024813 0.09848313
0.2765 0.1003417 0.09629977
0.277 0.09822476 0.09414631
0.2775 0.09613027 0.09202255
0.278 0.09405824 0.08992833
0.2785 0.09200861 0.08786343
0.279 0.0899813 0.08582769
0.2795 0.08797626 0.083820835
0.28 0.0859934 0.081842646
0.2805 0.08403263 0.079892926
0.281 0.08209386 0.077971384
0.2815 0.080177 0.0760778
0.282 0.07828192 0.07421185
0.2825 0.07640853 0.07237327
0.283 0.0745567 0.070561804
0.2835 0.0727263 0.06877714
0.284 0.07091722 0.067018926
0.2845 0.06912931 0.065286905
0.285 0.06736245 0.06358072
0.2855 0.06561648 0.061900042
0.286 0.06389127 0.060244508
0.2865 0.06218667 0.058613807
0.287 0.06050252 0.05700753
0.2875 0.05883867 0.055425316
0.288 0.05719496 0.05386682
0.2885 0.05557123 0.052331604
0.289 0.05396733 0.05081933
0.2895 0.05238308 0.049329564
0.29 0.05081832 0.047861896
0.2905 0.04927288 0.046415925
0.291 0.0477466 0.04499124
0.2915 0.04623929 0.04358743
0.292 0.04475079 0.042204052
0.2925 0.04328093 0.040840685
0.293 0.04182952 0.0394969
0.2935 0.0403964 0.03817226
0.294 0.03898139 0.0368663
0.2945 0.0375843 0.035578616
0.295 0.03620497 0.03430876
0.2955 0.03484322 0.033056304
0.296 0.03349886 0.03182082
0.2965 0.03217173 0.030601814
0.297 0.03086163 0.029398933
0.2975 0.0295684 0.028211698
0.298 0.02829185 0.027039707
0.2985 0.02703182 0.025882535
0.299 0.02578811 0.024739742
0.2995 0.02456055 0.023610964
0.3 0.02334897 0.028492242
0.3005 0.03509107 0.03335198
0.301 0.04914207 0.038170077
0.3015 0.05829197 0.04293257
0.302 0.06416955 0.047629848
0.3025 0.06842463 0.052255332
0.303 0.07195294 0.0568047
0.3035 0.07516725 0.06127523
0.304 0.07824519 0.06566545
0.3045 0.08126076 0.06997467
0.305 0.08424445 0.07420291
0.3055 0.0872089 0.078350656
0.306 0.09015906 0.082418784
0.3065 0.09309673 0.08640839
0.307 0.09602248 0.09032071
0.3075 0.09893044 0.09415725
0.308 0.1018085 0.09791945
0.3085 0.1046708 0.10160895
0.309 0.1075252 0.10522731
0.3095 0.1103723 0.10877614
0.31 0.1132105 0.11225711
0.3105 0.1160375 0.11567183
0.311 0.1188315 0.11902189
0.3115 0.121595 0.122308865
0.312 0.1243448 0.12553425
0.3125 0.1270855 0.1286996
0.313 0.129816 0.13180637
0.3135 0.1325348 0.13485602
0.314 0.1352306 0.1378499
0.3145 0.1378861 0.14078942
0.315 0.1405175 0.14367585
0.3155 0.1431237 0.14651051
0.316 0.1457026 0.14929467
0.3165 0.1482678 0.15202948
0.317 0.1508047 0.15471616
0.3175 0.1533272 0.15735583
0.318 0.1558471 0.1599496
0.3185 0.1583638 0.16249853
0.319 0.1608722 0.1650037
0.3195 0.1633666 0.16746604
0.32 0.165843 0.1698866
0.3205 0.1682808 0.17226627
0.321 0.1706718 0.17460601
0.3215 0.1730435 0.1769067
0.322 0.1754039 0.17916922
0.3225 0.1777479 0.18139441
0.323 0.1800692 0.18358304
0.3235 0.1823698 0.18573591
0.324 0.1846513 0.18785381
0.3245 0.1869135 0.18993752
0.325 0.1891553 0.19198771
0.3255 0.1913693 0.19400507
0.326 0.1935327 0.19599037
0.3265 0.1956647 0.19794416
0.327 0.1977684 0.19986717
0.3275 0.1996406 0.20175998
0.328 0.201493 0.20362325
0.3285 0.2034304 0.20545752
0.329 0.2054421 0.20726345
0.3295 0.2074949 0.20904152
0.33 0.2095599 0.21079226
0.3305 0.2116175 0.21251632
0.331 0.2136561 0.2142141
0.3315 0.2156692 0.21588616
0.332 0.2176495 0.21753298
0.3325 0.2195711 0.21915506
0.333 0.2214505 0.22075285
0.3335 0.2233097 0.22232677
0.334 0.2251553 0.22387736
0.3345 0.2269864 0.22540496
0.335 0.2288001 0.22691001
0.3355 0.2305936 0.22839297
0.336 0.2323616 0.22985424
0.3365 0.234044 0.23129417
0.337 0.2356714 0.23271312
0.3375 0.2372975 0.23411156
0.338 0.238933 0.23548974
0.3385 0.2405726 0.23684813
0.339 0.2422078 0.23818697
0.3395 0.2438317 0.23950668
0.34 0.2454186 0.24080758
0.3405 0.246958 0.24208994
0.341 0.2484851 0.24335416
0.3415 0.2500081 0.24460049
0.342 0.2515213 0.24582924
0.3425 0.2529992 0.24704076
0.343 0.2544536 0.2482353
0.3435 0.255898 0.24941309
0.344 0.2573351 0.25057453
0.3445 0.2587622 0.25171977
0.345 0.2601756 0.25284916
0.3455 0.2615735 0.25396293
0.346 0.2629546 0.25506133
0.3465 0.2643172 0.25614464
0.347 0.2656605 0.25721306
0.3475 0.2669852 0.25826687
0.348 0.2682919 0.2593063
0.3485 0.2695813 0.2603315
0.349 0.2708536 0.26134282
0.3495 0.2721092 0.26234037
0.35 0.2733387 0.2585233
0.3505 0.2615647 0.25473356
0.351 0.2474375 0.25097132
0.3515 0.2382049 0.2472368
0.352 0.232265 0.24353023
0.3525 0.2279668 0.23985182
0.353 0.2244218 0.23620178
0.3535 0.2212155 0.23258038
0.354 0.2181631 0.22898768
0.3545 0.2151833 0.22542398
0.355 0.2122116 0.22188939
0.3555 0.2092297 0.21838416
0.356 0.2062709 0.21490844
0.3565 0.2033431 0.21146233
0.357 0.2004429 0.2080461
0.3575 0.1975643 0.20465977
0.358 0.1947028 0.20130362
0.3585 0.1918555 0.19797768
0.359 0.1890211 0.19468212
0.3595 0.186199 0.1914171
0.36 0.1833893 0.1881827
0.3605 0.1805927 0.18497905
0.361 0.1778098 0.18180624
0.3615 0.1750413 0.17866436
0.362 0.1722879 0.17555353
0.3625 0.1695505 0.1724738
0.363 0.1668296 0.16942526
0.3635 0.164126 0.16640794
0.364 0.1614401 0.16342196
0.3645 0.1587726 0.16046733
0.365 0.1561239 0.15754414
0.3655 0.1534945 0.15465234
0.366 0.1508848 0.151792
0.3665 0.1482951 0.14896323
0.367 0.1457258 0.14616594
0.3675 0.1431772 0.14340012
0.368 0.1406496 0.1406658
0.3685 0.1381433 0.13796298
0.369 0.1356584 0.13529164
0.3695 0.1331951 0.1326517
0.37 0.1307537 0.1300432
0.3705 0.1283343 0.12746604
0.371 0.1259371 0.12492019
0.3715 0.1235622 0.122405574
0.372 0.1212096 0.11992209
0.3725 0.1188795 0.1174697
0.373 0.116572 0.115048304
0.3735 0.1142871 0.11265777
0.374 0.1120248 0.11029802
0.3745 0.1097852 0.10796891
0.375 0.1075683 0.10567035
0.3755 0.1053742 0.10340218
0.376 0.1032027 0.10116424
0.3765 0.1010539 0.09895642
0.377 0.09892775 0.09677847
0.3775 0.09682424 0.09463027
0.378 0.0947433 0.09251161
0.3785 0.09268487 0.09042232
0.379 0.09064889 0.08836216
0.3795 0.08863529 0.086330906
0.38 0.08664398 0.0843284
0.3805 0.08467488 0.08235434
0.381 0.08272789 0.08040853
0.3815 0.0808029 0.07849067
0.382 0.07889982 0.076600514
0.3825 0.07701852 0.074737795
0.383 0.07515888 0.072902225
0.3835 0.07332079 0.0710935
0.384 0.07150411 0.06931133
0.3845 0.06970871 0.06755539
0.385 0.06793444 0.06582536
0.3855 0.06618117 0.06412092
0.386 0.06444875 0.06244172
0.3865 0.06273703 0.060787395
0.387 0.06104586 0.059157625
0.3875 0.05937508 0.057552025
0.388 0.05772453 0.055970237
0.3885 0.05609405 0.054411866
0.389 0.05448349 0.05287654
0.3895 0.05289266 0.051363856
0.39 0.05132141 0.04987341
0.3905 0.04976956 0.048404828
0.391 0.04823695 0.046957687
0.3915 0.0467234 0.045531563
0.392 0.04522874 0.04412604
0.3925 0.04375279 0.042740688
0.393 0.04229538 0.041375116
0.3935 0.04085634 0.040028863
0.394 0.03943547 0.03870152
0.3945 0.03803261 0.03739263
0.395 0.03664758 0.03610178
0.3955 0.0352802 0.03482853
0.396 0.03393029 0.033572435
0.3965 0.03259767 0.032333136
0.397 0.03128216 0.031110123
0.3975 0.02998359 0.02990301
0.398 0.02870177 0.028711364
0.3985 0.02743652 0.027534783
0.399 0.02618767 0.026372835
0.3995 0.02495504 0.02522514
0.4 0.02373846 0.024091259
0.4005 0.02253774 0.02297084
0.401 0.0213527 0.021863475
0.4015 0.02018318 0.020768799
0.402 0.019029 0.019686446
0.4025 0.01788998 0.018616036
0.403 0.01676595 0.017557241
0.4035 0.01565674 0.01650972
0.404 0.01456218 0.015473157
0.4045 0.01348209 0.01444722
0.405 0.01241631 0.013431616
0.4055 0.01136467 0.012426063
0.406 0.01032699 0.011430271
0.4065 0.009303124 0.010443993
0.407 0.008292893 0.009466961
0.4075 0.007296138 0.008498944
0.408 0.006312695 0.007539723
0.4085 0.005342402 0.006589096
0.409 0.004385099 0.0056468397
0.4095 0.003440627 0.0047127977
0.41 0.002508829 0.0037868023
0.4105 0.001589547 0.0028686896
0.411 0.0006826274 0.001958318
0.4115 -0.0002120846 0.0010555573
0.412 -0.001094741 0.00016029924
0.4125 -0.001965493 -0.00072757155
0.413 -0.002824491 -0.0016081333
0.4135 -0.003671882 -0.002481468
0.414 -0.004507814 -0.0033476464
0.4145 -0.005332432 -0.0042067394
0.415 -0.006145881 -0.005058769
0.4155 -0.006948302 -0.0059037916
0.416 -0.007739837 -0.006741829
0.4165 -0.008520627 -0.007572897
0.417 -0.009290809 -0.008397002
0.4175 -0.01005052 -0.009214159
0.418 -0.0107999 -0.010024369
0.4185 -0.01153907 -0.010827601
0.419 -0.01226818 -0.011623852
0.4195 -0.01298735 -0.012413096
0.42 -0.01369672 -0.0131953135
0.4205 -0.0143964 -0.013970468
0.421 -0.01508654 -0.014738541
0.4215 -0.01576725 -0.015499484
0.422 -0.01643866 -0.01625325
0.4225 -0.01710089 -0.016999813
0.423 -0.01775406 -0.017739117
0.4235 -0.0183983 -0.01847114
0.424 -0.01903372 -0.019195829
0.4245 -0.01966044 -0.01991313
0.425 -0.02027857 -0.020623013
0.4255 -0.02088823 -0.021325426
0.426 -0.02148954 -0.022020336
0.4265 -0.0220826 -0.0227077
0.427 -0.02266752 -0.023387473
0.4275 -0.02324442 -0.024059638
0.428 -0.02381341 -0.024724146
0.4285 -0.02437458 -0.025380969
0.429 -0.02492804 -0.02603007
0.4295 -0.02547391 -0.026671445
0.43 -0.02601228 -0.027305048
0.4305 -0.02654325 -0.027930874
0.431 -0.02706692 -0.028548902
0.4315 -0.02758339 -0.029159129
0.432 -0.02809276 -0.029761534
0.4325 -0.02859513 -0.030356118
0.433 -0.0290906 -0.030942881
0.4335 -0.02957924 -0.03152182
0.434 -0.03006117 -0.03209294
0.4345 -0.03053646 -0.032656252
0.435 -0.03100522 -0.03321177
0.4355 -0.03146752 -0.033759512
0.436 -0.03192347 -0.034299493
0.4365 -0.03237314 -0.034831733
0.437 -0.03281662 -0.035356283
0.4375 -0.033254 -0.035873152
0.438 -0.03368535 -0.036382377
0.4385 -0.03411077 -0.036883995
0.439 -0.03453034 -0.03737805
0.4395 -0.03494412 -0.037864573
0.44 -0.03535222 -0.038343623
0.4405 -0.03575469 -0.038815238
0.441 -0.03615163 -0.03927947
0.4415 -0.0365431 -0.039736375
0.442 -0.03692918 -0.04018601
0.4425 -0.03730995 -0.04062844
0.443 -0.03768548 -0.04106371
0.4435 -0.03805584 -0.041491885
0.444 -0.0384211 -0.041913044
0.4445 -0.03878133 -0.042327236
0.445 -0.03913661 -0.042734545
0.4455 -0.039487 -0.04313502
0.446 -0.03983257 -0.043528754
0.4465 -0.04017339 -0.043915793
0.447 -0.04050951 -0.04429623
0.4475 -0.04084102 -0.04467014
0.448 -0.04116796 -0.045037583
0.4485 -0.04149041 -0.045398645
0.449 -0.04180842 -0.04575341
0.4495 -0.04212206 -0.046101943
0.45 -0.04243139 -0.046444327
0.4505 -0.04273647 -0.04678064
0.451 -0.04303736 -0.047110964
0.4515 -0.04333411 -0.04743538
0.452 -0.04362678 -0.047753964
0.4525 -0.04391543 -0.048066802
0.453 -0.04420012 -0.048373967
0.4535 -0.0444809 -0.04867554
0.454 -0.04475782 -0.048971605
0.4545 -0.04503094 -0.04926224
0.455 -0.04530031 -0.049547527
0.4555 -0.04556598 -0.049827546
0.456 -0.04582801 -0.05010238
0.4565 -0.04608645 -0.0503721
0.457 -0.04634133 -0.0506368
0.4575 -0.04659273 -0.050896533
0.458 -0.04684067 -0.0511514
0.4585 -0.04708522 -0.05140147
0.459 -0.04732641 -0.051646825
0.4595 -0.0475643 -0.051887535
0.46 -0.04779893 -0.05212368
0.4605 -0.04803035 -0.052355334
0.461 -0.04825859 -0.052582566
0.4615 -0.04848371 -0.052805465
0.462 -0.04870575 -0.05302409
0.4625 -0.04892475 -0.053238526
0.463 -0.04914076 -0.053448834
0.4635 -0.0493538 -0.05365508
0.464 -0.04956394 -0.05385735
0.4645 -0.0497712 -0.054055706
0.465 -0.04997562 -0.054250225
0.4655 -0.05017726 -0.05444096
0.466 -0.05037613 -0.054627985
0.4665 -0.05057229 -0.05481137
0.467 -0.05076577 -0.05499117
0.4675 -0.05095661 -0.055167466
0.468 -0.05114484 -0.055340305
0.4685 -0.05133051 -0.05550976
0.469 -0.05151364 -0.055675887
0.4695 -0.05169427 -0.055838756
0.47 -0.05187244 -0.055998415
0.4705 -0.05204817 -0.05615492
0.471 -0.05222152 -0.05630835
0.4715 -0.0523925 -0.056458745
0.472 -0.05256115 -0.056606166
0.4725 -0.0527275 -0.05675067
0.473 -0.05289159 -0.056892306
0.4735 -0.05305344 -0.05703114
0.474 -0.05321309 -0.057167217
0.4745 -0.05337057 -0.057300583
0.475 -0.0535259 -0.057431296
0.4755 -0.05367912 -0.0575594
0.476 -0.05383026 -0.05768496
0.4765 -0.05397935 -0.05780802
0.477 -0.0541264 -0.05792862
0.4775 -0.05427146 -0.05804681
0.478 -0.05441455 -0.058162645
0.4785 -0.0545557 -0.05827615
0.479 -0.05469493 -0.05838739
0.4795 -0.05483227 -0.058496404
0.48 -0.05496774 -0.05860323
0.4805 -0.05510138 -0.058707915
0.481 -0.05523321 -0.058810502
0.4815 -0.05536325 -0.058911026
0.482 -0.05549152 -0.05900953
0.4825 -0.05561806 -0.059106052
0.483 -0.05574288 -0.059200637
0.4835 -0.05586602 -0.05929332
0.484 -0.05598748 -0.059384134
0.4845 -0.0561073 -0.05947312
0.485 -0.0562255 -0.059560314
0.4855 -0.0563421 -0.059645742
0.486 -0.05645713 -0.05972945
0.4865 -0.05657059 -0.059811473
0.487 -0.05668253 -0.059891842
0.4875 -0.05679295 -0.059970587
0.488 -0.05690188 -0.06004774
0.4885 -0.05700934 -0.06012333
0.489 -0.05711535 -0.060197406
0.4895 -0.05721992 -0.060269974
0.49 -0.05732309 -0.060341075
0.4905 -0.05742486 -0.060410734
0.491 -0.05752526 -0.06047898
0.4915 -0.05762431 -0.060545854
0.492 -0.05772202 -0.060611367
0.4925 -0.05781841 -0.060675558
0.493 -0.05791351 -0.06073844
0.4935 -0.05800732 -0.060800053
0.494 -0.05809987 -0.06086041
0.4945 -0.05819117 -0.06091955
0.495 -0.05828125 -0.06097748
0.4955 -0.05837011 -0.061034247
0.496 -0.05845778 -0.06108985
0.4965 -0.05854427 -0.061144333
0.497 -0.0586296 -0.06119771
0.4975 -0.05871378 -0.06125
0.498 -0.05879683 -0.061301224
0.4985 -0.05887876 -0.06135141
0.499 -0.05895959 -0.06140058
0.4995 -0.05903934 -0.061448738
