0.0 -0.065 -0.0463354
0.0005 -0.05364287 -0.045773946
0.001 -0.04159344 -0.04413688
0.0015 -0.03404892 -0.04184126
0.002 -0.02920272 -0.0391324
0.0025 -0.02563345 -0.036163475
0.003 -0.02264344 -0.033034302
0.0035 -0.01992458 -0.02981206
0.004 -0.01734406 -0.026543114
0.0045 -0.01484419 -0.023259971
0.005 -0.0124046 -0.019985728
0.0055 -0.01001886 -0.01673692
0.006 -0.007670595 -0.013525441
0.0065 -0.005351384 -0.010359731
0.007 -0.003059248 -0.007245902
0.0075 -0.0007958913 -0.0041880794
0.008 0.00142278 -0.0011891462
0.0085 0.00360312 0.0017491207
0.009 0.005757585 0.004625708
0.0095 0.007880903 0.0074401647
0.01 0.00997466 0.010192521
0.0105 0.01204763 0.012883142
0.011 0.01410114 0.015512601
0.0115 0.01613214 0.0180818
0.012 0.01813839 0.020591602
0.0125 0.02011935 0.023043118
0.013 0.02207418 0.02543746
0.0135 0.02400231 0.027775839
0.014 0.02590353 0.03005948
0.0145 0.02777735 0.032289565
0.015 0.02962383 0.034467444
0.0155 0.03144331 0.036594287
0.016 0.03323623 0.038671367
0.0165 0.03500302 0.040699907
0.017 0.03674408 0.042681076
0.0175 0.03845981 0.044616126
0.018 0.04015059 0.04650618
0.0185 0.04181677 0.04835237
0.019 0.04345869 0.050155826
0.0195 0.04507669 0.051917613
0.02 0.04667106 0.0536388
0.0205 0.04824211 0.05532042
0.021 0.04979015 0.056963444
0.0215 0.05131547 0.058568865
0.022 0.05281834 0.060137644
0.0225 0.05429906 0.061670654
0.023 0.05575791 0.06316884
0.0235 0.05719515 0.064633004
0.024 0.05861107 0.06606403
0.0245 0.06000593 0.06746274
0.025 0.06138002 0.06882991
0.0255 0.06273359 0.07016632
0.026 0.06406692 0.071472704
0.0265 0.06538026 0.07274983
0.027 0.06667389 0.07399828
0.0275 0.06794807 0.07521887
0.028 0.06920306 0.076412216
0.0285 0.07043911 0.07757895
0.029 0.07165648 0.07871969
0.0295 0.07285543 0.07983505
0.03 0.07403619 0.08092566
0.0305 0.07519899 0.081992015
0.031 0.0763348 0.08303477
0.0315 0.07743132 0.084054366
0.032 0.07851018 0.0850514
0.0325 0.07958205 0.08602634
0.033 0.0806477 0.08697973
0.0335 0.08170464 0.08791201
0.034 0.08275017 0.08882369
0.0345 0.08378228 0.0897152
0.035 0.08479974 0.090586975
0.0355 0.08580192 0.091439486
0.036 0.08678868 0.0922731
0.0365 0.08776004 0.093088284
0.037 0.0887161 0.09388541
0.0375 0.089657 0.09466484
0.038 0.09058297 0.09542702
0.0385 0.09149426 0.09617223
0.039 0.09239113 0.096900925
0.0395 0.09327385 0.09761341
0.04 0.09414268 0.09830998
0.0405 0.09499787 0.098991066
0.041 0.09583968 0.09965688
0.0415 0.09666833 0.10030781
0.042 0.09748406 0.100944206
0.0425 0.09828707 0.101566255
0.043 0.09907759 0.10217433
0.0435 0.09985582 0.102768674
0.044 0.100622 0.10334964
0.0445 0.1013762 0.103917375
0.045 0.1021187 0.104472235
0.0455 0.1028497 0.10501446
0.046 0.1035693 0.10554434
0.0465 0.1042778 0.10606207
0.047 0.1049753 0.106567964
0.0475 0.1056619 0.107062176
0.048 0.1063379 0.107544914
0.0485 0.1070035 0.108016476
0.049 0.1076586 0.10847707
0.0495 0.1083034 0.10892694
0.05 0.108937 0.10936622
0.0505 0.1095602 0.10979515
0.051 0.1101737 0.110213935
0.0515 0.1107781 0.110622734
0.052 0.1113735 0.11102179
0.0525 0.1119597 0.11141127
0.053 0.1125369 0.11179137
0.0535 0.1131053 0.11216226
0.054 0.113665 0.11252411
0.0545 0.1142161 0.112877086
0.055 0.1147589 0.11322138
0.0555 0.1152935 0.113557115
0.056 0.1158168 0.11388455
0.0565 0.1162869 0.11420375
0.057 0.1167249 0.11451486
0.0575 0.1171656 0.11481807
0.058 0.1176188 0.11511354
0.0585 0.1180739 0.11540139
0.059 0.1185171 0.11568172
0.0595 0.1189607 0.11595482
0.06 0.1194094 0.11622064
0.0605 0.1198615 0.11647943
0.061 0.1203139 0.11673124
0.0615 0.1207635 0.11697623
0.062 0.1212083 0.117214605
0.0625 0.121647 0.11744639
0.063 0.1220789 0.11767167
0.0635 0.1225038 0.117890686
0.064 0.1229215 0.11810355
0.0645 0.1233322 0.11831027
0.065 0.1237359 0.118511036
0.0655 0.1241329 0.1187059
0.066 0.1245234 0.118894994
0.0665 0.1249076 0.11907846
0.067 0.1252855 0.11925633
0.0675 0.1256575 0.119428724
0.068 0.1260235 0.119595736
0.0685 0.1263839 0.11975749
0.069 0.1267386 0.11991413
0.0695 0.1270878 0.12006566
0.07 0.1274316 0.12021221
0.0705 0.1277701 0.12035382
0.071 0.1281035 0.1204907
0.0715 0.1284317 0.120622784
0.072 0.1287547 0.12075031
0.0725 0.1290726 0.12087324
0.073 0.1293857 0.12099169
0.0735 0.129694 0.12110573
0.074 0.1299977 0.12121549
0.0745 0.1302968 0.12132098
0.075 0.1305913 0.121422306
0.0755 0.1308814 0.12151955
0.076 0.1311669 0.12161274
0.0765 0.1314318 0.12170203
0.077 0.1316406 0.121787444
0.0775 0.1318243 0.12186907
0.078 0.1320207 0.12194693
0.0785 0.1322393 0.12202114
0.079 0.1324764 0.12209174
0.0795 0.1327251 0.122158736
0.08 0.1329794 0.12222232
0.0805 0.133235 0.12228243
0.081 0.1334892 0.122339204
0.0815 0.1337404 0.122392714
0.082 0.1339876 0.122442946
0.0825 0.1342306 0.12249
0.083 0.1344693 0.12253395
0.0835 0.1347038 0.12257479
0.084 0.1349341 0.12261267
0.0845 0.1351605 0.1226476
0.085 0.135383 0.12267955
0.0855 0.1356018 0.12270868
0.086 0.135817 0.12273502
0.0865 0.1360288 0.12275857
0.087 0.1362372 0.122779444
0.0875 0.1364423 0.1227977
0.088 0.1366443 0.122813314
0.0885 0.1368432 0.12282634
0.089 0.137039 0.12283687
0.0895 0.1372318 0.122844934
0.09 0.1374212 0.12285055
0.0905 0.1376074 0.122853816
0.091 0.1377909 0.122854695
0.0915 0.1379716 0.12285331
0.092 0.1381499 0.1228496
0.0925 0.1383256 0.12284377
0.093 0.1384945 0.12283574
0.0935 0.1386588 0.12282555
0.094 0.1388214 0.122813255
0.0945 0.1389827 0.12279889
0.095 0.139142 0.12278253
0.0955 0.1392987 0.122764155
0.096 0.1394529 0.122743845
0.0965 0.1396053 0.12272161
0.097 0.139756 0.12269749
0.0975 0.1399053 0.12267156
0.098 0.1400532 0.122643754
0.0985 0.1401995 0.12261422
0.099 0.1403442 0.12258294
0.0995 0.1404872 0.122549936
0.1 0.1406284 0.11964302
0.1005 0.1309794 0.116858855
0.101 0.1222313 0.11419384
0.1015 0.1175617 0.11164445
0.102 0.1149879 0.1092072
0.1025 0.1133285 0.10687864
0.103 0.1120713 0.104655415
0.1035 0.1109846 0.10253425
0.104 0.1099825 0.10051191
0.1045 0.1090547 0.09858519
0.105 0.1081866 0.09675108
0.1055 0.1073741 0.09500651
0.106 0.1066173 0.09334861
0.1065 0.1059101 0.09177445
0.107 0.1052457 0.0902812
0.1075 0.1046189 0.088866144
0.108 0.1040257 0.08752665
0.1085 0.1034636 0.086260065
0.109 0.1029306 0.08506386
0.1095 0.1024244 0.08393557
0.11 0.1019435 0.0824098
0.1105 0.09993593 0.08092336
0.111 0.09637215 0.07947477
0.1115 0.09324109 0.07806263
0.112 0.09073235 0.07668555
0.1125 0.0886185 0.07534216
0.113 0.0867138 0.074031174
0.1135 0.08491583 0.07275134
0.114 0.08317486 0.071501434
0.1145 0.08146793 0.070280276
0.115 0.07978468 0.0690867
0.1155 0.07812038 0.06791961
0.116 0.07647014 0.06677795
0.1165 0.07483144 0.065660715
0.117 0.07320899 0.06456691
0.1175 0.07160504 0.06349559
0.118 0.07001974 0.06244591
0.1185 0.06845255 0.061416924
0.119 0.06690055 0.060407832
0.1195 0.06536173 0.059417814
0.12 0.06384018 0.058446154
0.1205 0.06233784 0.057492115
0.121 0.0608548 0.056554973
0.1215 0.05939057 0.05563408
0.122 0.05794465 0.05472879
0.1225 0.05651669 0.0538385
0.123 0.0551065 0.052962616
0.1235 0.05371402 0.05210057
0.124 0.05233922 0.051251866
0.1245 0.05098213 0.050415948
0.125 0.04964276 0.04959233
0.1255 0.04832116 0.048780583
0.126 0.04701732 0.04798025
0.1265 0.04573128 0.047190875
0.127 0.044463 0.04641202
0.1275 0.04321248 0.0456433
0.128 0.04197968 0.04488434
0.1285 0.04076455 0.04413481
0.129 0.03956704 0.043394275
0.1295 0.03838709 0.042662427
0.13 0.03722462 0.041938983
0.1305 0.03607954 0.041223593
0.131 0.03495177 0.040515915
0.1315 0.0338412 0.039815687
0.132 0.03274774 0.03912258
0.1325 0.03167126 0.038436368
0.133 0.03061167 0.03775674
0.1335 0.02956882 0.037083507
0.134 0.02854261 0.036416374
0.1345 0.02753289 0.035755113
0.135 0.02653954 0.035099477
0.1355 0.02556241 0.03444927
0.136 0.02460137 0.033804305
0.1365 0.02365627 0.033164375
0.137 0.02272696 0.032529213
0.1375 0.02181329 0.031898767
0.138 0.02091512 0.031272814
0.1385 0.02003228 0.030651182
0.139 0.01916462 0.0300337
0.1395 0.01831199 0.029420294
0.14 0.01747423 0.028810821
0.1405 0.01665117 0.028205141
0.141 0.01584265 0.02760318
0.1415 0.01504851 0.027004786
0.142 0.01426859 0.026409902
0.1425 0.01350273 0.025818504
0.143 0.01275075 0.025230482
0.1435 0.0120125 0.024645746
0.144 0.01128781 0.02406431
0.1445 0.01057652 0.023486122
0.145 0.009878461 0.022911161
0.1455 0.009193467 0.022339396
0.146 0.008521376 0.02177085
0.1465 0.007862023 0.021205544
0.147 0.007215246 0.020643428
0.1475 0.00658088 0.020084515
0.148 0.005958764 0.019528873
0.1485 0.005348735 0.018976517
0.149 0.004750634 0.018427484
0.1495 0.004164299 0.017881833
0.15 0.003589571 0.0161919
0.1505 0.003009648 0.014595762
0.151 0.002419454 0.01308687
0.1515 0.001837415 0.011659168
0.152 0.001265341 0.010307156
0.1525 0.000702323 0.009025469
0.153 0.0001474077 0.0078094676
0.1535 -0.0004000383 0.0066546723
0.154 -0.000940396 0.005556904
0.1545 -0.001473898 0.0045123324
0.155 -0.002000698 0.0035174713
0.1555 -0.002520912 0.0025689378
0.156 -0.003034635 0.0016637295
0.1565 -0.00354195 0.00079901516
0.157 -0.004042936 -2.7872622e-05
0.1575 -0.004537669 -0.00081938505
0.158 -0.005026219 -0.0015777946
0.1585 -0.005508656 -0.002305217
0.159 -0.005985107 -0.0030036196
0.1595 -0.006456567 -0.0036748275
0.16 -0.006922515 -0.004320517
0.1605 -0.007382247 -0.0049422756
0.161 -0.007835717 -0.005541578
0.1615 -0.008283087 -0.006119795
0.162 -0.008724545 -0.0066781864
0.1625 -0.009160244 -0.0072178915
0.163 -0.009590307 -0.0077400357
0.1635 -0.01001483 -0.008245669
0.164 -0.01043387 -0.008735687
0.1645 -0.01084752 -0.009210959
0.165 -0.0112558 -0.009672344
0.1655 -0.01165878 -0.010120563
0.166 -0.0120565 -0.010556348
0.1665 -0.012449 -0.01098033
0.167 -0.01283632 -0.011393145
0.1675 -0.01321852 -0.011795327
0.168 -0.01359562 -0.012187444
0.1685 -0.01396766 -0.012569942
0.169 -0.0143347 -0.012943283
0.1695 -0.01469676 -0.013307907
0.17 -0.01505389 -0.013664193
0.1705 -0.01540612 -0.014012508
0.171 -0.0157535 -0.014353216
0.1715 -0.01609606 -0.014686592
0.172 -0.01643383 -0.015012942
0.1725 -0.01676686 -0.015332557
0.173 -0.01709518 -0.01564566
0.1735 -0.01741883 -0.015952505
0.174 -0.01773785 -0.0162533
0.1745 -0.01805226 -0.016548276
0.175 -0.0183621 -0.01683759
0.1755 -0.01866742 -0.017121434
0.176 -0.01896824 -0.017399982
0.1765 -0.01926459 -0.01767335
0.177 -0.01955652 -0.017941706
0.1775 -0.01984405 -0.018205173
0.178 -0.02012722 -0.018463887
0.1785 -0.02040606 -0.018717974
0.179 -0.02068061 -0.018967513
0.1795 -0.02095089 -0.019212626
0.18 -0.02121694 -0.019453395
0.1805 -0.02148029 -0.019689918
0.181 -0.0217459 -0.019922268
0.1815 -0.02200857 -0.020150531
0.182 -0.0222648 -0.020374782
0.1825 -0.02251402 -0.020595089
0.183 -0.02275687 -0.020811506
0.1835 -0.02299417 -0.021024097
0.184 -0.02322663 -0.021232933
0.1845 -0.02345474 -0.021438077
0.185 -0.02367882 -0.02163956
0.1855 -0.02389907 -0.02183744
0.186 -0.02411558 -0.022031784
0.1865 -0.02432843 -0.0222226
0.187 -0.02453764 -0.022409946
0.1875 -0.02474323 -0.022593886
0.188 -0.02494521 -0.022774443
0.1885 -0.02514359 -0.022951663
0.189 -0.02533839 -0.02312556
0.1895 -0.02552962 -0.023296203
0.19 -0.02571728 -0.023463625
0.1905 -0.02590141 -0.023627851
0.191 -0.02608202 -0.023788892
0.1915 -0.02625913 -0.023946814
0.192 -0.02643277 -0.024101634
0.1925 -0.02660295 -0.02425342
0.193 -0.02676971 -0.024402142
0.1935 -0.02693307 -0.024547871
0.194 -0.02709306 -0.024690636
0.1945 -0.0272497 -0.02483046
0.195 -0.02740302 -0.024967358
0.1955 -0.02755304 -0.025101393
0.196 -0.0276998 -0.025232572
0.1965 -0.02784333 -0.025360934
0.197 -0.02798364 -0.025486479
0.1975 -0.02812077 -0.025609253
0.198 -0.02825475 -0.025729299
0.1985 -0.02838559 -0.025846627
0.199 -0.02851334 -0.025961284
0.1995 -0.02863802 -0.026073288
0.2 -0.02875965 -0.026411716
0.2005 -0.02888052 -0.026711188
0.201 -0.02902263 -0.02697369
0.2015 -0.0291782 -0.027201176
0.202 -0.02933433 -0.027395561
0.2025 -0.02948676 -0.027558781
0.203 -0.02963527 -0.02769269
0.2035 -0.02978065 -0.027799077
0.204 -0.02992364 -0.027879842
0.2045 -0.03006474 -0.027936652
0.205 -0.0302042 -0.027971268
0.2055 -0.03034217 -0.027985409
0.206 -0.0304787 -0.027980693
0.2065 -0.03061382 -0.027958736
0.207 -0.03074754 -0.02792108
0.2075 -0.03087986 -0.027869187
0.208 -0.03101077 -0.02780462
0.2085 -0.03114028 -0.027728744
0.209 -0.03126837 -0.027642928
0.2095 -0.03139504 -0.027548477
0.21 -0.03152029 -0.027446628
0.2105 -0.03164413 -0.027338617
0.211 -0.03176654 -0.027225576
0.2115 -0.03188752 -0.027108617
0.212 -0.03200709 -0.026988745
0.2125 -0.03212523 -0.026866958
0.213 -0.03224195 -0.026744187
0.2135 -0.03235725 -0.026621282
0.214 -0.03247113 -0.026499085
0.2145 -0.0325836 -0.026378341
0.215 -0.03269466 -0.026259705
0.2155 -0.03280431 -0.026143871
0.216 -0.03291256 -0.026031464
0.2165 -0.03301942 -0.025922947
0.217 -0.03312488 -0.025818817
0.2175 -0.03322896 -0.025719538
0.218 -0.03333165 -0.025625445
0.2185 -0.03343298 -0.025536954
0.219 -0.03353293 -0.025454313
0.2195 -0.03363153 -0.025377773
0.22 -0.03372877 -0.025307514
0.2205 -0.03382467 -0.025243826
0.221 -0.03391924 -0.025186688
0.2215 -0.03401247 -0.025136277
0.222 -0.03410439 -0.025092646
0.2225 -0.034195 -0.02505584
0.223 -0.0342843 -0.025025822
0.2235 -0.03437232 -0.025002599
0.224 -0.03445905 -0.024986148
0.2245 -0.03454451 -0.02497638
0.225 -0.0346287 -0.024973162
0.2255 -0.03471165 -0.024976395
0.226 -0.03479335 -0.024985969
0.2265 -0.03487382 -0.02500178
0.227 -0.03495307 -0.025023572
0.2275 -0.03503111 -0.025051266
0.228 -0.03510795 -0.02508469
0.2285 -0.0351836 -0.025123566
0.229 -0.03525807 -0.025167786
0.2295 -0.03533138 -0.025217146
0.23 -0.03540353 -0.025271438
0.2305 -0.03547454 -0.02533044
0.231 -0.03554442 -0.025393985
0.2315 -0.03561318 -0.025461815
0.232 -0.03568083 -0.02553372
0.2325 -0.03574738 -0.025609583
0.233 -0.03581284 -0.025689073
0.2335 -0.03587724 -0.025772072
0.234 -0.03594057 -0.02585835
0.2345 -0.03600285 -0.025947712
0.235 -0.03606409 -0.026039936
0.2355 -0.0361243 -0.026134878
0.236 -0.03618351 -0.02623234
0.2365 -0.03624171 -0.026332118
0.237 -0.03629891 -0.026434079
0.2375 -0.03635514 -0.026538007
0.238 -0.03641041 -0.026643746
0.2385 -0.03646471 -0.026751146
0.239 -0.03651808 -0.026860043
0.2395 -0.03657051 -0.026970357
0.24 -0.03662203 -0.027081847
0.2405 -0.03667263 -0.027194336
0.241 -0.03672234 -0.027307793
0.2415 -0.03677117 -0.027422085
0.242 -0.03681912 -0.027536988
0.2425 -0.03686621 -0.027652517
0.243 -0.03691245 -0.0277685
0.2435 -0.03695786 -0.027884826
0.244 -0.03700244 -0.028001368
0.2445 -0.0370462 -0.028118089
0.245 -0.03708916 -0.02823481
0.2455 -0.03713132 -0.028351523
0.246 -0.0371727 -0.028468132
0.2465 -0.03721332 -0.02858454
0.247 -0.03725317 -0.028700702
0.2475 -0.03729228 -0.028816503
0.248 -0.03733065 -0.028931871
0.2485 -0.03736829 -0.029046766
0.249 -0.03740521 -0.029161174
0.2495 -0.03744143 -0.029275019
0.25 -0.03747696 -0.030296028
0.2505 -0.03752844 -0.03118252
0.251 -0.03760082 -0.031949807
0.2515 -0.03767551 -0.032611538
0.252 -0.03775056 -0.033179972
0.2525 -0.03782674 -0.03366614
0.253 -0.03790486 -0.034079965
0.2535 -0.0379854 -0.034430347
0.254 -0.03806862 -0.03472525
0.2545 -0.0381546 -0.03497188
0.255 -0.03824336 -0.03517663
0.2555 -0.03833487 -0.03534537
0.256 -0.0384291 -0.035483282
0.2565 -0.038526 -0.035595015
0.257 -0.03862552 -0.03568472
0.2575 -0.03872758 -0.035756223
0.258 -0.03883215 -0.03581278
0.2585 -0.03893915 -0.035857443
0.259 -0.03904853 -0.035892818
0.2595 -0.03916022 -0.03592132
0.26 -0.03927417 -0.035945047
0.2605 -0.03939031 -0.035965864
0.261 -0.03950859 -0.035985406
0.2615 -0.03962893 -0.0360051
0.262 -0.03975127 -0.036026277
0.2625 -0.03987556 -0.03605001
0.263 -0.04000173 -0.036077294
0.2635 -0.04012972 -0.036108922
0.264 -0.04025946 -0.03614562
0.2645 -0.0403909 -0.036187995
0.265 -0.04052397 -0.03623655
0.2655 -0.04065861 -0.036291685
0.266 -0.04079476 -0.036353767
0.2665 -0.04093236 -0.03642303
0.267 -0.04107135 -0.036499698
0.2675 -0.04121167 -0.036583897
0.268 -0.04135326 -0.036675714
0.2685 -0.04149606 -0.036775194
0.269 -0.04164002 -0.036882345
0.2695 -0.04178508 -0.03699711
0.27 -0.04193118 -0.037119452
0.2705 -0.04207826 -0.03724925
0.271 -0.04222628 -0.03738639
0.2715 -0.04237518 -0.037530724
0.272 -0.0425249 -0.03768209
0.2725 -0.04267539 -0.037840296
0.273 -0.04282661 -0.03800515
0.2735 -0.04297849 -0.038176436
0.274 -0.043131 -0.038353927
0.2745 -0.04328408 -0.03853742
0.275 -0.04343768 -0.038726654
0.2755 -0.04359176 -0.038921397
0.276 -0.04374627 -0.039121408
0.2765 -0.04390116 -0.03932642
0.277 -0.0440564 -0.039536193
0.2775 -0.04421193 -0.03975046
0.278 -0.04436772 -0.039969
0.2785 -0.04452372 -0.040191542
0.279 -0.0446799 -0.040417835
0.2795 -0.0448362 -0.040647633
0.28 -0.04499261 -0.04088069
0.2805 -0.04514906 -0.041116774
0.281 -0.04530554 -0.04135564
0.2815 -0.045462 -0.041597046
0.282 -0.0456184 -0.041840784
0.2825 -0.04577472 -0.04208661
0.283 -0.04593092 -0.04233432
0.2835 -0.04608696 -0.04258368
0.284 -0.04624282 -0.042834505
0.2845 -0.04639846 -0.043086573
0.285 -0.04655385 -0.0433397
0.2855 -0.04670897 -0.04359369
0.286 -0.04686379 -0.043848358
0.2865 -0.04701827 -0.04410351
0.287 -0.0471724 -0.04435899
0.2875 -0.04732614 -0.044614635
0.288 -0.04747947 -0.04487027
0.2885 -0.04763236 -0.045125734
0.289 -0.0477848 -0.045380894
0.2895 -0.04793676 -0.045635603
0.29 -0.04808821 -0.04588972
0.2905 -0.04823914 -0.046143115
0.291 -0.04838952 -0.046395652
0.2915 -0.04853934 -0.046647225
0.292 -0.04868857 -0.0468977
0.2925 -0.0488372 -0.04714698
0.293 -0.0489852 -0.04739496
0.2935 -0.04913257 -0.04764154
0.294 -0.04927928 -0.047886632
0.2945 -0.04942532 -0.048130132
0.295 -0.04957067 -0.048371963
0.2955 -0.04971531 -0.048612054
0.296 -0.04985925 -0.04885032
0.2965 -0.05000245 -0.049086697
0.297 -0.0501449 -0.049321108
0.2975 -0.05028661 -0.049553506
0.298 -0.05042754 -0.04978382
0.2985 -0.05056769 -0.050012007
0.299 -0.05070706 -0.050238006
0.2995 -0.05084562 -0.050461784
0.3 -0.05098337 -0.051651165
0.3005 -0.05110366 -0.052732356
0.301 -0.05120155 -0.05371223
0.3015 -0.05129563 -0.05459728
0.302 -0.05138741 -0.055393655
0.3025 -0.0514644 -0.056107137
0.303 -0.05152979 -0.056743123
0.3035 -0.05159346 -0.0573067
0.304 -0.05165842 -0.057802625
0.3045 -0.05172431 -0.058235344
0.305 -0.05178984 -0.058609035
0.3055 -0.05185375 -0.05892756
0.306 -0.05191507 -0.059194542
0.3065 -0.05197315 -0.05941335
0.307 -0.0520276 -0.059587196
0.3075 -0.0520782 -0.059719052
0.308 -0.05212486 -0.059811674
0.3085 -0.05216757 -0.059867736
0.309 -0.05220635 -0.059889704
0.3095 -0.05224127 -0.05987988
0.31 -0.05227239 -0.05984048
0.3105 -0.05229979 -0.059773598
0.311 -0.05232357 -0.05968119
0.3115 -0.05234213 -0.059565123
0.312 -0.05235048 -0.05942718
0.3125 -0.0523541 -0.059269056
0.313 -0.05235665 -0.059092388
0.3135 -0.05235888 -0.058898672
0.314 -0.05236039 -0.058689333
0.3145 -0.05236051 -0.058465786
0.315 -0.05235864 -0.05822933
0.3155 -0.05235438 -0.05798121
0.316 -0.0523475 -0.05772263
0.3165 -0.05233786 -0.057454713
0.317 -0.05232545 -0.05717851
0.3175 -0.05231028 -0.056895018
0.318 -0.0522924 -0.056605216
0.3185 -0.05227188 -0.056309972
0.319 -0.05224881 -0.056010135
0.3195 -0.05222326 -0.05570653
0.32 -0.05219533 -0.05539988
0.3205 -0.05216508 -0.05509086
0.321 -0.0521326 -0.054780167
0.3215 -0.05209796 -0.054468352
0.322 -0.05206124 -0.05415603
0.3225 -0.0520225 -0.053843733
0.323 -0.05198182 -0.05353192
0.3235 -0.05193925 -0.053221043
0.324 -0.05189486 -0.052911565
0.3245 -0.05184872 -0.052603804
0.325 -0.05180087 -0.05229818
0.3255 -0.05175139 -0.051994927
0.326 -0.05170032 -0.051694404
0.3265 -0.05164773 -0.051396813
0.327 -0.05159367 -0.05110246
0.3275 -0.05153818 -0.050811514
0.328 -0.05148133 -0.050524198
0.3285 -0.05142317 -0.050240643
0.329 -0.05136374 -0.049961045
0.3295 -0.0513031 -0.049685493
0.33 -0.0512413 -0.049414117
0.3305 -0.05117806 -0.04914698
0.331 -0.0511055 -0.04888426
0.3315 -0.05102577 -0.04862589
0.332 -0.05094592 -0.048372027
0.3325 -0.05086863 -0.04812265
0.333 -0.05079405 -0.047877815
0.3335 -0.05072077 -0.047637586
0.334 -0.05064758 -0.047401924
0.3345 -0.05057487 -0.047170755
0.335 -0.05050289 -0.0469442
0.3355 -0.05043127 -0.046722203
0.336 -0.05035959 -0.04650475
0.3365 -0.05028757 -0.04629174
0.337 -0.05021508 -0.046083193
0.3375 -0.05014204 -0.045879122
0.338 -0.05006845 -0.045679413
0.3385 -0.04999432 -0.04548401
0.339 -0.04991967 -0.04529294
0.3395 -0.04984455 -0.04510607
0.34 -0.049769 -0.044923376
0.3405 -0.04969304 -0.04474482
0.341 -0.04961672 -0.0445703
0.3415 -0.04954008 -0.044399776
0.342 -0.04946315 -0.04423318
0.3425 -0.04938595 -0.044070445
0.343 -0.04930853 -0.043911513
0.3435 -0.0492309 -0.0437563
0.344 -0.04915311 -0.043604746
0.3445 -0.04907517 -0.043456804
0.345 -0.04899711 -0.043312367
0.3455 -0.04891896 -0.04317142
0.346 -0.04884073 -0.043033823
0.3465 -0.04876245 -0.042899564
0.347 -0.04868415 -0.04276853
0.3475 -0.04860584 -0.042640697
0.348 -0.04852755 -0.042515926
0.3485 -0.04844929 -0.04239425
0.349 -0.04837108 -0.042275503
0.3495 -0.04829295 -0.042159714
0.35 -0.0482149 -0.043323237
0.3505 -0.04815312 -0.04430451
0.351 -0.04811214 -0.04512583
0.3515 -0.04807407 -0.04580683
0.352 -0.04803753 -0.04636508
0.3525 -0.0480034 -0.046816036
0.353 -0.04797242 -0.04717348
0.3535 -0.04794495 -0.047449663
0.354 -0.04792112 -0.047655463
0.3545 -0.04790124 -0.047800567
0.355 -0.04788509 -0.04789367
0.3555 -0.04787241 -0.04794232
0.356 -0.04786314 -0.047953367
0.3565 -0.04785728 -0.04793285
0.357 -0.04785481 -0.04788614
0.3575 -0.04785571 -0.047817998
0.358 -0.04785994 -0.04773265
0.3585 -0.04786745 -0.047633797
0.359 -0.04787817 -0.047524773
0.3595 -0.04789206 -0.04740847
0.36 -0.04790905 -0.047287438
0.3605 -0.04792908 -0.047163922
0.361 -0.04795207 -0.047039855
0.3615 -0.04797798 -0.046916988
0.362 -0.04800673 -0.04679678
0.3625 -0.04803826 -0.04668051
0.363 -0.0480725 -0.04656927
0.3635 -0.0481094 -0.046464007
0.364 -0.04814889 -0.046365503
0.3645 -0.0481909 -0.04627439
0.365 -0.04823537 -0.04619122
0.3655 -0.04828224 -0.046116438
0.366 -0.04833144 -0.04605038
0.3665 -0.04838292 -0.045993302
0.367 -0.0484366 -0.04594539
0.3675 -0.04849242 -0.045906764
0.368 -0.04855033 -0.04587747
0.3685 -0.04861026 -0.04585755
0.369 -0.04867215 -0.045846928
0.3695 -0.04873595 -0.04584557
0.37 -0.04880158 -0.04585332
0.3705 -0.04886899 -0.045870066
0.371 -0.04893813 -0.045895636
0.3715 -0.04900893 -0.045929834
0.372 -0.04908134 -0.045972448
0.3725 -0.0491553 -0.04602326
0.373 -0.04923076 -0.046082024
0.3735 -0.04930765 -0.046148494
0.374 -0.04938593 -0.046222407
0.3745 -0.04946555 -0.0463035
0.375 -0.04954644 -0.046391483
0.3755 -0.04962856 -0.046486102
0.376 -0.04971186 -0.046587057
0.3765 -0.04979629 -0.04669409
0.377 -0.04988179 -0.04680691
0.3775 -0.04996833 -0.04692524
0.378 -0.05005584 -0.047048792
0.3785 -0.05014429 -0.047177304
0.379 -0.05023363 -0.04731049
0.3795 -0.05032381 -0.04744809
0.38 -0.0504148 -0.047589846
0.3805 -0.05050654 -0.047735486
0.381 -0.05059899 -0.047884773
0.3815 -0.05069212 -0.04803745
0.382 -0.05078588 -0.04819327
0.3825 -0.05088024 -0.048351996
0.383 -0.05097514 -0.048513416
0.3835 -0.05107057 -0.04867728
0.384 -0.05116647 -0.04884339
0.3845 -0.05126281 -0.049011532
0.385 -0.05135956 -0.0491815
0.3855 -0.05145669 -0.04935309
0.386 -0.05155415 -0.049526118
0.3865 -0.05165191 -0.0497004
0.387 -0.05174995 -0.049875766
0.3875 -0.05184823 -0.050052024
0.388 -0.05194672 -0.050229035
0.3885 -0.05204539 -0.05040663
0.389 -0.05214421 -0.05058466
0.3895 -0.05224315 -0.050762974
0.39 -0.05234219 -0.05094144
0.3905 -0.0524413 -0.051119924
0.391 -0.05254045 -0.051298294
0.3915 -0.05263961 -0.05147644
0.392 -0.05273877 -0.051654235
0.3925 -0.0528379 -0.051831566
0.393 -0.05293697 -0.05200835
0.3935 -0.05303596 -0.052184466
0.394 -0.05313485 -0.05235984
0.3945 -0.05323362 -0.052534357
0.395 -0.05333224 -0.05270796
0.3955 -0.05343071 -0.05288055
0.396 -0.05352899 -0.05305206
0.3965 -0.05362707 -0.053222418
0.397 -0.05372493 -0.053391565
0.3975 -0.05382256 -0.053559422
0.398 -0.05391992 -0.05372595
0.3985 -0.05401702 -0.053891085
0.399 -0.05411384 -0.054054774
0.3995 -0.05421034 -0.05421698
0.4 -0.05430654 -0.054377645
0.4005 -0.0544024 -0.05453675
0.401 -0.05449791 -0.05469424
0.4015 -0.05459307 -0.054850083
0.402 -0.05468785 -0.055004254
0.4025 -0.05478225 -0.055156726
0.403 -0.05487625 -0.05530747
0.4035 -0.05496984 -0.055456467
0.404 -0.05506302 -0.055603698
0.4045 -0.05515576 -0.055749133
0.405 -0.05524807 -0.055892773
0.4055 -0.05533992 -0.05603459
0.406 -0.05543132 -0.056174584
0.4065 -0.05552225 -0.05631274
0.407 -0.0556127 -0.056449056
0.4075 -0.05570267 -0.056583524
0.408 -0.05579214 -0.05671613
0.4085 -0.05588112 -0.056846887
0.409 -0.05596959 -0.05697579
0.4095 -0.05605754 -0.057102833
0.41 -0.05614497 -0.05722803
0.4105 -0.05623188 -0.057351373
0.411 -0.05631826 -0.057472877
0.4115 -0.0564041 -0.05759254
0.412 -0.05648939 -0.057710376
0.4125 -0.05657414 -0.057826392
0.413 -0.05665834 -0.057940595
0.4135 -0.05674198 -0.05805299
0.414 -0.05682506 -0.0581636
0.4145 -0.05690758 -0.058272425
0.415 -0.05698953 -0.058379486
0.4155 -0.05707091 -0.05848479
0.416 -0.05715171 -0.058588352
0.4165 -0.05723194 -0.058690198
0.417 -0.0573116 -0.05879033
0.4175 -0.05739067 -0.05888877
0.418 -0.05746916 -0.058985535
0.4185 -0.05754706 -0.059080634
0.419 -0.05762438 -0.05917409
0.4195 -0.05770112 -0.059265923
0.42 -0.05777726 -0.059356146
0.4205 -0.05785281 -0.059444774
0.421 -0.05792778 -0.059531838
0.4215 -0.05800215 -0.05961733
0.422 -0.05807594 -0.05970131
0.4225 -0.05814913 -0.059783757
0.423 -0.05822173 -0.059864715
0.4235 -0.05829374 -0.05994419
0.424 -0.05836515 -0.06002222
0.4245 -0.05843598 -0.060098797
0.425 -0.05850622 -0.06017396
0.4255 -0.05857586 -0.06024772
0.426 -0.05864492 -0.0603201
0.4265 -0.05871339 -0.060391128
0.427 -0.05878128 -0.060460813
0.4275 -0.05884857 -0.060529176
0.428 -0.05891529 -0.060596235
0.4285 -0.05898142 -0.06066202
0.429 -0.05904696 -0.060726535
0.4295 -0.05911193 -0.060789812
0.43 -0.05917632 -0.06085187
0.4305 -0.05924014 -0.060912717
0.431 -0.05930338 -0.060972385
0.4315 -0.05936605 -0.061030883
0.432 -0.05942814 -0.061088234
0.4325 -0.05948967 -0.061144464
0.433 -0.05955063 -0.061199583
0.4335 -0.05961103 -0.061253607
0.434 -0.05967087 -0.061306566
0.4345 -0.05973015 -0.061358467
0.435 -0.05978888 -0.06140933
0.4355 -0.05984705 -0.06145918
0.436 -0.05990467 -0.061508022
0.4365 -0.05996174 -0.061555892
0.437 -0.06001826 -0.061602794
0.4375 -0.06007425 -0.061648734
0.438 -0.06012969 -0.06169375
0.4385 -0.0601846 -0.06173785
0.439 -0.06023898 -0.061781053
0.4395 -0.06029282 -0.061823376
0.44 -0.06034614 -0.061864834
0.4405 -0.06039893 -0.061905444
0.441 -0.0604512 -0.061945207
0.4415 -0.06050295 -0.061984167
0.442 -0.06055419 -0.06202231
0.4425 -0.06060492 -0.062059663
0.443 -0.06065514 -0.06209624
0.4435 -0.06070486 -0.062132068
0.444 -0.06075407 -0.06216714
0.4445 -0.06080279 -0.06220149
0.445 -0.06085101 -0.06223512
0.4455 -0.06089874 -0.06226804
0.446 -0.06094598 -0.062300272
0.4465 -0.06099274 -0.062331833
0.447 -0.06103902 -0.062362727
0.4475 -0.06108482 -0.062392972
0.448 -0.06113014 -0.06242258
0.4485 -0.061175 -0.062451564
0.449 -0.06121939 -0.062479928
0.4495 -0.06126332 -0.0625077
0.45 -0.06130679 -0.062534876
0.4505 -0.0613498 -0.06256148
0.451 -0.06139236 -0.062587515
0.4515 -0.06143447 -0.062613
0.452 -0.06147613 -0.06263794
0.4525 -0.06151735 -0.06266235
0.453 -0.06155814 -0.06268623
0.4535 -0.06159849 -0.06270961
0.454 -0.06163841 -0.06273248
0.4545 -0.0616779 -0.06275486
0.455 -0.06171697 -0.06277677
0.4555 -0.06175562 -0.0627982
0.456 -0.06179385 -0.06281917
0.4565 -0.06183167 -0.06283969
0.457 -0.06186908 -0.06285977
0.4575 -0.06190608 -0.06287941
0.458 -0.06194268 -0.062898636
0.4585 -0.06197888 -0.06291743
0.459 -0.06201469 -0.06293583
0.4595 -0.0620501 -0.06295383
0.46 -0.06208513 -0.062971435
0.4605 -0.06211977 -0.06298866
0.461 -0.06215403 -0.06300551
0.4615 -0.06218791 -0.063021995
0.462 -0.06222142 -0.06303812
0.4625 -0.06225455 -0.063053906
0.463 -0.06228732 -0.063069336
0.4635 -0.06231972 -0.06308442
0.464 -0.06235177 -0.063099205
0.4645 -0.06238345 -0.063113645
0.465 -0.06241478 -0.06312778
0.4655 -0.06244576 -0.06314159
0.466 -0.0624764 -0.063155115
0.4665 -0.06250668 -0.06316833
0.467 -0.06253663 -0.063181266
0.4675 -0.06256624 -0.06319391
0.468 -0.06259552 -0.063206285
0.4685 -0.06262447 -0.063218385
0.469 -0.06265308 -0.06323021
0.4695 -0.06268138 -0.06324178
0.47 -0.06270935 -0.0632531
0.4705 -0.062737 -0.06326416
0.471 -0.06276434 -0.063274994
0.4715 -0.06279137 -0.06328559
0.472 -0.06281808 -0.06329593
0.4725 -0.0628445 -0.06330606
0.473 -0.0628706 -0.06331597
0.4735 -0.06289641 -0.06332566
0.474 -0.06292193 -0.063335136
0.4745 -0.06294715 -0.06334439
0.475 -0.06297208 -0.06335345
0.4755 -0.06299672 -0.06336231
0.476 -0.06302108 -0.06337097
0.4765 -0.06304515 -0.063379444
0.477 -0.06306895 -0.06338773
0.4775 -0.06309247 -0.06339583
0.478 -0.06311572 -0.06340374
0.4785 -0.06313869 -0.06341149
0.479 -0.0631614 -0.06341906
0.4795 -0.06318385 -0.063426465
0.48 -0.06320603 -0.06343371
0.4805 -0.06322796 -0.063440785
0.481 -0.06324963 -0.06344771
0.4815 -0.06327104 -0.06345448
0.482 -0.0632922 -0.0634611
0.4825 -0.06331312 -0.06346757
0.483 -0.06333379 -0.063473895
0.4835 -0.06335422 -0.063480094
0.484 -0.06337441 -0.063486144
0.4845 -0.06339435 -0.06349206
0.485 -0.06341407 -0.06349784
0.4855 -0.06343355 -0.063503504
0.486 -0.0634528 -0.06350903
0.4865 -0.06347182 -0.06351444
0.487 -0.06349062 -0.06351973
0.4875 -0.0635092 -0.063524894
0.488 -0.06352755 -0.06352995
0.4885 -0.06354569 -0.06353489
0.489 -0.06356361 -0.06353973
0.4895 -0.06358132 -0.06354445
0.49 -0.06359882 -0.06354907
0.4905 -0.06361611 -0.06355358
0.491 -0.0636332 -0.063558
0.4915 -0.06365007 -0.06356232
0.492 -0.06366675 -0.06356654
0.4925 -0.06368323 -0.06357067
0.493 -0.06369951 -0.06357471
0.4935 -0.0637156 -0.06357866
0.494 -0.06373149 -0.06358252
0.4945 -0.0637472 -0.063586295
0.495 -0.06376271 -0.06358998
0.4955 -0.06377804 -0.063593596
0.496 -0.06379319 -0.06359712
0.4965 -0.06380815 -0.06360056
0.497 -0.06382293 -0.06360393
0.4975 -0.06383753 -0.06360723
0.498 -0.06385196 -0.06361045
0.4985 -0.06386622 -0.06361359
0.499 -0.0638803 -0.063616686
0.4995 -0.06389421 -0.0636197
