0.0 -0.065 -0.065558955
0.0005 -0.06344688 -0.07316747
0.001 -0.06030965 -0.076051414
0.0015 -0.05758122 -0.07663946
0.002 -0.05545241 -0.075959355
0.0025 -0.05369594 -0.07452783
0.003 -0.05212624 -0.072633564
0.0035 -0.05064129 -0.070449695
0.004 -0.04919189 -0.06808537
0.0045 -0.04775571 -0.06561215
0.005 -0.04632331 -0.06307818
0.0055 -0.0448953 -0.060516525
0.006 -0.0434704 -0.057950284
0.0065 -0.04204777 -0.0553957
0.007 -0.04062426 -0.052864272
0.0075 -0.03919725 -0.050364036
0.008 -0.03776877 -0.047900695
0.0085 -0.03634122 -0.04547812
0.009 -0.03491705 -0.04309888
0.0095 -0.03349669 -0.040764645
0.01 -0.03207652 -0.041468315
0.0105 -0.03220241 -0.042129017
0.011 -0.03389933 -0.0427475
0.0115 -0.03519047 -0.04332456
0.012 -0.03589138 -0.043861065
0.0125 -0.03622921 -0.044357996
0.013 -0.03638831 -0.044816393
0.0135 -0.0364699 -0.04523736
0.014 -0.03652285 -0.045622062
0.0145 -0.03656949 -0.045971796
0.015 -0.03661966 -0.046287812
0.0155 -0.03667756 -0.046571508
0.016 -0.03674479 -0.04682428
0.0165 -0.03682178 -0.04704757
0.017 -0.03690819 -0.047242913
0.0175 -0.0370037 -0.04741179
0.018 -0.03710803 -0.047555786
0.0185 -0.03722077 -0.047676448
0.019 -0.0373414 -0.047775388
0.0195 -0.03746939 -0.047854193
0.02 -0.0376042 -0.046054006
0.0205 -0.0361931 -0.044099182
0.021 -0.03320959 -0.042042658
0.0215 -0.03064857 -0.039921984
0.022 -0.02869687 -0.037764248
0.0225 -0.02712271 -0.035589222
0.023 -0.02574147 -0.033411432
0.0235 -0.02445213 -0.031241674
0.024 -0.0232023 -0.029087968
0.0245 -0.02196441 -0.026956223
0.025 -0.02072815 -0.02485086
0.0255 -0.01949354 -0.02277504
0.026 -0.01825818 -0.020731084
0.0265 -0.01701976 -0.018720537
0.027 -0.01577786 -0.016744472
0.0275 -0.01453363 -0.014803536
0.028 -0.01328884 -0.012898013
0.0285 -0.01204506 -0.011027962
0.029 -0.01080348 -0.009193197
0.0295 -0.009564944 -0.007393457
0.03 -0.008329995 -0.008486651
0.0305 -0.0086503 -0.009546831
0.031 -0.01055521 -0.010574222
0.0315 -0.01205652 -0.011569105
0.032 -0.01296516 -0.012531772
0.0325 -0.01350825 -0.013462529
0.033 -0.01387092 -0.0143617615
0.0335 -0.01415495 -0.015229836
0.034 -0.01441042 -0.016067222
0.0345 -0.01466081 -0.016874388
0.035 -0.01491423 -0.017651863
0.0355 -0.01517373 -0.018400166
0.036 -0.01544073 -0.019119877
0.0365 -0.01571583 -0.019811608
0.037 -0.01599915 -0.020475969
0.0375 -0.01629047 -0.021113627
0.038 -0.01658938 -0.021725245
0.0385 -0.01689539 -0.02231155
0.039 -0.01720793 -0.022873253
0.0395 -0.01752645 -0.023411088
0.04 -0.0178504 -0.021419484
0.0405 -0.01662721 -0.019412663
0.041 -0.01382689 -0.017402478
0.0415 -0.01144423 -0.015397891
0.042 -0.00967126 -0.013405804
0.0425 -0.008273642 -0.011431392
0.043 -0.007062001 -0.009478636
0.0435 -0.0059341 -0.007550534
0.044 -0.004845049 -0.005649302
0.0445 -0.003771562 -0.0037766024
0.045 -0.002701145 -0.0019335449
0.0455 -0.001628647 -0.00012090802
0.046 -0.0005529482 0.0016608015
0.0465 0.0005255654 0.00341139
0.047 0.001606166 0.0051307604
0.0475 0.002688107 0.0068190396
0.048 0.003770666 0.008476429
0.0485 0.004853138 0.010103285
0.049 0.005934985 0.011700004
0.0495 0.007015902 0.01326701
0.05 0.0080955 0.012058139
0.0505 0.007621193 0.010877684
0.051 0.005562859 0.0097254515
0.0515 0.003910439 0.008601263
0.052 0.0028535 0.007504903
0.0525 0.002164652 0.006436147
0.053 0.001658413 0.005394671
0.0535 0.001232774 0.0043802187
0.054 0.0008384504 0.0033924952
0.0545 0.0004529685 0.0024311468
0.055 6.644082e-05 0.0014958903
0.0555 -0.0003252822 0.00058632717
0.056 -0.0007237505 -0.00029796362
0.0565 -0.00112933 -0.0011573695
0.057 -0.001541844 -0.0019922592
0.0575 -0.001960869 -0.0028030984
0.058 -0.002385876 -0.0035903268
0.0585 -0.002816295 -0.0043543987
0.059 -0.003251548 -0.005095765
0.0595 -0.003691066 -0.0058149323
0.06 -0.0041343 -0.0065123625
0.0605 -0.00458072 -0.007188596
0.061 -0.005029819 -0.007844083
0.0615 -0.005481115 -0.008479398
0.062 -0.005934148 -0.009095002
0.0625 -0.006388479 -0.009691458
0.063 -0.006843692 -0.010269247
0.0635 -0.007299393 -0.010828953
0.064 -0.007755206 -0.011371091
0.0645 -0.008210774 -0.011896145
0.065 -0.008665761 -0.012404695
0.0655 -0.009119845 -0.012897227
0.066 -0.009572723 -0.013374273
0.0665 -0.01002411 -0.013836352
0.067 -0.01047373 -0.014283987
0.0675 -0.01092133 -0.014717633
0.068 -0.01136667 -0.015137836
0.0685 -0.01180951 -0.015545061
0.069 -0.01224965 -0.015939767
0.0695 -0.01268819 -0.016322471
0.07 -0.0131263 -0.016693564
0.0705 -0.0135608 -0.017053565
0.071 -0.01399069 -0.01740283
0.0715 -0.01441597 -0.01774185
0.072 -0.0148368 -0.018071005
0.0725 -0.01525331 -0.018390706
0.073 -0.01566555 -0.018701326
0.0735 -0.01607353 -0.01900323
0.074 -0.01647719 -0.019296788
0.0745 -0.01687648 -0.019582314
0.075 -0.01727132 -0.01986017
0.0755 -0.01766162 -0.020130655
0.076 -0.01804732 -0.020394068
0.0765 -0.01842834 -0.020650733
0.077 -0.01880461 -0.020900894
0.0775 -0.01917607 -0.0211448
0.078 -0.01954268 -0.021382725
0.0785 -0.0199044 -0.021614894
0.079 -0.02026115 -0.02184154
0.0795 -0.02061288 -0.022062842
0.08 -0.02095954 -0.022279024
0.0805 -0.02130112 -0.022490283
0.081 -0.02163758 -0.022696793
0.0815 -0.02196893 -0.022898715
0.082 -0.02229514 -0.023096204
0.0825 -0.02261621 -0.023289405
0.083 -0.02293213 -0.02347846
0.0835 -0.0232429 -0.023663508
0.084 -0.02354851 -0.023844626
0.0845 -0.02384897 -0.024021965
0.085 -0.02414428 -0.024195606
0.0855 -0.02443446 -0.024365677
0.086 -0.0247195 -0.02453224
0.0865 -0.02499942 -0.024695389
0.087 -0.02527424 -0.0248552
0.0875 -0.02554397 -0.025011726
0.088 -0.02580863 -0.025165059
0.0885 -0.02606824 -0.02531526
0.089 -0.02632282 -0.025462378
0.0895 -0.02657241 -0.025606472
0.09 -0.02681702 -0.025747573
0.0905 -0.02705668 -0.02588577
0.091 -0.02729142 -0.026021063
0.0915 -0.02752128 -0.026153492
0.092 -0.02774458 -0.026283134
0.0925 -0.02795941 -0.026409982
0.093 -0.0281682 -0.02653412
0.0935 -0.02837298 -0.026655503
0.094 -0.02857444 -0.026774239
0.0945 -0.02877259 -0.026890311
0.095 -0.02896722 -0.027003752
0.0955 -0.02915807 -0.027114592
0.096 -0.02934491 -0.027222866
0.0965 -0.0295276 -0.02732859
0.097 -0.02970605 -0.0274318
0.0975 -0.0298802 -0.027532486
0.098 -0.03005003 -0.027630698
0.0985 -0.03021556 -0.027726442
0.099 -0.03037679 -0.027819755
0.0995 -0.03053376 -0.027910642
0.1 -0.0306865 -0.02839661
0.1005 -0.03079018 -0.028863043
0.101 -0.0307868 -0.029309964
0.1015 -0.03070048 -0.029737309
0.102 -0.03055179 -0.030144997
0.1025 -0.03035529 -0.030532833
0.103 -0.03012004 -0.030900646
0.1035 -0.02985137 -0.031248163
0.104 -0.02955239 -0.03157506
0.1045 -0.02922491 -0.031880982
0.105 -0.02886997 -0.032165483
0.1055 -0.02848811 -0.032428168
0.106 -0.02807992 -0.032668494
0.1065 -0.02764598 -0.03288591
0.107 -0.02718673 -0.033079848
0.1075 -0.0267025 -0.033249706
0.108 -0.02619359 -0.033394843
0.1085 -0.02566029 -0.03351461
0.109 -0.02510289 -0.03360837
0.1095 -0.02452168 -0.033675395
0.11 -0.02391695 -0.03371504
0.1105 -0.023289 -0.033726625
0.111 -0.02263812 -0.03370946
0.1115 -0.02196461 -0.033662878
0.112 -0.02126877 -0.03358625
0.1125 -0.02055088 -0.033478983
0.113 -0.01981124 -0.03334044
0.1135 -0.01905018 -0.033170097
0.114 -0.01827057 -0.032967396
0.1145 -0.0174723 -0.032731853
0.115 -0.0166529 -0.03246303
0.1155 -0.01581172 -0.032160513
0.116 -0.01494913 -0.031823993
0.1165 -0.01406576 -0.03145308
0.117 -0.01316223 -0.03104756
0.1175 -0.01223913 -0.030607201
0.118 -0.01129692 -0.030131824
0.1185 -0.01033596 -0.029621318
0.119 -0.00935664 -0.029075608
0.1195 -0.008359345 -0.028494664
0.12 -0.007344285 -0.02787853
0.1205 -0.006311655 -0.027227208
0.121 -0.005261976 -0.026540846
0.1215 -0.004200729 -0.025819592
0.122 -0.003126092 -0.025063597
0.1225 -0.002033365 -0.024273135
0.123 -0.0009213454 -0.023448423
0.1235 0.0002087792 -0.022589728
0.124 0.001350659 -0.021697447
0.1245 0.002506618 -0.020771883
0.125 0.003680483 -0.019813389
0.1255 0.00487286 -0.018822417
0.126 0.006078574 -0.017799392
0.1265 0.007296815 -0.01674477
0.127 0.008532738 -0.015658982
0.1275 0.009785918 -0.01454258
0.128 0.01104754 -0.013396017
0.1285 0.01232039 -0.012219839
0.129 0.01360996 -0.011014581
0.1295 0.01491714 -0.009780802
0.13 0.01624085 -0.008519039
0.1305 0.01757891 -0.0072298422
0.131 0.01892914 -0.0059138387
0.1315 0.02028354 -0.0045715794
0.132 0.02164348 -0.0032036677
0.1325 0.02301755 -0.0018106848
0.133 0.02440845 -0.0003932938
0.1335 0.02581562 0.0010479912
0.134 0.02723761 0.0025125295
0.1345 0.02867303 0.003999695
0.135 0.03011477 0.0055089295
0.1355 0.03156091 0.007039599
0.136 0.0330196 0.008591093
0.1365 0.03449365 0.010162801
0.137 0.03598241 0.011754155
0.1375 0.03748433 0.013364494
0.138 0.03899802 0.01499331
0.1385 0.04052248 0.016639948
0.139 0.04205703 0.018303812
0.1395 0.04360127 0.019984305
0.14 0.04515493 0.021680877
0.1405 0.04671782 0.023392946
0.141 0.0482898 0.025119953
0.1415 0.04987065 0.026861288
0.142 0.05146017 0.028616406
0.1425 0.05305829 0.030384786
0.143 0.05466488 0.03216584
0.1435 0.05627833 0.033959024
0.144 0.05789906 0.035763815
0.1445 0.05952146 0.037579678
0.145 0.06112856 0.039406113
0.1455 0.0627422 0.04124257
0.146 0.06437451 0.043088563
0.1465 0.06602622 0.04494352
0.147 0.06769431 0.04680706
0.1475 0.06937545 0.04867862
0.148 0.07106708 0.05055774
0.1485 0.07276744 0.052443944
0.149 0.07447543 0.05433677
0.1495 0.07619025 0.056235768
0.15 0.07791137 0.058611415
0.1505 0.07952767 0.060912907
0.151 0.08086742 0.063140824
0.1515 0.08201645 0.06529578
0.152 0.08304991 0.06737832
0.1525 0.08400535 0.06938908
0.153 0.08489964 0.07132863
0.1535 0.08574033 0.0731976
0.154 0.08653096 0.074996695
0.1545 0.08727347 0.07672642
0.155 0.08796898 0.078387484
0.1555 0.08861838 0.07998049
0.156 0.08922251 0.08150612
0.1565 0.08978212 0.08296496
0.157 0.09029785 0.084357694
0.1575 0.09077025 0.085684955
0.158 0.09119998 0.08694732
0.1585 0.0915877 0.08814548
0.159 0.09193404 0.089280054
0.1595 0.0922396 0.0903517
0.16 0.09250496 0.091361
0.1605 0.09273068 0.09230861
0.161 0.09291731 0.09319514
0.1615 0.09306541 0.094021246
0.162 0.09317551 0.09478751
0.1625 0.09324817 0.09549457
0.163 0.09328391 0.09614301
0.1635 0.09328328 0.096733525
0.164 0.09324681 0.097266644
0.1645 0.09317504 0.09774302
0.165 0.09306849 0.09816328
0.1655 0.09292768 0.09852798
0.166 0.09275313 0.09883778
0.1665 0.09254536 0.09909323
0.167 0.09230487 0.099294975
0.1675 0.09203217 0.09944363
0.168 0.09172774 0.09953979
0.1685 0.09139208 0.09958406
0.169 0.09102568 0.099577054
0.1695 0.09062901 0.09951939
0.17 0.09020255 0.09941162
0.1705 0.08974678 0.09925443
0.171 0.08926214 0.099048406
0.1715 0.08874911 0.09879412
0.172 0.08820814 0.098492235
0.1725 0.08763967 0.0981434
0.173 0.08704414 0.097748145
0.1735 0.086422 0.09730719
0.174 0.08577367 0.09682113
0.1745 0.08509959 0.09629063
0.175 0.08440016 0.09571627
0.1755 0.08367581 0.095098734
0.176 0.08292694 0.09443872
0.1765 0.08215396 0.09373684
0.177 0.08135727 0.09299375
0.1775 0.08053726 0.092210144
0.178 0.07969431 0.09138672
0.1785 0.07882881 0.09052412
0.179 0.07794113 0.08962309
0.1795 0.07703165 0.08868429
0.18 0.07610073 0.08770846
0.1805 0.07514874 0.08669634
0.181 0.07417602 0.085648656
0.1815 0.07318292 0.08456619
0.182 0.0721698 0.08344969
0.1825 0.07113699 0.08229987
0.183 0.07008482 0.08111763
0.1835 0.06901363 0.07990371
0.184 0.06792374 0.07865888
0.1845 0.06681547 0.077384114
0.185 0.06568913 0.07608017
0.1855 0.06454503 0.074747935
0.186 0.06338349 0.07338825
0.1865 0.06220479 0.07200209
0.187 0.06100923 0.07059035
0.1875 0.0597971 0.06915396
0.188 0.0585687 0.067693874
0.1885 0.0573243 0.066211104
0.189 0.05606417 0.06470668
0.1895 0.0547886 0.06318161
0.19 0.05349784 0.061636955
0.1905 0.05219217 0.060073815
0.191 0.05087183 0.058493316
0.1915 0.0495371 0.056896552
0.192 0.04818821 0.055284724
0.1925 0.04682541 0.053659014
0.193 0.04544896 0.052020706
0.1935 0.04405907 0.050371036
0.194 0.042656 0.0487113
0.1945 0.04123997 0.04704286
0.195 0.03981121 0.045367084
0.1955 0.03836993 0.04368543
0.196 0.03691637 0.041999288
0.1965 0.03545074 0.040310226
0.197 0.03397324 0.038619757
0.1975 0.03248408 0.03692951
0.198 0.03098348 0.035241127
0.1985 0.02947163 0.033556305
0.199 0.02794873 0.031876802
0.1995 0.02641497 0.030204438
0.2 0.02487055 0.02854105
0.2005 0.02336285 0.026913434
0.201 0.02197551 0.025321282
0.2015 0.02067506 0.023764275
0.202 0.01942507 0.022242054
0.2025 0.01820656 0.020754278
0.203 0.01701089 0.019300498
0.2035 0.01583418 0.017880276
0.204 0.01467464 0.016493134
0.2045 0.01353139 0.015138578
0.205 0.01240392 0.01381604
0.2055 0.0112919 0.012525011
0.206 0.01019509 0.011264861
0.2065 0.009113292 0.01003499
0.207 0.008046314 0.008834757
0.2075 0.006993984 0.0076635033
0.208 0.005956137 0.0065205097
0.2085 0.004932606 0.0054050833
0.209 0.003923232 0.0043164976
0.2095 0.002927855 0.0032539964
0.21 0.001946314 0.0022168234
0.2105 0.0009784524 0.0012041777
0.211 2.411252e-05 0.00021529943
0.2115 -0.0009168626 -0.00075065345
0.212 -0.001844629 -0.0016944781
0.2125 -0.002759343 -0.0026169606
0.213 -0.00366116 -0.0035189614
0.2135 -0.004550233 -0.004401274
0.214 -0.005426717 -0.005264744
0.2145 -0.006290765 -0.006110154
0.215 -0.007142529 -0.006938353
0.2155 -0.007982162 -0.0077501014
0.216 -0.008809814 -0.008546211
0.2165 -0.009625635 -0.009327438
0.217 -0.01042977 -0.010094572
0.2175 -0.01122238 -0.010848325
0.218 -0.0120036 -0.011589423
0.2185 -0.01277358 -0.012318589
0.219 -0.01353247 -0.013036445
0.2195 -0.01428041 -0.013743676
0.22 -0.01501754 -0.0144409
0.2205 -0.015744 -0.015128696
0.221 -0.01645994 -0.01580764
0.2215 -0.0171655 -0.01647824
0.222 -0.01786082 -0.017141026
0.2225 -0.01854602 -0.017796425
0.223 -0.01922125 -0.018444909
0.2235 -0.01988665 -0.019086849
0.224 -0.02054235 -0.019722639
0.2245 -0.02118847 -0.020352595
0.225 -0.02182515 -0.020977033
0.2255 -0.02245253 -0.021596199
0.226 -0.02307072 -0.022210363
0.2265 -0.02367986 -0.022819705
0.227 -0.02428007 -0.023424428
0.2275 -0.02487148 -0.024024673
0.228 -0.02545421 -0.024620563
0.2285 -0.02602838 -0.025212202
0.229 -0.02659412 -0.025799658
0.2295 -0.02715153 -0.026382994
0.23 -0.02770075 -0.02696223
0.2305 -0.02824188 -0.027537398
0.231 -0.02877504 -0.028108474
0.2315 -0.02930034 -0.028675444
0.232 -0.02981791 -0.029238272
0.2325 -0.03032784 -0.029796908
0.233 -0.03083025 -0.030351277
0.2335 -0.03132525 -0.030901335
0.234 -0.03181294 -0.031446982
0.2345 -0.03229343 -0.03198815
0.235 -0.03276682 -0.032524735
0.2355 -0.03323322 -0.033056647
0.236 -0.03369273 -0.03358378
0.2365 -0.03414545 -0.03410603
0.237 -0.03459147 -0.034623317
0.2375 -0.03503091 -0.035135515
0.238 -0.03546384 -0.035642534
0.2385 -0.03589038 -0.03614427
0.239 -0.0363106 -0.036640637
0.2395 -0.03672462 -0.037131514
0.24 -0.03713251 -0.037616845
0.2405 -0.03753436 -0.038096525
0.241 -0.03793027 -0.038570475
0.2415 -0.03832033 -0.03903863
0.242 -0.03870462 -0.039500896
0.2425 -0.03908322 -0.03995724
0.243 -0.03945623 -0.040407576
0.2435 -0.03982372 -0.04085186
0.244 -0.04018577 -0.041290052
0.2445 -0.04054248 -0.04172211
0.245 -0.04089391 -0.042148
0.2455 -0.04124014 -0.042567685
0.246 -0.04158126 -0.042981148
0.2465 -0.04191733 -0.043388367
0.247 -0.04224845 -0.043789346
0.2475 -0.04257467 -0.044184066
0.248 -0.04289607 -0.044572532
0.2485 -0.04321272 -0.044954766
0.249 -0.04352471 -0.04533076
0.2495 -0.04383208 -0.045700543
0.25 -0.04413492 -0.04606413
0.2505 -0.0444333 -0.046421558
0.251 -0.04472727 -0.046772853
0.2515 -0.04501691 -0.047118038
0.252 -0.04530228 -0.04745717
0.2525 -0.04558344 -0.04779029
0.253 -0.04586047 -0.048117436
0.2535 -0.04613341 -0.04843867
0.254 -0.04640233 -0.048754036
0.2545 -0.0466673 -0.049063586
0.255 -0.04692837 -0.049367387
0.2555 -0.0471856 -0.049665503
0.256 -0.04743904 -0.04995799
0.2565 -0.04768876 -0.05024492
0.257 -0.04793482 -0.05052636
0.2575 -0.04817726 -0.050802372
0.258 -0.04841614 -0.05107303
0.2585 -0.04865151 -0.05133841
0.259 -0.04888343 -0.051598575
0.2595 -0.04911195 -0.051853605
0.26 -0.04933712 -0.052103586
0.2605 -0.049559 -0.052348576
0.261 -0.04977762 -0.052588657
0.2615 -0.04999304 -0.05282391
0.262 -0.05020531 -0.0530544
0.2625 -0.05041448 -0.05328022
0.263 -0.05062059 -0.05350144
0.2635 -0.05082368 -0.053718135
0.264 -0.05102381 -0.05393038
0.2645 -0.05122102 -0.054138258
0.265 -0.05141535 -0.05434185
0.2655 -0.05160684 -0.05454122
0.266 -0.05179554 -0.05473645
0.2665 -0.0519815 -0.054927614
0.267 -0.05216474 -0.055114783
0.2675 -0.05234532 -0.055298045
0.268 -0.05252326 -0.05547747
0.2685 -0.05269862 -0.055653118
0.269 -0.05287143 -0.05582506
0.2695 -0.05304173 -0.055993382
0.27 -0.05320956 -0.056158148
0.2705 -0.05337495 -0.056319427
0.271 -0.05353794 -0.05647729
0.2715 -0.05369856 -0.056631804
0.272 -0.05385686 -0.05678304
0.2725 -0.05401287 -0.056931064
0.273 -0.05416661 -0.057075925
0.2735 -0.05431813 -0.057217702
0.274 -0.05446746 -0.057356447
0.2745 -0.05461463 -0.057492245
0.275 -0.05475967 -0.057625126
0.2755 -0.05490262 -0.057755165
0.276 -0.0550435 -0.05788243
0.2765 -0.05518235 -0.058006965
0.277 -0.0553192 -0.05812883
0.2775 -0.05545408 -0.058248095
0.278 -0.05558701 -0.058364794
0.2785 -0.05571803 -0.05847899
0.279 -0.05584716 -0.05859074
0.2795 -0.05597444 -0.058700092
0.28 -0.05609989 -0.058807097
0.2805 -0.05622353 -0.058911808
0.281 -0.0563454 -0.059014276
0.2815 -0.05646552 -0.059114538
0.282 -0.05658392 -0.059212647
0.2825 -0.05670062 -0.05930866
0.283 -0.05681565 -0.0594026
0.2835 -0.05692903 -0.059494536
0.284 -0.05704078 -0.05958449
0.2845 -0.05715094 -0.05967252
0.285 -0.05725952 -0.059758663
0.2855 -0.05736656 -0.05984295
0.286 -0.05747206 -0.059925444
0.2865 -0.05757605 -0.060006157
0.287 -0.05767857 -0.060085148
0.2875 -0.05777962 -0.06016244
0.288 -0.05787923 -0.060238086
0.2885 -0.05797742 -0.06031211
0.289 -0.05807421 -0.06038455
0.2895 -0.05816963 -0.060455434
0.29 -0.05826369 -0.06052481
0.2905 -0.05835641 -0.060592696
0.291 -0.05844782 -0.06065914
0.2915 -0.05853792 -0.06072416
0.292 -0.05862675 -0.06078779
0.2925 -0.05871432 -0.06085007
0.293 -0.05880065 -0.060911015
0.2935 -0.05888575 -0.06097066
0.294 -0.05896965 -0.061029036
0.2945 -0.05905236 -0.06108617
0.295 -0.0591339 -0.061142083
0.2955 -0.05921429 -0.061196815
0.296 -0.05929354 -0.061250374
0.2965 -0.05937167 -0.061302803
0.297 -0.0594487 -0.061354116
0.2975 -0.05952464 -0.06140434
0.298 -0.05959951 -0.061453488
0.2985 -0.05967333 -0.061501604
0.299 -0.05974611 -0.06154869
0.2995 -0.05981786 -0.061594784
0.3 -0.0598886 -0.061639898
0.3005 -0.05995835 -0.061684065
0.301 -0.06002711 -0.061727293
0.3015 -0.06009491 -0.061769597
0.302 -0.06016176 -0.061811022
0.3025 -0.06022767 -0.061851565
0.303 -0.06029266 -0.061891247
0.3035 -0.06035673 -0.061930098
0.304 -0.06041991 -0.061968125
0.3045 -0.0604822 -0.06200535
0.305 -0.06054362 -0.06204179
0.3055 -0.06060418 -0.062077463
0.306 -0.06066389 -0.062112384
0.3065 -0.06072277 -0.062146567
0.307 -0.06078082 -0.06218003
0.3075 -0.06083807 -0.062212795
0.308 -0.06089451 -0.062244866
0.3085 -0.06095017 -0.062276267
0.309 -0.06100505 -0.062307008
0.3095 -0.06105917 -0.0623371
0.31 -0.06111253 -0.06236656
0.3105 -0.06116515 -0.062395405
0.311 -0.06121704 -0.06242364
0.3115 -0.06126821 -0.06245128
0.312 -0.06131866 -0.062478352
0.3125 -0.06136842 -0.06250484
0.313 -0.06141748 -0.062530786
0.3135 -0.06146586 -0.06255619
0.314 -0.06151357 -0.06258106
0.3145 -0.06156062 -0.06260541
0.315 -0.06160702 -0.062629245
0.3155 -0.06165277 -0.06265258
0.316 -0.06169789 -0.06267543
0.3165 -0.06174239 -0.06269781
0.317 -0.06178627 -0.06271971
0.3175 -0.06182954 -0.06274115
0.318 -0.06187221 -0.062762156
0.3185 -0.0619143 -0.06278272
0.319 -0.0619558 -0.06280285
0.3195 -0.06199673 -0.062822565
0.32 -0.0620371 -0.06284187
0.3205 -0.06207691 -0.06286077
0.321 -0.06211617 -0.06287928
0.3215 -0.06215489 -0.0628974
0.322 -0.06219308 -0.06291513
0.3225 -0.06223074 -0.06293251
0.323 -0.06226788 -0.06294952
0.3235 -0.06230451 -0.06296618
0.324 -0.06234064 -0.062982485
0.3245 -0.06237627 -0.06299846
0.325 -0.06241142 -0.0630141
0.3255 -0.06244608 -0.063029416
0.326 -0.06248026 -0.063044414
0.3265 -0.06251398 -0.06305909
0.327 -0.06254723 -0.06307347
0.3275 -0.06258003 -0.06308755
0.328 -0.06261238 -0.06310134
0.3285 -0.06264428 -0.06311484
0.329 -0.06267575 -0.063128054
0.3295 -0.06270679 -0.063140996
0.33 -0.0627374 -0.06315368
0.3305 -0.0627676 -0.06316609
0.331 -0.06279738 -0.06317824
0.3315 -0.06282676 -0.06319015
0.332 -0.06285573 -0.0632018
0.3325 -0.06288431 -0.063213214
0.333 -0.0629125 -0.0632244
0.3335 -0.06294031 -0.06323534
0.334 -0.06296774 -0.06324606
0.3345 -0.06299479 -0.06325655
0.335 -0.06302147 -0.06326683
0.3355 -0.0630478 -0.0632769
0.336 -0.06307376 -0.06328675
0.3365 -0.06309937 -0.06329641
0.337 -0.06312463 -0.06330586
0.3375 -0.06314955 -0.063315116
0.338 -0.06317413 -0.063324176
0.3385 -0.06319838 -0.06333305
0.339 -0.06322229 -0.063341744
0.3395 -0.06324589 -0.06335026
0.34 -0.06326916 -0.0633586
0.3405 -0.06329212 -0.063366756
0.341 -0.06331476 -0.06337474
0.3415 -0.0633371 -0.06338257
0.342 -0.06335914 -0.06339024
0.3425 -0.06338088 -0.06339775
0.343 -0.06340232 -0.0634051
0.3435 -0.06342348 -0.0634123
0.344 -0.06344435 -0.06341936
0.3445 -0.06346493 -0.06342626
0.345 -0.06348524 -0.06343302
0.3455 -0.06350528 -0.063439645
0.346 -0.06352504 -0.06344612
0.3465 -0.06354454 -0.063452475
0.347 -0.06356377 -0.063458696
0.3475 -0.06358275 -0.06346479
0.348 -0.06360146 -0.06347075
0.3485 -0.06361993 -0.06347659
0.349 -0.06363815 -0.063482314
0.3495 -0.06365612 -0.06348792
0.35 -0.06367385 -0.0634934
0.3505 -0.06369134 -0.063498765
0.351 -0.0637086 -0.06350403
0.3515 -0.06372563 -0.06350919
0.352 -0.06374242 -0.06351423
0.3525 -0.06375899 -0.06351917
0.353 -0.06377534 -0.06352401
0.3535 -0.06379147 -0.06352875
0.354 -0.06380738 -0.06353338
0.3545 -0.06382308 -0.063537925
0.355 -0.06383856 -0.06354238
0.3555 -0.06385384 -0.06354674
0.356 -0.06386892 -0.06355101
0.3565 -0.06388379 -0.06355518
0.357 -0.06389847 -0.06355927
0.3575 -0.06391294 -0.06356328
0.358 -0.06392723 -0.063567206
0.3585 -0.06394132 -0.06357105
0.359 -0.06395522 -0.063574806
0.3595 -0.06396894 -0.063578494
0.36 -0.06398248 -0.06358211
0.3605 -0.06399583 -0.06358564
0.361 -0.06400901 -0.0635891
0.3615 -0.06402201 -0.06359249
0.362 -0.06403483 -0.06359581
0.3625 -0.06404749 -0.063599065
0.363 -0.06405997 -0.06360225
0.3635 -0.06407229 -0.06360536
0.364 -0.06408445 -0.06360841
0.3645 -0.06409644 -0.0636114
0.365 -0.06410827 -0.06361433
0.3655 -0.06411995 -0.0636172
0.366 -0.06413147 -0.06362
0.3665 -0.06414283 -0.06362276
0.367 -0.06415405 -0.06362545
0.3675 -0.06416512 -0.063628085
0.368 -0.06417604 -0.06363066
0.3685 -0.06418681 -0.06363319
0.369 -0.06419744 -0.06363566
0.3695 -0.06420793 -0.06363808
0.37 -0.06421828 -0.06364046
0.3705 -0.06422849 -0.063642785
0.371 -0.06423857 -0.063645065
0.3715 -0.06424851 -0.06364729
0.372 -0.06425832 -0.063649476
0.3725 -0.064268 -0.063651614
0.373 -0.06427756 -0.06365371
0.3735 -0.06428698 -0.06365575
0.374 -0.06429628 -0.06365776
0.3745 -0.06430546 -0.06365973
0.375 -0.06431452 -0.06366164
0.3755 -0.06432345 -0.06366353
0.376 -0.06433227 -0.06366538
0.3765 -0.06434097 -0.063667186
0.377 -0.06434956 -0.06366896
0.3775 -0.06435803 -0.06367069
0.378 -0.06436639 -0.06367238
0.3785 -0.06437464 -0.06367404
0.379 -0.06438278 -0.06367567
0.3795 -0.06439082 -0.063677266
0.38 -0.06439874 -0.063678816
0.3805 -0.06440657 -0.06368035
0.381 -0.06441429 -0.06368184
0.3815 -0.0644219 -0.06368331
0.382 -0.06442942 -0.06368475
0.3825 -0.06443684 -0.06368615
0.383 -0.06444416 -0.06368752
0.3835 -0.06445138 -0.06368887
0.384 -0.06445851 -0.063690186
0.3845 -0.06446554 -0.063691474
0.385 -0.06447249 -0.06369273
0.3855 -0.06447934 -0.06369398
0.386 -0.0644861 -0.06369519
0.3865 -0.06449277 -0.06369637
0.387 -0.06449935 -0.06369754
0.3875 -0.06450585 -0.06369867
0.388 -0.06451226 -0.06369978
0.3885 -0.06451858 -0.06370088
0.389 -0.06452483 -0.06370194
0.3895 -0.06453099 -0.063702986
0.39 -0.06453707 -0.063704014
0.3905 -0.06454307 -0.06370502
0.391 -0.06454899 -0.063705996
0.3915 -0.06455484 -0.063706964
0.392 -0.0645606 -0.0637079
0.3925 -0.06456629 -0.06370883
0.393 -0.06457191 -0.06370973
0.3935 -0.06457745 -0.06371061
0.394 -0.06458292 -0.06371148
0.3945 -0.06458832 -0.06371232
0.395 -0.06459365 -0.06371315
0.3955 -0.06459891 -0.06371397
0.396 -0.0646041 -0.063714765
0.3965 -0.06460922 -0.06371554
0.397 -0.06461427 -0.06371631
0.3975 -0.06461926 -0.06371706
0.398 -0.06462418 -0.06371779
0.3985 -0.06462904 -0.06371851
0.399 -0.06463384 -0.06371921
0.3995 -0.06463857 -0.0637199
0.4 -0.06464324 -0.06372057
0.4005 -0.06464785 -0.06372123
0.401 -0.0646524 -0.06372188
0.4015 -0.06465689 -0.063722506
0.402 -0.06466132 -0.063723125
0.4025 -0.06466569 -0.06372373
0.403 -0.06467 -0.063724324
0.4035 -0.06467426 -0.063724905
0.404 -0.06467847 -0.06372548
0.4045 -0.06468261 -0.06372604
0.405 -0.06468671 -0.063726574
0.4055 -0.06469075 -0.0637271
0.406 -0.06469474 -0.063727625
0.4065 -0.06469867 -0.06372814
0.407 -0.06470256 -0.06372864
0.4075 -0.06470639 -0.06372912
0.408 -0.06471018 -0.06372961
0.4085 -0.06471391 -0.063730076
0.409 -0.0647176 -0.06373053
0.4095 -0.06472124 -0.063730985
0.41 -0.06472483 -0.06373143
0.4105 -0.06472837 -0.06373186
0.411 -0.06473187 -0.06373228
0.4115 -0.06473532 -0.0637327
0.412 -0.06473873 -0.0637331
0.4125 -0.06474209 -0.063733496
0.413 -0.06474541 -0.06373389
0.4135 -0.06474869 -0.06373427
0.414 -0.06475192 -0.063734636
0.4145 -0.06475511 -0.06373501
0.415 -0.06475826 -0.063735366
0.4155 -0.06476137 -0.06373571
0.416 -0.06476444 -0.06373605
0.4165 -0.06476747 -0.06373639
0.417 -0.06477046 -0.06373672
0.4175 -0.06477341 -0.063737035
0.418 -0.06477632 -0.06373735
0.4185 -0.0647792 -0.06373765
0.419 -0.06478203 -0.06373796
0.4195 -0.06478483 -0.06373826
0.42 -0.0647876 -0.06373854
0.4205 -0.06479033 -0.06373882
0.421 -0.06479302 -0.0637391
0.4215 -0.06479568 -0.06373937
0.422 -0.0647983 -0.063739635
0.4225 -0.06480089 -0.06373989
0.423 -0.06480344 -0.06374014
0.4235 -0.06480597 -0.06374039
0.424 -0.06480846 -0.06374063
0.4245 -0.06481091 -0.06374087
0.425 -0.06481334 -0.0637411
0.4255 -0.06481573 -0.063741334
0.426 -0.0648181 -0.06374155
0.4265 -0.06482043 -0.06374177
0.427 -0.06482273 -0.06374199
0.4275 -0.06482501 -0.063742206
0.428 -0.06482725 -0.06374241
0.4285 -0.06482946 -0.06374261
0.429 -0.06483165 -0.06374281
0.4295 -0.06483381 -0.06374301
0.43 -0.06483594 -0.06374319
0.4305 -0.06483804 -0.063743375
0.431 -0.06484011 -0.06374356
0.4315 -0.06484216 -0.06374374
0.432 -0.06484418 -0.06374391
0.4325 -0.06484618 -0.06374408
0.433 -0.06484815 -0.06374425
0.4335 -0.06485009 -0.06374441
0.434 -0.06485201 -0.063744575
0.4345 -0.0648539 -0.063744724
0.435 -0.06485577 -0.06374489
0.4355 -0.06485762 -0.06374504
0.436 -0.06485944 -0.06374517
0.4365 -0.06486124 -0.06374532
0.437 -0.06486301 -0.06374546
0.4375 -0.06486477 -0.0637456
0.438 -0.0648665 -0.06374573
0.4385 -0.0648682 -0.063745864
0.439 -0.06486989 -0.06374599
0.4395 -0.06487155 -0.063746125
0.44 -0.06487319 -0.06374624
0.4405 -0.06487482 -0.06374636
0.441 -0.06487642 -0.06374648
0.4415 -0.064878 -0.0637466
0.442 -0.06487955 -0.063746706
0.4425 -0.06488109 -0.063746825
0.443 -0.06488261 -0.06374694
0.4435 -0.06488411 -0.06374704
0.444 -0.06488559 -0.063747145
0.4445 -0.06488705 -0.06374725
0.445 -0.0648885 -0.06374735
0.4455 -0.06488992 -0.06374744
0.446 -0.06489133 -0.06374753
0.4465 -0.06489271 -0.06374763
0.447 -0.06489408 -0.06374772
0.4475 -0.06489543 -0.063747816
0.448 -0.06489677 -0.0637479
0.4485 -0.06489809 -0.06374799
0.449 -0.06489939 -0.06374807
0.4495 -0.06490067 -0.06374815
0.45 -0.06490194 -0.06374823
0.4505 -0.06490319 -0.063748315
0.451 -0.06490442 -0.06374839
0.4515 -0.06490564 -0.063748464
0.452 -0.06490685 -0.06374854
0.4525 -0.06490803 -0.06374861
0.453 -0.06490921 -0.06374869
0.4535 -0.06491036 -0.063748755
0.454 -0.06491151 -0.06374883
0.4545 -0.06491263 -0.06374889
0.455 -0.06491375 -0.06374896
0.4555 -0.06491485 -0.06374903
0.456 -0.06491593 -0.06374909
0.4565 -0.064917 -0.06374915
0.457 -0.06491806 -0.06374921
0.4575 -0.0649191 -0.06374927
0.458 -0.06492013 -0.06374932
0.4585 -0.06492115 -0.06374938
0.459 -0.06492216 -0.06374943
0.4595 -0.06492315 -0.063749485
0.46 -0.06492413 -0.06374954
0.4605 -0.06492509 -0.0637496
0.461 -0.06492605 -0.06374965
0.4615 -0.06492699 -0.0637497
0.462 -0.06492792 -0.063749745
0.4625 -0.06492883 -0.0637498
0.463 -0.06492974 -0.06374984
0.4635 -0.06493063 -0.063749894
0.464 -0.06493152 -0.06374994
0.4645 -0.06493239 -0.06374998
0.465 -0.06493325 -0.06375001
0.4655 -0.0649341 -0.06375006
0.466 -0.06493494 -0.0637501
0.4665 -0.06493576 -0.06375014
0.467 -0.06493658 -0.06375018
0.4675 -0.06493739 -0.06375022
0.468 -0.06493818 -0.06375026
0.4685 -0.06493897 -0.06375029
0.469 -0.06493974 -0.06375033
0.4695 -0.06494051 -0.06375036
0.47 -0.06494127 -0.06375039
0.4705 -0.06494201 -0.06375043
0.471 -0.06494275 -0.06375046
0.4715 -0.06494348 -0.06375049
0.472 -0.0649442 -0.06375052
0.4725 -0.06494491 -0.06375054
0.473 -0.06494561 -0.06375058
0.4735 -0.0649463 -0.06375061
0.474 -0.06494698 -0.06375064
0.4745 -0.06494765 -0.06375068
0.475 -0.06494832 -0.0637507
0.4755 -0.06494897 -0.06375073
0.476 -0.06494962 -0.06375075
0.4765 -0.06495026 -0.06375078
0.477 -0.06495089 -0.06375081
0.4775 -0.06495152 -0.06375084
0.478 -0.06495213 -0.06375086
0.4785 -0.06495274 -0.06375089
0.479 -0.06495334 -0.063750915
0.4795 -0.06495393 -0.06375094
0.48 -0.06495452 -0.06375095
0.4805 -0.06495509 -0.063750975
0.481 -0.06495566 -0.063751
0.4815 -0.06495623 -0.06375103
0.482 -0.06495678 -0.06375104
0.4825 -0.06495733 -0.06375106
0.483 -0.06495787 -0.06375108
0.4835 -0.06495841 -0.063751094
0.484 -0.06495893 -0.06375112
0.4845 -0.06495945 -0.06375113
0.485 -0.06495997 -0.06375115
0.4855 -0.06496048 -0.06375116
0.486 -0.06496098 -0.06375118
0.4865 -0.06496147 -0.063751206
0.487 -0.06496196 -0.06375122
0.4875 -0.06496244 -0.06375124
0.488 -0.06496292 -0.06375126
0.4885 -0.06496339 -0.063751265
0.489 -0.06496385 -0.06375128
0.4895 -0.06496431 -0.063751295
0.49 -0.06496476 -0.06375131
0.4905 -0.06496521 -0.063751325
0.491 -0.06496565 -0.06375133
0.4915 -0.06496609 -0.06375134
0.492 -0.06496652 -0.063751355
0.4925 -0.06496694 -0.06375137
0.493 -0.06496736 -0.063751385
0.4935 -0.06496777 -0.06375139
0.494 -0.06496818 -0.06375141
0.4945 -0.06496858 -0.06375142
0.495 -0.06496898 -0.06375144
0.4955 -0.06496937 -0.06375145
0.496 -0.06496976 -0.06375146
0.4965 -0.06497014 -0.063751474
0.497 -0.06497052 -0.06375148
0.4975 -0.0649709 -0.06375149
0.498 -0.06497126 -0.0637515
0.4985 -0.06497163 -0.063751504
0.499 -0.06497199 -0.063751504
0.4995 -0.06497234 -0.06375152
