0.0 -0.065 -0.05641788
0.0005 -0.05362171 -0.058200434
0.001 -0.04150363 -0.054450084
0.0015 -0.03387331 -0.05080103
0.002 -0.02893887 -0.047718804
0.0025 -0.02528174 -0.04491127
0.003 -0.02220731 -0.04211269
0.0035 -0.01941029 -0.039180245
0.004 -0.01674892 -0.036064375
0.0045 -0.01416073 -0.032769885
0.005 -0.0116308 -0.029327694
0.0055 -0.009157847 -0.025778074
0.006 -0.006718963 -0.022161637
0.0065 -0.004300547 -0.01851492
0.007 -0.001899593 -0.014868673
0.0075 0.0004797185 -0.011247564
0.008 0.002824759 -0.0076706447
0.0085 0.005143493 -0.0041522495
0.009 0.007441548 -0.0007025339
0.0095 0.009709161 0.002671484
0.01 0.0119513 0.005965505
0.0105 0.01417489 0.009176973
0.011 0.01637923 0.012305032
0.0115 0.01855985 0.015349966
0.012 0.02071801 0.018312875
0.0125 0.0228536 0.021195274
0.013 0.02496572 0.023999345
0.0135 0.02705368 0.026727352
0.014 0.02911699 0.029381853
0.0145 0.03115541 0.031965327
0.015 0.03316886 0.03448045
0.0155 0.03515738 0.036929805
0.016 0.03712117 0.039315756
0.0165 0.03906051 0.04164091
0.017 0.04097569 0.04390758
0.0175 0.04286704 0.046118047
0.018 0.04473485 0.048274513
0.0185 0.04657942 0.05037899
0.019 0.04840102 0.052433442
0.0195 0.05019991 0.05443989
0.02 0.05197633 0.056399997
0.0205 0.05373051 0.05831552
0.021 0.05545158 0.060188096
0.0215 0.05711745 0.062019218
0.022 0.05875715 0.06381033
0.0225 0.0603806 0.06556292
0.023 0.06199219 0.067278236
0.0235 0.06359662 0.06895751
0.024 0.06519169 0.070601985
0.0245 0.06677389 0.07221283
0.025 0.06834028 0.07379112
0.0255 0.06988891 0.07533784
0.026 0.07141863 0.07685405
0.0265 0.07292885 0.07834062
0.027 0.07441867 0.07979858
0.0275 0.07586508 0.08122869
0.028 0.07727638 0.08263175
0.0285 0.07867564 0.08400859
0.029 0.08006896 0.085360035
0.0295 0.08145444 0.086686686
0.03 0.08282852 0.087989405
0.0305 0.08418824 0.089268714
0.031 0.08553136 0.09052536
0.0315 0.08685447 0.091759846
0.032 0.0881423 0.092972934
0.0325 0.08940456 0.09416507
0.033 0.09065491 0.09533681
0.0335 0.09189594 0.096488744
0.034 0.09311094 0.09762126
0.0345 0.09430383 0.098735034
0.035 0.09548754 0.099830344
0.0355 0.09666509 0.10090777
0.036 0.09783464 0.10196783
0.0365 0.09899341 0.10301073
0.037 0.1001392 0.10403709
0.0375 0.1012705 0.10504718
0.038 0.1023866 0.10604145
0.0385 0.1034872 0.1070202
0.039 0.1045723 0.10798378
0.0395 0.1056418 0.108932704
0.04 0.1066962 0.109867156
0.0405 0.1077357 0.110787466
0.041 0.1087509 0.11169405
0.0415 0.1097372 0.11258708
0.042 0.1107117 0.113466874
0.0425 0.1116718 0.11433385
0.043 0.1126129 0.11518817
0.0435 0.113549 0.11603007
0.044 0.114482 0.11685988
0.0445 0.1154097 0.1176779
0.045 0.1163291 0.118484214
0.0455 0.117238 0.119279206
0.046 0.1181352 0.1200631
0.0465 0.1190199 0.120836034
0.047 0.1198915 0.12159817
0.0475 0.1207497 0.12234995
0.048 0.1215948 0.1230914
0.0485 0.1224274 0.12382278
0.049 0.123248 0.12454423
0.0495 0.1240571 0.12525609
0.05 0.1248549 0.12595834
0.0505 0.1256417 0.12665129
0.051 0.1264175 0.12733504
0.0515 0.1271824 0.1280098
0.052 0.1279364 0.12867579
0.0525 0.1286799 0.12933305
0.053 0.129413 0.12998183
0.0535 0.130136 0.13062218
0.054 0.130849 0.13125437
0.0545 0.1315521 0.13187864
0.055 0.1322456 0.1324948
0.0555 0.1329292 0.13310324
0.056 0.1336025 0.133704
0.0565 0.1342615 0.1342972
0.057 0.1348946 0.13488308
0.0575 0.1355069 0.13546163
0.058 0.1361144 0.13603309
0.0585 0.1367224 0.13659751
0.059 0.1373304 0.1371549
0.0595 0.1379361 0.13770561
0.06 0.1385365 0.13824953
0.0605 0.1391264 0.13878699
0.061 0.1397076 0.13931783
0.0615 0.1402821 0.13984238
0.062 0.1408494 0.1403606
0.0625 0.1413926 0.14087269
0.063 0.1419167 0.14137867
0.0635 0.1424384 0.1418787
0.064 0.142963 0.14237276
0.0645 0.1434892 0.14286104
0.065 0.1440142 0.1433436
0.0655 0.1445355 0.14382043
0.066 0.1450515 0.14429192
0.0665 0.145561 0.14475779
0.067 0.1460634 0.14521831
0.0675 0.1465586 0.14567351
0.068 0.1470464 0.14612344
0.0685 0.147527 0.14656824
0.069 0.1480004 0.14700794
0.0695 0.1484668 0.14744268
0.07 0.1489263 0.14787248
0.0705 0.1493792 0.14829732
0.071 0.1498254 0.1487174
0.0715 0.150265 0.14913279
0.072 0.1506979 0.14954352
0.0725 0.1511201 0.14994964
0.073 0.1515156 0.1503512
0.0735 0.1518999 0.15074828
0.074 0.152286 0.15114091
0.0745 0.1526766 0.15152928
0.075 0.1530696 0.15191323
0.0755 0.1534623 0.15229303
0.076 0.1538524 0.15266864
0.0765 0.1542385 0.1530401
0.077 0.1546197 0.15340751
0.0775 0.1549956 0.15377083
0.078 0.1553658 0.15413022
0.0785 0.1557294 0.15448567
0.079 0.1560691 0.15483734
0.0795 0.1563912 0.15518516
0.08 0.1567129 0.1555292
0.0805 0.1570396 0.15586954
0.081 0.1573702 0.15620618
0.0815 0.1577021 0.1565392
0.082 0.1580328 0.15686865
0.0825 0.1583606 0.15719453
0.083 0.1586752 0.15751696
0.0835 0.1589658 0.1578359
0.084 0.1592508 0.15815146
0.0845 0.15954 0.15846369
0.085 0.1598341 0.15877256
0.0855 0.1601308 0.15907814
0.086 0.1604274 0.15938056
0.0865 0.1607182 0.15967968
0.087 0.1608334 0.15997574
0.0875 0.1609213 0.16026852
0.088 0.1610855 0.16055828
0.0885 0.1613074 0.16084495
0.089 0.1615616 0.16112861
0.0895 0.1618462 0.16140933
0.09 0.1621492 0.16168714
0.0905 0.1624588 0.16196197
0.091 0.1627667 0.162234
0.0915 0.1630684 0.1625031
0.092 0.1633614 0.16276938
0.0925 0.1636452 0.16303295
0.093 0.1639198 0.16329375
0.0935 0.1641671 0.16355187
0.094 0.1643688 0.16380729
0.0945 0.164562 0.16406
0.095 0.1647668 0.16431014
0.0955 0.1649849 0.16455762
0.096 0.1652122 0.16480263
0.0965 0.1654435 0.16504507
0.097 0.1656753 0.16528499
0.0975 0.165905 0.16552246
0.098 0.1661312 0.16575746
0.0985 0.1663533 0.16598997
0.099 0.1665711 0.16622017
0.0995 0.1667834 0.166448
0.1 0.1669894 0.16134377
0.1005 0.1558382 0.15480897
0.101 0.1439953 0.14928181
0.1015 0.1366672 0.14497505
0.102 0.1320546 0.14151675
0.1025 0.128736 0.13851431
0.103 0.1260115 0.1356957
0.1035 0.1235713 0.1329095
0.104 0.1212814 0.13009062
0.1045 0.1190835 0.12722611
0.105 0.1169519 0.12433109
0.1055 0.1148745 0.12143251
0.106 0.1128455 0.118560165
0.1065 0.110862 0.11574122
0.107 0.1089224 0.112998664
0.1075 0.1070256 0.110349715
0.108 0.1051711 0.10780659
0.1085 0.1033583 0.10537681
0.109 0.1015869 0.1030639
0.1095 0.09985657 0.1008683
0.11 0.09816697 0.09918252
0.1105 0.09650123 0.09284884
0.111 0.09485423 0.086106315
0.1115 0.09324428 0.08051728
0.112 0.09167309 0.07643294
0.1125 0.09013965 0.07370922
0.113 0.08864287 0.07204689
0.1135 0.08718199 0.07114056
0.114 0.08575648 0.070733964
0.1145 0.08436597 0.07063143
0.115 0.08301015 0.070692524
0.1155 0.08168874 0.07082087
0.116 0.08040148 0.07095292
0.1165 0.0791481 0.07104875
0.117 0.07792836 0.07108453
0.1175 0.07674198 0.071047485
0.118 0.07558871 0.070932195
0.1185 0.07446827 0.07073791
0.119 0.0733804 0.070467025
0.1195 0.07232483 0.07012388
0.12 0.07130128 0.069713935
0.1205 0.07030949 0.06924349
0.121 0.06934923 0.06871916
0.1215 0.06842021 0.06814769
0.122 0.06752213 0.06753583
0.1225 0.06665467 0.066890314
0.123 0.06581754 0.06621754
0.1235 0.06501044 0.065523714
0.124 0.06423308 0.06481476
0.1245 0.06348517 0.06409623
0.125 0.06276643 0.0633733
0.1255 0.06207657 0.062650785
0.126 0.06141529 0.061933186
0.1265 0.06078232 0.061224487
0.127 0.06017737 0.0605284
0.1275 0.05960015 0.05984832
0.128 0.05905036 0.05918714
0.1285 0.05852773 0.058547523
0.129 0.05803196 0.057931814
0.1295 0.05756277 0.05734199
0.13 0.05711988 0.056779865
0.1305 0.05670299 0.05624685
0.131 0.05631182 0.055744227
0.1315 0.05594608 0.055273
0.132 0.05560551 0.05483402
0.1325 0.0552898 0.054427978
0.133 0.05499869 0.054055292
0.1335 0.0547319 0.053716283
0.134 0.05448914 0.05341127
0.1345 0.05427013 0.053140234
0.135 0.05407462 0.052903198
0.1355 0.05390231 0.05270007
0.136 0.05375295 0.052530747
0.1365 0.05362626 0.05239489
0.137 0.05352197 0.052292235
0.1375 0.05343982 0.052222397
0.138 0.05337954 0.052185047
0.1385 0.05334088 0.05217974
0.139 0.05332356 0.052206013
0.1395 0.05332733 0.052263364
0.14 0.05335194 0.052351408
0.1405 0.05339714 0.052469466
0.141 0.05346266 0.0526171
0.1415 0.05354826 0.052793857
0.142 0.05365369 0.052999098
0.1425 0.05377871 0.053232376
0.143 0.05392306 0.0534931
0.1435 0.05408652 0.05378073
0.144 0.05426884 0.05409481
0.1445 0.05446978 0.054434802
0.145 0.05468911 0.054800194
0.1455 0.0549266 0.055190478
0.146 0.05518201 0.05560514
0.1465 0.05545512 0.05604366
0.147 0.0557457 0.056505684
0.1475 0.05605352 0.056990672
0.148 0.0563783 0.05749805
0.1485 0.05671984 0.058027577
0.149 0.05707798 0.05857865
0.1495 0.05745256 0.0591509
0.15 0.05784335 0.05974495
0.1505 0.05823996 0.060454864
0.151 0.05860031 0.06102043
0.1515 0.05891632 0.061410774
0.152 0.05919946 0.06165578
0.1525 0.0594593 0.061794583
0.153 0.05970109 0.061860677
0.1535 0.05992723 0.061879646
0.154 0.06013865 0.061869454
0.1545 0.06033515 0.061842304
0.155 0.06051319 0.061805855
0.1555 0.06067496 0.061764885
0.156 0.06082319 0.06172194
0.1565 0.06095838 0.06167816
0.157 0.06108001 0.061633583
0.1575 0.06118731 0.0615878
0.158 0.06127963 0.061539907
0.1585 0.06135648 0.061488997
0.159 0.06141752 0.06143375
0.1595 0.06146251 0.06137312
0.16 0.06149128 0.061305966
0.1605 0.06150373 0.061231207
0.161 0.06149977 0.061147902
0.1615 0.06147936 0.061055157
0.162 0.06144244 0.06095216
0.1625 0.06138899 0.06083824
0.163 0.061319 0.06071272
0.1635 0.06123245 0.06057507
0.164 0.06112936 0.060424823
0.1645 0.06100973 0.06026159
0.165 0.06087359 0.06008501
0.1655 0.06072095 0.05989484
0.166 0.06055186 0.059690844
0.1665 0.06036635 0.05947278
0.167 0.06016448 0.05924057
0.1675 0.0599463 0.058994044
0.168 0.05971187 0.058733147
0.1685 0.05946126 0.058457915
0.169 0.05919455 0.05816819
0.1695 0.05891182 0.05786406
0.17 0.05861315 0.057545517
0.1705 0.05829864 0.057212587
0.171 0.05796838 0.056865346
0.1715 0.05762246 0.05650386
0.172 0.057261 0.05612823
0.1725 0.0568841 0.055738445
0.173 0.05649188 0.05533473
0.1735 0.05608444 0.054917153
0.174 0.05566192 0.05448577
0.1745 0.05522442 0.054040726
0.175 0.05477207 0.053582173
0.1755 0.05430501 0.053110246
0.176 0.05382335 0.052625068
0.1765 0.05332723 0.05212676
0.177 0.05281678 0.051615488
0.1775 0.05229213 0.051091373
0.178 0.05175343 0.05055463
0.1785 0.0512008 0.05000531
0.179 0.0506344 0.049443655
0.1795 0.05005434 0.04886978
0.18 0.04946079 0.048283864
0.1805 0.04885387 0.04768605
0.181 0.04823373 0.047076497
0.1815 0.04760051 0.04645534
0.182 0.04695435 0.04582278
0.1825 0.04629541 0.045179013
0.183 0.04562381 0.044524096
0.1835 0.04493971 0.043858323
0.184 0.04424324 0.04318173
0.1845 0.04353455 0.042494573
0.185 0.04281379 0.041796967
0.1855 0.04208109 0.041089114
0.186 0.0413366 0.04037114
0.1865 0.04058046 0.039643202
0.187 0.03981282 0.038905475
0.1875 0.0390338 0.038158167
0.188 0.03824356 0.03740139
0.1885 0.03744224 0.03663527
0.189 0.03662997 0.03586002
0.1895 0.03580688 0.035075758
0.19 0.03497313 0.034282696
0.1905 0.03412884 0.033480953
0.191 0.03327416 0.032670673
0.1915 0.03240921 0.03185199
0.192 0.03153413 0.031025108
0.1925 0.03064906 0.030190166
0.193 0.02975412 0.029347282
0.1935 0.02884945 0.028496604
0.194 0.02793518 0.02763826
0.1945 0.02701144 0.026772436
0.195 0.02607834 0.025899265
0.1955 0.02513603 0.025018875
0.196 0.02418463 0.024131339
0.1965 0.02322425 0.023236882
0.197 0.02225503 0.02233554
0.1975 0.02127709 0.021427568
0.198 0.02029054 0.020512987
0.1985 0.01929551 0.019591969
0.199 0.01829211 0.018664625
0.1995 0.01728046 0.017731037
0.2 0.01626068 0.01679137
0.2005 0.01523797 0.015819889
0.201 0.01423338 0.014864128
0.2015 0.01325095 0.01393174
0.202 0.01228494 0.013016794
0.2025 0.01133057 0.0121105425
0.203 0.01038524 0.011205707
0.2035 0.009447742 0.010297503
0.204 0.008517615 0.009383421
0.2045 0.00759473 0.008462962
0.205 0.006679107 0.0075367205
0.2055 0.005770831 0.0066061653
0.206 0.004870009 0.0056731664
0.2065 0.003976755 0.0047397055
0.207 0.003091178 0.003807772
0.2075 0.002213382 0.0028792433
0.208 0.001343463 0.0019557737
0.2085 0.0004815077 0.0010388829
0.209 -0.0003724039 0.00012991205
0.2095 -0.001218202 -0.0007701181
0.21 -0.002055824 -0.0016602464
0.2105 -0.002885216 -0.0025398023
0.211 -0.00370633 -0.0034081303
0.2115 -0.004519128 -0.0042648353
0.212 -0.005323576 -0.0051095076
0.2125 -0.006119648 -0.0059419163
0.213 -0.006907323 -0.0067619495
0.2135 -0.007686588 -0.007569436
0.214 -0.008457434 -0.008364398
0.2145 -0.009219857 -0.009146947
0.215 -0.009973859 -0.0099170245
0.2155 -0.01071945 -0.010674816
0.216 -0.01145663 -0.01142044
0.2165 -0.01218543 -0.012154106
0.217 -0.01290585 -0.012875963
0.2175 -0.01361794 -0.013586227
0.218 -0.0143217 -0.014285121
0.2185 -0.01501717 -0.014972854
0.219 -0.01570439 -0.01564965
0.2195 -0.01638339 -0.016315784
0.22 -0.01705422 -0.016971443
0.2205 -0.0177169 -0.017616946
0.221 -0.0183715 -0.018252466
0.2215 -0.01901804 -0.01887827
0.222 -0.0196566 -0.019494567
0.2225 -0.0202872 -0.020101625
0.223 -0.02090992 -0.020699624
0.2235 -0.0215248 -0.021288823
0.224 -0.0221319 -0.021869395
0.2245 -0.02273129 -0.022441555
0.225 -0.02332301 -0.023005541
0.2255 -0.02390713 -0.023561534
0.226 -0.02448371 -0.024109703
0.2265 -0.02505282 -0.02465025
0.227 -0.02561453 -0.025183324
0.2275 -0.02616889 -0.025709096
0.228 -0.02671597 -0.02622779
0.2285 -0.02725584 -0.026739452
0.229 -0.02778857 -0.027244303
0.2295 -0.02831423 -0.027742494
0.23 -0.02883289 -0.028234135
0.2305 -0.02934461 -0.028719354
0.231 -0.02984947 -0.029198285
0.2315 -0.03034753 -0.029671062
0.232 -0.03083887 -0.030137789
0.2325 -0.03132356 -0.030598555
0.233 -0.03180167 -0.031053487
0.2335 -0.03227327 -0.031502668
0.234 -0.03273843 -0.03194623
0.2345 -0.03319722 -0.032384213
0.235 -0.03364971 -0.032816764
0.2355 -0.03409598 -0.033243913
0.236 -0.0345361 -0.03366575
0.2365 -0.03497014 -0.034082394
0.237 -0.03539816 -0.034493875
0.2375 -0.03582024 -0.034900267
0.238 -0.03623645 -0.03530166
0.2385 -0.03664686 -0.035698127
0.239 -0.03705154 -0.036089685
0.2395 -0.03745056 -0.036476422
0.24 -0.03784399 -0.03685842
0.2405 -0.03823189 -0.037235733
0.241 -0.03861434 -0.037608374
0.2415 -0.0389914 -0.037976455
0.242 -0.03936315 -0.03833997
0.2425 -0.03972964 -0.038699012
0.243 -0.04009095 -0.039053615
0.2435 -0.04044714 -0.039403837
0.244 -0.04079827 -0.03974973
0.2445 -0.04114442 -0.040091347
0.245 -0.04148565 -0.04042868
0.2455 -0.04182202 -0.04076186
0.246 -0.04215359 -0.041090876
0.2465 -0.04248043 -0.04141577
0.247 -0.0428026 -0.041736595
0.2475 -0.04312017 -0.04205343
0.248 -0.04343318 -0.04236629
0.2485 -0.04374172 -0.042675193
0.249 -0.04404583 -0.04298021
0.2495 -0.04434557 -0.043281384
0.25 -0.04464101 -0.043578736
0.2505 -0.0449322 -0.043872308
0.251 -0.0452192 -0.04416218
0.2515 -0.04550207 -0.044448342
0.252 -0.04578087 -0.044730876
0.2525 -0.04605564 -0.04500979
0.253 -0.04632645 -0.04528514
0.2535 -0.04659336 -0.045556966
0.254 -0.0468564 -0.04582532
0.2545 -0.04711565 -0.0460902
0.255 -0.04737115 -0.046351664
0.2555 -0.04762295 -0.046609756
0.256 -0.04787111 -0.04686451
0.2565 -0.04811568 -0.047115948
0.257 -0.0483567 -0.047364164
0.2575 -0.04859423 -0.047609147
0.258 -0.04882832 -0.047850937
0.2585 -0.04905902 -0.048089564
0.259 -0.04928637 -0.048325103
0.2595 -0.04951042 -0.048557546
0.26 -0.04973122 -0.048786964
0.2605 -0.04994881 -0.049013365
0.261 -0.05016325 -0.0492368
0.2615 -0.05037457 -0.049457304
0.262 -0.05058283 -0.049674895
0.2625 -0.05078806 -0.049889628
0.263 -0.0509903 -0.050101526
0.2635 -0.05118961 -0.05031064
0.264 -0.05138603 -0.050516974
0.2645 -0.05157958 -0.05072059
0.265 -0.05177033 -0.05092153
0.2655 -0.0519583 -0.051119775
0.266 -0.05214354 -0.051315404
0.2665 -0.05232609 -0.05150842
0.267 -0.05250599 -0.051698852
0.2675 -0.05268327 -0.05188675
0.268 -0.05285797 -0.052072167
0.2685 -0.05303014 -0.052255075
0.269 -0.0531998 -0.052435547
0.2695 -0.053367 -0.052613605
0.27 -0.05353176 -0.052789275
0.2705 -0.05369414 -0.052962583
0.271 -0.05385415 -0.053133544
0.2715 -0.05401184 -0.053302217
0.272 -0.05416724 -0.053468592
0.2725 -0.05432038 -0.05363274
0.273 -0.0544713 -0.053794656
0.2735 -0.05462003 -0.05395436
0.274 -0.0547666 -0.0541119
0.2745 -0.05491104 -0.054267306
0.275 -0.05505339 -0.054420598
0.2755 -0.05519367 -0.054571774
0.276 -0.05533191 -0.05472089
0.2765 -0.05546816 -0.054867957
0.277 -0.05560242 -0.05501302
0.2775 -0.05573474 -0.055156063
0.278 -0.05586514 -0.055297147
0.2785 -0.05599366 -0.055436272
0.279 -0.05612031 -0.055573463
0.2795 -0.05624513 -0.055708785
0.28 -0.05636814 -0.055842195
0.2805 -0.05648937 -0.05597374
0.281 -0.05660885 -0.056103442
0.2815 -0.0567266 -0.05623134
0.282 -0.05684265 -0.056357417
0.2825 -0.05695702 -0.05648174
0.283 -0.05706973 -0.0566043
0.2835 -0.05718082 -0.05672513
0.284 -0.05729031 -0.05684422
0.2845 -0.05739821 -0.056961633
0.285 -0.05750456 -0.057077363
0.2855 -0.05760938 -0.057191435
0.286 -0.05771268 -0.05730387
0.2865 -0.05781449 -0.057414677
0.287 -0.05791484 -0.057523888
0.2875 -0.05801374 -0.05763152
0.288 -0.05811122 -0.05773759
0.2885 -0.0582073 -0.057842106
0.289 -0.05830199 -0.0579451
0.2895 -0.05839532 -0.058046576
0.29 -0.05848731 -0.058146555
0.2905 -0.05857798 -0.05824505
0.291 -0.05866735 -0.05834211
0.2915 -0.05875543 -0.05843771
0.292 -0.05884225 -0.05853189
0.2925 -0.05892782 -0.058624655
0.293 -0.05901217 -0.058716025
0.2935 -0.05909531 -0.05880603
0.294 -0.05917725 -0.058894668
0.2945 -0.05925803 -0.058981966
0.295 -0.05933764 -0.05906793
0.2955 -0.05941612 -0.059152585
0.296 -0.05949348 -0.059235957
0.2965 -0.05956973 -0.05931802
0.297 -0.05964489 -0.059398834
0.2975 -0.05971897 -0.05947839
0.298 -0.059792 -0.05955672
0.2985 -0.05986399 -0.059633832
0.299 -0.05993495 -0.05970973
0.2995 -0.0600049 -0.059784442
0.3 -0.06007385 -0.05985796
0.3005 -0.06014182 -0.059930336
0.301 -0.06020882 -0.060001563
0.3015 -0.06027487 -0.06007166
0.302 -0.06033998 -0.06014063
0.3025 -0.06040417 -0.060208503
0.303 -0.06046744 -0.060275275
0.3035 -0.06052981 -0.060340982
0.304 -0.0605913 -0.06040562
0.3045 -0.06065192 -0.060469206
0.305 -0.06071167 -0.060531765
0.3055 -0.06077058 -0.060593296
0.306 -0.06082866 -0.060653817
0.3065 -0.06088591 -0.06071337
0.307 -0.06094235 -0.060771916
0.3075 -0.06099799 -0.060829494
0.308 -0.06105285 -0.060886107
0.3085 -0.06110693 -0.06094181
0.309 -0.06116025 -0.060996566
0.3095 -0.06121281 -0.061050396
0.31 -0.06126464 -0.061103333
0.3105 -0.06131573 -0.06115538
0.311 -0.0613661 -0.061206546
0.3115 -0.06141576 -0.061256826
0.312 -0.06146472 -0.06130627
0.3125 -0.06151299 -0.061354864
0.313 -0.06156059 -0.06140262
0.3135 -0.06160751 -0.061449576
0.314 -0.06165377 -0.06149571
0.3145 -0.06169939 -0.061541054
0.315 -0.06174436 -0.0615856
0.3155 -0.0617887 -0.061629396
0.316 -0.06183242 -0.061672408
0.3165 -0.06187553 -0.061714675
0.317 -0.06191803 -0.061756216
0.3175 -0.06195994 -0.061797023
0.318 -0.06200126 -0.06183709
0.3185 -0.062042 -0.06187648
0.319 -0.06208217 -0.06191517
0.3195 -0.06212178 -0.061953172
0.32 -0.06216084 -0.061990496
0.3205 -0.06219935 -0.06202715
0.321 -0.06223732 -0.062063158
0.3215 -0.06227477 -0.062098525
0.322 -0.06231169 -0.06213325
0.3225 -0.06234809 -0.06216735
0.323 -0.06238399 -0.06220084
0.3235 -0.06241939 -0.062233727
0.324 -0.0624543 -0.06226601
0.3245 -0.06248872 -0.062297706
0.325 -0.06252266 -0.06232884
0.3255 -0.06255613 -0.06235942
0.326 -0.06258914 -0.062389392
0.3265 -0.06262168 -0.06241886
0.327 -0.06265378 -0.062447768
0.3275 -0.06268543 -0.062476154
0.328 -0.06271664 -0.06250401
0.3285 -0.06274742 -0.06253137
0.329 -0.06277777 -0.06255821
0.3295 -0.0628077 -0.062584564
0.33 -0.06283722 -0.06261042
0.3305 -0.06286633 -0.06263581
0.331 -0.06289503 -0.06266071
0.3315 -0.06292334 -0.06268513
0.332 -0.06295126 -0.06270914
0.3325 -0.06297879 -0.06273265
0.333 -0.06300595 -0.06275576
0.3335 -0.06303273 -0.06277841
0.334 -0.06305913 -0.06280066
0.3345 -0.06308518 -0.06282247
0.335 -0.06311087 -0.06284389
0.3355 -0.0631362 -0.062864885
0.336 -0.06316118 -0.06288548
0.3365 -0.06318582 -0.06290569
0.337 -0.06321012 -0.06292551
0.3375 -0.06323409 -0.06294498
0.338 -0.06325773 -0.06296405
0.3385 -0.06328104 -0.06298277
0.339 -0.06330403 -0.06300113
0.3395 -0.06332671 -0.06301914
0.34 -0.06334908 -0.06303681
0.3405 -0.06337114 -0.06305413
0.341 -0.0633929 -0.06307113
0.3415 -0.06341436 -0.063087806
0.342 -0.06343552 -0.063104145
0.3425 -0.0634564 -0.06312017
0.343 -0.06347699 -0.06313591
0.3435 -0.0634973 -0.063151315
0.344 -0.06351733 -0.063166454
0.3445 -0.06353709 -0.06318128
0.345 -0.06355658 -0.063195825
0.3455 -0.0635758 -0.063210085
0.346 -0.06359476 -0.06322406
0.3465 -0.06361347 -0.06323777
0.347 -0.06363191 -0.06325121
0.3475 -0.06365011 -0.0632644
0.348 -0.06366806 -0.063277334
0.3485 -0.06368576 -0.06329
0.349 -0.06370322 -0.06330243
0.3495 -0.06372045 -0.06331463
0.35 -0.06373744 -0.06332657
0.3505 -0.0637542 -0.06333828
0.351 -0.06377073 -0.06334975
0.3515 -0.06378704 -0.063361004
0.352 -0.06380313 -0.063372046
0.3525 -0.06381899 -0.063382864
0.353 -0.06383465 -0.06339346
0.3535 -0.06385009 -0.06340387
0.354 -0.06386532 -0.06341407
0.3545 -0.06388034 -0.06342405
0.355 -0.06389517 -0.06343384
0.3555 -0.06390979 -0.06344345
0.356 -0.06392421 -0.06345285
0.3565 -0.06393844 -0.06346208
0.357 -0.06395248 -0.06347111
0.3575 -0.06396632 -0.06347999
0.358 -0.06397998 -0.06348868
0.3585 -0.06399346 -0.063497186
0.359 -0.06400675 -0.063505515
0.3595 -0.06401986 -0.063513696
0.36 -0.0640328 -0.06352171
0.3605 -0.06404556 -0.06352958
0.361 -0.06405815 -0.06353727
0.3615 -0.06407058 -0.063544825
0.362 -0.06408283 -0.06355223
0.3625 -0.06409492 -0.06355947
0.363 -0.06410684 -0.06356658
0.3635 -0.06411861 -0.063573554
0.364 -0.06413022 -0.063580364
0.3645 -0.06414167 -0.063587055
0.365 -0.06415297 -0.06359361
0.3655 -0.06416411 -0.06360003
0.366 -0.06417511 -0.06360634
0.3665 -0.06418596 -0.063612506
0.367 -0.06419666 -0.063618556
0.3675 -0.06420722 -0.06362447
0.368 -0.06421764 -0.06363028
0.3685 -0.06422792 -0.06363597
0.369 -0.06423806 -0.06364153
0.3695 -0.06424806 -0.063647
0.37 -0.06425793 -0.06365235
0.3705 -0.06426767 -0.0636576
0.371 -0.06427728 -0.06366274
0.3715 -0.06428676 -0.063667774
0.372 -0.06429611 -0.063672714
0.3725 -0.06430534 -0.06367755
0.373 -0.06431445 -0.06368229
0.3735 -0.06432343 -0.06368693
0.374 -0.06433229 -0.06369148
0.3745 -0.06434104 -0.06369594
0.375 -0.06434967 -0.0637003
0.3755 -0.06435818 -0.06370459
0.376 -0.06436658 -0.06370878
0.3765 -0.06437487 -0.06371289
0.377 -0.06438305 -0.06371692
0.3775 -0.06439112 -0.06372085
0.378 -0.06439908 -0.06372473
0.3785 -0.06440693 -0.0637285
0.379 -0.06441468 -0.06373222
0.3795 -0.06442233 -0.06373586
0.38 -0.06442988 -0.063739434
0.3805 -0.06443732 -0.06374292
0.381 -0.06444467 -0.06374633
0.3815 -0.06445192 -0.06374967
0.382 -0.06445907 -0.06375295
0.3825 -0.06446613 -0.06375618
0.383 -0.0644731 -0.06375932
0.3835 -0.06447997 -0.06376241
0.384 -0.06448675 -0.06376542
0.3845 -0.06449344 -0.063768394
0.385 -0.06450004 -0.06377129
0.3855 -0.06450656 -0.06377414
0.386 -0.06451299 -0.063776925
0.3865 -0.06451933 -0.06377967
0.387 -0.06452559 -0.063782334
0.3875 -0.06453176 -0.06378496
0.388 -0.06453786 -0.06378752
0.3885 -0.06454387 -0.06379004
0.389 -0.06454981 -0.0637925
0.3895 -0.06455566 -0.06379491
0.39 -0.06456144 -0.06379728
0.3905 -0.06456715 -0.06379959
0.391 -0.06457277 -0.06380187
0.3915 -0.06457833 -0.06380409
0.392 -0.06458381 -0.063806266
0.3925 -0.06458921 -0.0638084
0.393 -0.06459455 -0.06381048
0.3935 -0.06459981 -0.063812524
0.394 -0.06460501 -0.063814536
0.3945 -0.06461014 -0.06381649
0.395 -0.0646152 -0.063818425
0.3955 -0.06462019 -0.06382031
0.396 -0.06462512 -0.06382215
0.3965 -0.06462998 -0.06382397
0.397 -0.06463478 -0.06382573
0.3975 -0.06463952 -0.063827485
0.398 -0.06464419 -0.06382917
0.3985 -0.0646488 -0.06383084
0.399 -0.06465335 -0.06383248
0.3995 -0.06465784 -0.06383408
0.4 -0.06466227 -0.06383565
0.4005 -0.06466665 -0.063837186
0.401 -0.06467097 -0.063838676
0.4015 -0.06467523 -0.06384015
0.402 -0.06467943 -0.063841596
0.4025 -0.06468358 -0.063843004
0.403 -0.06468767 -0.06384438
0.4035 -0.06469171 -0.06384575
0.404 -0.0646957 -0.06384708
0.4045 -0.06469964 -0.06384838
0.405 -0.06470352 -0.06384966
0.4055 -0.06470735 -0.06385091
0.406 -0.06471114 -0.06385213
0.4065 -0.06471487 -0.06385333
0.407 -0.06471855 -0.0638545
0.4075 -0.06472219 -0.063855655
0.408 -0.06472578 -0.06385678
0.4085 -0.06472932 -0.06385788
0.409 -0.06473281 -0.063858956
0.4095 -0.06473626 -0.063860014
0.41 -0.06473967 -0.06386106
0.4105 -0.06474303 -0.06386207
0.411 -0.06474634 -0.06386307
0.4115 -0.06474962 -0.06386404
0.412 -0.06475285 -0.06386499
0.4125 -0.06475603 -0.06386594
0.413 -0.06475918 -0.06386685
0.4135 -0.06476228 -0.06386775
0.414 -0.06476535 -0.06386863
0.4145 -0.06476837 -0.06386949
0.415 -0.06477136 -0.06387034
0.4155 -0.0647743 -0.06387116
0.416 -0.06477721 -0.063871965
0.4165 -0.06478008 -0.06387277
0.417 -0.06478291 -0.06387354
0.4175 -0.06478571 -0.063874304
0.418 -0.06478847 -0.063875034
0.4185 -0.06479119 -0.063875765
0.419 -0.06479388 -0.063876495
0.4195 -0.06479653 -0.06387719
0.42 -0.06479915 -0.06387788
0.4205 -0.06480173 -0.06387855
0.421 -0.06480428 -0.06387921
0.4215 -0.0648068 -0.06387986
0.422 -0.06480928 -0.06388049
0.4225 -0.06481173 -0.063881114
0.423 -0.06481415 -0.06388171
0.4235 -0.06481654 -0.063882306
0.424 -0.0648189 -0.06388289
0.4245 -0.06482123 -0.06388345
0.425 -0.06482353 -0.063884005
0.4255 -0.06482579 -0.06388456
0.426 -0.06482803 -0.06388511
0.4265 -0.06483024 -0.06388563
0.427 -0.06483242 -0.063886136
0.4275 -0.06483457 -0.06388663
0.428 -0.06483669 -0.063887134
0.4285 -0.06483879 -0.06388761
0.429 -0.06484086 -0.06388807
0.4295 -0.0648429 -0.06388855
0.43 -0.06484492 -0.063889
0.4305 -0.0648469 -0.063889444
0.431 -0.06484887 -0.06388989
0.4315 -0.06485081 -0.063890316
0.432 -0.06485272 -0.063890725
0.4325 -0.06485461 -0.06389113
0.433 -0.06485647 -0.06389153
0.4335 -0.06485831 -0.06389192
0.434 -0.06486013 -0.063892305
0.4345 -0.06486192 -0.06389268
0.435 -0.06486369 -0.06389305
0.4355 -0.06486543 -0.06389341
0.436 -0.06486716 -0.06389378
0.4365 -0.06486886 -0.06389413
0.437 -0.06487054 -0.063894466
0.4375 -0.0648722 -0.06389479
0.438 -0.06487383 -0.063895114
0.4385 -0.06487545 -0.063895434
0.439 -0.06487704 -0.06389573
0.4395 -0.06487862 -0.063896045
0.44 -0.06488017 -0.06389634
0.4405 -0.0648817 -0.063896656
0.441 -0.06488322 -0.06389693
0.4415 -0.06488471 -0.06389722
0.442 -0.06488618 -0.06389749
0.4425 -0.06488764 -0.063897744
0.443 -0.06488908 -0.06389803
0.4435 -0.06489049 -0.06389828
0.444 -0.06489189 -0.06389853
0.4445 -0.06489328 -0.06389877
0.445 -0.06489464 -0.06389901
0.4455 -0.06489599 -0.063899264
0.446 -0.06489732 -0.0638995
0.4465 -0.06489863 -0.063899726
0.447 -0.06489992 -0.06389995
0.4475 -0.0649012 -0.06390018
0.448 -0.06490246 -0.063900396
0.4485 -0.06490371 -0.063900605
0.449 -0.06490494 -0.0639008
0.4495 -0.06490615 -0.06390101
0.45 -0.06490735 -0.063901216
0.4505 -0.06490853 -0.0639014
0.451 -0.0649097 -0.06390159
0.4515 -0.06491085 -0.06390177
0.452 -0.06491199 -0.06390196
0.4525 -0.06491311 -0.06390214
0.453 -0.06491422 -0.0639023
0.4535 -0.06491532 -0.06390248
0.454 -0.0649164 -0.063902654
0.4545 -0.06491746 -0.06390281
0.455 -0.06491852 -0.063902974
0.4555 -0.06491955 -0.06390314
0.456 -0.06492058 -0.06390327
0.4565 -0.06492159 -0.063903436
0.457 -0.06492259 -0.063903585
0.4575 -0.06492358 -0.063903734
0.458 -0.06492455 -0.06390387
0.4585 -0.06492551 -0.063904
0.459 -0.06492646 -0.063904144
0.4595 -0.0649274 -0.06390427
0.46 -0.06492833 -0.06390442
0.4605 -0.06492924 -0.06390454
0.461 -0.06493014 -0.06390467
0.4615 -0.06493103 -0.0639048
0.462 -0.06493191 -0.06390492
0.4625 -0.06493277 -0.06390503
0.463 -0.06493363 -0.06390515
0.4635 -0.06493448 -0.06390527
0.464 -0.06493531 -0.06390537
0.4645 -0.06493613 -0.06390549
0.465 -0.06493695 -0.06390559
0.4655 -0.06493775 -0.063905686
0.466 -0.06493854 -0.063905805
0.4665 -0.06493932 -0.063905895
0.467 -0.06494009 -0.063906
0.4675 -0.06494086 -0.0639061
0.468 -0.06494161 -0.06390619
0.4685 -0.06494235 -0.06390629
0.469 -0.06494308 -0.06390637
0.4695 -0.06494381 -0.06390646
0.47 -0.06494452 -0.06390654
0.4705 -0.06494523 -0.063906625
0.471 -0.06494592 -0.0639067
0.4715 -0.06494661 -0.06390679
0.472 -0.06494729 -0.06390686
0.4725 -0.06494796 -0.063906945
0.473 -0.06494862 -0.06390703
0.4735 -0.06494928 -0.0639071
0.474 -0.06494992 -0.063907176
0.4745 -0.06495056 -0.06390725
0.475 -0.06495118 -0.06390731
0.4755 -0.0649518 -0.063907385
0.476 -0.06495242 -0.063907444
0.4765 -0.06495302 -0.06390751
0.477 -0.06495362 -0.06390758
0.4775 -0.06495421 -0.06390764
0.478 -0.06495479 -0.0639077
0.4785 -0.06495536 -0.063907765
0.479 -0.06495593 -0.063907824
0.4795 -0.06495649 -0.06390789
0.48 -0.06495704 -0.06390795
0.4805 -0.06495759 -0.063907996
0.481 -0.06495812 -0.063908055
0.4815 -0.06495866 -0.0639081
0.482 -0.06495918 -0.06390816
0.4825 -0.0649597 -0.06390821
0.483 -0.06496021 -0.063908264
0.4835 -0.06496071 -0.06390832
0.484 -0.06496121 -0.06390837
0.4845 -0.0649617 -0.06390841
0.485 -0.06496219 -0.06390846
0.4855 -0.06496267 -0.0639085
0.486 -0.06496314 -0.06390855
0.4865 -0.06496361 -0.063908584
0.487 -0.06496407 -0.06390863
0.4875 -0.06496453 -0.06390867
0.488 -0.06496498 -0.06390871
0.4885 -0.06496542 -0.06390874
0.489 -0.06496586 -0.0639088
0.4895 -0.06496629 -0.06390883
0.49 -0.06496672 -0.063908875
0.4905 -0.06496714 -0.063908905
0.491 -0.06496756 -0.06390894
0.4915 -0.06496797 -0.063908964
0.492 -0.06496837 -0.06390901
0.4925 -0.06496878 -0.06390904
0.493 -0.06496917 -0.06390908
0.4935 -0.06496956 -0.06390911
0.494 -0.06496995 -0.06390914
0.4945 -0.06497033 -0.06390917
0.495 -0.0649707 -0.06390921
0.4955 -0.06497107 -0.06390925
0.496 -0.06497144 -0.06390928
0.4965 -0.0649718 -0.06390929
0.497 -0.06497216 -0.06390933
0.4975 -0.06497251 -0.06390936
0.498 -0.06497286 -0.06390939
0.4985 -0.0649732 -0.063909404
0.499 -0.06497354 -0.06390943
0.4995 -0.06497388 -0.063909456
