0.0 -0.065 -0.025659095
0.0005 -0.05364287 -0.023831796
0.001 -0.04159344 -0.023204613
0.0015 -0.03404892 -0.02365132
0.002 -0.02920272 -0.024053175
0.0025 -0.02563345 -0.023878682
0.003 -0.02264344 -0.023013059
0.0035 -0.01992458 -0.021528352
0.004 -0.01734406 -0.019554723
0.0045 -0.01484419 -0.01722351
0.005 -0.0124046 -0.01464634
0.0055 -0.01001886 -0.011911023
0.006 -0.007670595 -0.0090836175
0.0065 -0.005351384 -0.0062125064
0.007 -0.003059248 -0.003332425
0.0075 -0.0007958913 -0.00046784058
0.008 0.00142278 0.002364155
0.0085 0.00360312 0.005151864
0.009 0.005757585 0.007887598
0.0095 0.007880903 0.010566276
0.01 0.00997466 0.01318505
0.0105 0.01204763 0.015742313
0.011 0.01410114 0.018237587
0.0115 0.01613214 0.020671036
0.012 0.01813839 0.023043375
0.0125 0.02011935 0.025355574
0.013 0.02207418 0.027608972
0.0135 0.02400231 0.02980506
0.014 0.02590353 0.031945255
0.0145 0.02777735 0.03403121
0.015 0.02962383 0.036064472
0.0155 0.03144331 0.038046774
0.016 0.03323623 0.039979633
0.0165 0.03500302 0.04186469
0.017 0.03674408 0.043703463
0.0175 0.03845981 0.045497503
0.018 0.04015059 0.04724818
0.0185 0.04181677 0.048957046
0.019 0.04345869 0.05062538
0.0195 0.04507669 0.052254584
0.02 0.04667106 0.05384594
0.0205 0.04824211 0.055400576
0.021 0.04979015 0.05691981
0.0215 0.05131547 0.05840471
0.022 0.05281834 0.05985635
0.0225 0.05429906 0.061275866
0.023 0.05575791 0.06266418
0.0235 0.05719515 0.06402236
0.024 0.05861107 0.06535119
0.0245 0.06000593 0.0666517
0.025 0.06138002 0.06792477
0.0255 0.06273359 0.06917113
0.026 0.06406692 0.070391625
0.0265 0.06538026 0.07158691
0.027 0.06667389 0.07275787
0.0275 0.06794807 0.0739052
0.028 0.06920306 0.0750294
0.0285 0.07043911 0.076131344
0.029 0.07165648 0.07721162
0.0295 0.07285543 0.078270674
0.03 0.07403619 0.079309165
0.0305 0.07519899 0.08032775
0.031 0.0763348 0.08132681
0.0315 0.07743132 0.08230695
0.032 0.07851018 0.08326861
0.0325 0.07958205 0.08421233
0.033 0.0806477 0.08513856
0.0335 0.08170464 0.08604768
0.034 0.08275017 0.08694023
0.0345 0.08378228 0.08781651
0.035 0.08479974 0.08867708
0.0355 0.08580192 0.08952212
0.036 0.08678868 0.09035209
0.0365 0.08776004 0.09116745
0.037 0.0887161 0.09196839
0.0375 0.089657 0.09275538
0.038 0.09058297 0.09352872
0.0385 0.09149426 0.09428862
0.039 0.09239113 0.09503555
0.0395 0.09327385 0.095769614
0.04 0.09414268 0.09649122
0.0405 0.09499787 0.09720069
0.041 0.09583968 0.097898155
0.0415 0.09666833 0.098584
0.042 0.09748406 0.09925839
0.0425 0.09828707 0.099921644
0.043 0.09907759 0.10057396
0.0435 0.09985582 0.10121569
0.044 0.100622 0.101846784
0.0445 0.1013762 0.102467716
0.045 0.1021187 0.103078604
0.0455 0.1028497 0.10367963
0.046 0.1035693 0.104270965
0.0465 0.1042778 0.104852915
0.047 0.1049753 0.105425596
0.0475 0.1056619 0.10598919
0.048 0.1063379 0.1065439
0.0485 0.1070035 0.10708991
0.049 0.1076586 0.10762742
0.0495 0.1083034 0.1081565
0.05 0.108937 0.10867733
0.0505 0.1095602 0.109190136
0.051 0.1101737 0.10969502
0.0515 0.1107781 0.11019215
0.052 0.1113735 0.11068168
0.0525 0.1119597 0.111163676
0.053 0.1125369 0.11163831
0.0535 0.1131053 0.112105876
0.054 0.113665 0.11256623
0.0545 0.1142161 0.113019705
0.055 0.1147589 0.11346644
0.0555 0.1152935 0.11390641
0.056 0.1158168 0.11433977
0.0565 0.1162869 0.11476672
0.057 0.1167249 0.11518732
0.0575 0.1171656 0.11560169
0.058 0.1176188 0.11600992
0.0585 0.1180739 0.1164121
0.059 0.1185171 0.116808355
0.0595 0.1189607 0.117198825
0.06 0.1194094 0.11758357
0.0605 0.1198615 0.11796272
0.061 0.1203139 0.11833641
0.0615 0.1207635 0.11870456
0.062 0.1212083 0.1190674
0.0625 0.121647 0.11942494
0.063 0.1220789 0.11977741
0.0635 0.1225038 0.12012473
0.064 0.1229215 0.1204671
0.0645 0.1233322 0.12080449
0.065 0.1237359 0.12113705
0.0655 0.1241329 0.12146497
0.066 0.1245234 0.121788085
0.0665 0.1249076 0.12210667
0.067 0.1252855 0.1224207
0.0675 0.1256575 0.122730255
0.068 0.1260235 0.12303546
0.0685 0.1263839 0.123336285
0.069 0.1267386 0.12363282
0.0695 0.1270878 0.12392518
0.07 0.1274316 0.12421355
0.0705 0.1277701 0.12449777
0.071 0.1281035 0.12477797
0.0715 0.1284317 0.12505427
0.072 0.1287547 0.1253267
0.0725 0.1290726 0.12559527
0.073 0.1293857 0.12586015
0.0735 0.129694 0.12612125
0.074 0.1299977 0.1263788
0.0745 0.1302968 0.12663275
0.075 0.1305913 0.12688315
0.0755 0.1308814 0.12713003
0.076 0.1311669 0.12737346
0.0765 0.1314318 0.1276136
0.077 0.1316406 0.12785026
0.0775 0.1318243 0.12808377
0.078 0.1320207 0.12831399
0.0785 0.1322393 0.12854102
0.079 0.1324764 0.12876496
0.0795 0.1327251 0.12898579
0.08 0.1329794 0.12920353
0.0805 0.133235 0.12941825
0.081 0.1334892 0.12963006
0.0815 0.1337404 0.12983891
0.082 0.1339876 0.13004494
0.0825 0.1342306 0.1302481
0.083 0.1344693 0.13044852
0.0835 0.1347038 0.13064611
0.084 0.1349341 0.13084099
0.0845 0.1351605 0.13103318
0.085 0.135383 0.13122272
0.0855 0.1356018 0.13140967
0.086 0.135817 0.13159409
0.0865 0.1360288 0.13177595
0.087 0.1362372 0.13195527
0.0875 0.1364423 0.1321322
0.088 0.1366443 0.13230664
0.0885 0.1368432 0.13247874
0.089 0.137039 0.13264847
0.0895 0.1372318 0.1328159
0.09 0.1374212 0.13298097
0.0905 0.1376074 0.13314387
0.091 0.1377909 0.13330445
0.0915 0.1379716 0.13346282
0.092 0.1381499 0.13361904
0.0925 0.1383256 0.13377312
0.093 0.1384945 0.13392505
0.0935 0.1386588 0.13407487
0.094 0.1388214 0.13422269
0.0945 0.1389827 0.13436845
0.095 0.139142 0.13451234
0.0955 0.1392987 0.1346541
0.096 0.1394529 0.1347939
0.0965 0.1396053 0.13493177
0.097 0.139756 0.13506788
0.0975 0.1399053 0.13520202
0.098 0.1400532 0.13533431
0.0985 0.1401995 0.13546479
0.099 0.1403442 0.13559338
0.0995 0.1404872 0.13572022
0.1 0.1406284 0.13233677
0.1005 0.1309794 0.12547782
0.101 0.1222313 0.120550945
0.1015 0.1175617 0.11747266
0.102 0.1149879 0.11553475
0.1025 0.1133285 0.114214465
0.103 0.1120713 0.11320229
0.1035 0.1109846 0.112326875
0.104 0.1099825 0.11149663
0.1045 0.1090547 0.1106644
0.105 0.1081866 0.10980739
0.1055 0.1073741 0.10891673
0.106 0.1066173 0.10799068
0.1065 0.1059101 0.10703196
0.107 0.1052457 0.1060451
0.1075 0.1046189 0.10503575
0.108 0.1040257 0.1040097
0.1085 0.1034636 0.10297285
0.109 0.1029306 0.10193083
0.1095 0.1024244 0.10088889
0.11 0.1019435 0.09750906
0.1105 0.09993593 0.09575464
0.111 0.09637215 0.09459251
0.1115 0.09324109 0.09352712
0.112 0.09073235 0.092371225
0.1125 0.0886185 0.09108187
0.113 0.0867138 0.08967169
0.1135 0.08491583 0.08816798
0.114 0.08317486 0.0865967
0.1145 0.08146793 0.0849774
0.115 0.07978468 0.083324134
0.1155 0.07812038 0.081646055
0.116 0.07647014 0.07994971
0.1165 0.07483144 0.07823981
0.117 0.07320899 0.07652046
0.1175 0.07160504 0.07479511
0.118 0.07001974 0.07306717
0.1185 0.06845255 0.07134007
0.119 0.06690055 0.069616884
0.1195 0.06536173 0.06790078
0.12 0.06384018 0.06619455
0.1205 0.06233784 0.06450087
0.121 0.0608548 0.06282212
0.1215 0.05939057 0.061160292
0.122 0.05794465 0.0595172
0.1225 0.05651669 0.0578943
0.123 0.0551065 0.056292813
0.1235 0.05371402 0.054713722
0.124 0.05233922 0.053157743
0.1245 0.05098213 0.051625323
0.125 0.04964276 0.050116908
0.1255 0.04832116 0.048632767
0.126 0.04701732 0.047172796
0.1265 0.04573128 0.045737233
0.127 0.044463 0.04432578
0.1275 0.04321248 0.04293826
0.128 0.04197968 0.04157458
0.1285 0.04076455 0.040234502
0.129 0.03956704 0.038917538
0.1295 0.03838709 0.03762358
0.13 0.03722462 0.036352243
0.1305 0.03607954 0.0351032
0.131 0.03495177 0.033876102
0.1315 0.0338412 0.032670733
0.132 0.03274774 0.031486567
0.1325 0.03167126 0.030323457
0.133 0.03061167 0.029180985
0.1335 0.02956882 0.028058883
0.134 0.02854261 0.026956942
0.1345 0.02753289 0.025874685
0.135 0.02653954 0.024812002
0.1355 0.02556241 0.02376857
0.136 0.02460137 0.022744108
0.1365 0.02365627 0.021738406
0.137 0.02272696 0.02075116
0.1375 0.02181329 0.019782152
0.138 0.02091512 0.018831175
0.1385 0.02003228 0.01789796
0.139 0.01916462 0.016982358
0.1395 0.01831199 0.016084101
0.14 0.01747423 0.015202951
0.1405 0.01665117 0.014338668
0.141 0.01584265 0.013491239
0.1415 0.01504851 0.012660276
0.142 0.01426859 0.01184557
0.1425 0.01350273 0.011047091
0.143 0.01275075 0.01026449
0.1435 0.0120125 0.009497624
0.144 0.01128781 0.008746292
0.1445 0.01057652 0.008010317
0.145 0.009878461 0.00728954
0.1455 0.009193467 0.006583687
0.146 0.008521376 0.005892668
0.1465 0.007862023 0.0052162074
0.147 0.007215246 0.0045540966
0.1475 0.00658088 0.003906328
0.148 0.005958764 0.0032724924
0.1485 0.005348735 0.0026525892
0.149 0.004750634 0.0020463057
0.1495 0.004164299 0.0014534779
0.15 0.003589571 0.013864625
0.1505 0.003009648 0.012434702
0.151 0.002419454 0.00725637
0.1515 0.001837415 0.0020497777
0.152 0.001265341 -0.0020264871
0.1525 0.000702323 -0.0048244298
0.153 0.0001474077 -0.006549772
0.1535 -0.0004000383 -0.0074881203
0.154 -0.000940396 -0.007900745
0.1545 -0.001473898 -0.007993221
0.155 -0.002000698 -0.007914264
0.1555 -0.002520912 -0.0077650063
0.156 -0.003034635 -0.007610142
0.1565 -0.00354195 -0.007488508
0.157 -0.004042936 -0.0074210875
0.1575 -0.004537669 -0.0074171014
0.158 -0.005026219 -0.0074782018
0.1585 -0.005508656 -0.0076018125
0.159 -0.005985107 -0.0077827834
0.1595 -0.006456567 -0.008014698
0.16 -0.006922515 -0.008290853
0.1605 -0.007382247 -0.008604594
0.161 -0.007835717 -0.00894957
0.1615 -0.008283087 -0.009320039
0.162 -0.008724545 -0.009710755
0.1625 -0.009160244 -0.010117002
0.163 -0.009590307 -0.010534741
0.1635 -0.01001483 -0.010960244
0.164 -0.01043387 -0.011390466
0.1645 -0.01084752 -0.011822727
0.165 -0.0112558 -0.01225457
0.1655 -0.01165878 -0.012684178
0.166 -0.0120565 -0.0131097175
0.1665 -0.012449 -0.013529893
0.167 -0.01283632 -0.013943493
0.1675 -0.01321852 -0.014349554
0.168 -0.01359562 -0.014747363
0.1685 -0.01396766 -0.0151363015
0.169 -0.0143347 -0.0155158155
0.1695 -0.01469676 -0.015885722
0.17 -0.01505389 -0.016245704
0.1705 -0.01540612 -0.016595658
0.171 -0.0157535 -0.016935568
0.1715 -0.01609606 -0.017265353
0.172 -0.01643383 -0.017585121
0.1725 -0.01676686 -0.017895076
0.173 -0.01709518 -0.018195245
0.1735 -0.01741883 -0.018485937
0.174 -0.01773785 -0.018767286
0.1745 -0.01805226 -0.019039545
0.175 -0.0183621 -0.019303005
0.1755 -0.01866742 -0.01955783
0.176 -0.01896824 -0.019804422
0.1765 -0.01926459 -0.02004296
0.177 -0.01955652 -0.020273741
0.1775 -0.01984405 -0.020497035
0.178 -0.02012722 -0.02071311
0.1785 -0.02040606 -0.020922277
0.179 -0.02068061 -0.02112468
0.1795 -0.02095089 -0.021320675
0.18 -0.02121694 -0.02151047
0.1805 -0.02148029 -0.021694269
0.181 -0.0217459 -0.021872286
0.1815 -0.02200857 -0.022044767
0.182 -0.0222648 -0.022211883
0.1825 -0.02251402 -0.022373874
0.183 -0.02275687 -0.022530872
0.1835 -0.02299417 -0.022683036
0.184 -0.02322663 -0.022830572
0.1845 -0.02345474 -0.022973593
0.185 -0.02367882 -0.023112256
0.1855 -0.02389907 -0.023246672
0.186 -0.02411558 -0.023377012
0.1865 -0.02432843 -0.023503289
0.187 -0.02453764 -0.023625702
0.1875 -0.02474323 -0.023744356
0.188 -0.02494521 -0.023859244
0.1885 -0.02514359 -0.023970526
0.189 -0.02533839 -0.024078242
0.1895 -0.02552962 -0.024182443
0.19 -0.02571728 -0.024283249
0.1905 -0.02590141 -0.024380669
0.191 -0.02608202 -0.024474766
0.1915 -0.02625913 -0.02456564
0.192 -0.02643277 -0.024653219
0.1925 -0.02660295 -0.024737693
0.193 -0.02676971 -0.02481896
0.1935 -0.02693307 -0.02489714
0.194 -0.02709306 -0.024972197
0.1945 -0.0272497 -0.025044207
0.195 -0.02740302 -0.025113199
0.1955 -0.02755304 -0.02517913
0.196 -0.0276998 -0.025242072
0.1965 -0.02784333 -0.025302041
0.197 -0.02798364 -0.025359064
0.1975 -0.02812077 -0.02541313
0.198 -0.02825475 -0.02546424
0.1985 -0.02838559 -0.025512446
0.199 -0.02851334 -0.025557742
0.1995 -0.02863802 -0.025600117
0.2 -0.02875965 -0.029643577
0.2005 -0.02888052 -0.03154924
0.201 -0.02902263 -0.031254772
0.2015 -0.0291782 -0.030119393
0.202 -0.02933433 -0.02900185
0.2025 -0.02948676 -0.02822325
0.203 -0.02963527 -0.027815301
0.2035 -0.02978065 -0.027698372
0.204 -0.02992364 -0.027771238
0.2045 -0.03006474 -0.027946401
0.205 -0.0302042 -0.02815992
0.2055 -0.03034217 -0.028369818
0.206 -0.0304787 -0.028551657
0.2065 -0.03061382 -0.028693471
0.207 -0.03074754 -0.028791893
0.2075 -0.03087986 -0.028848697
0.208 -0.03101077 -0.028868768
0.2085 -0.03114028 -0.02885862
0.209 -0.03126837 -0.028825048
0.2095 -0.03139504 -0.028775055
0.21 -0.03152029 -0.02871478
0.2105 -0.03164413 -0.028649975
0.211 -0.03176654 -0.028585497
0.2115 -0.03188752 -0.028525311
0.212 -0.03200709 -0.028472725
0.2125 -0.03212523 -0.028430257
0.213 -0.03224195 -0.028399918
0.2135 -0.03235725 -0.02838293
0.214 -0.03247113 -0.028380174
0.2145 -0.0325836 -0.028392036
0.215 -0.03269466 -0.028418604
0.2155 -0.03280431 -0.028459612
0.216 -0.03291256 -0.028514672
0.2165 -0.03301942 -0.028583173
0.217 -0.03312488 -0.028664205
0.2175 -0.03322896 -0.02875692
0.218 -0.03333165 -0.028860334
0.2185 -0.03343298 -0.028973449
0.219 -0.03353293 -0.02909531
0.2195 -0.03363153 -0.029224847
0.22 -0.03372877 -0.029360984
0.2205 -0.03382467 -0.029502887
0.221 -0.03391924 -0.029649425
0.2215 -0.03401247 -0.029799838
0.222 -0.03410439 -0.02995314
0.2225 -0.034195 -0.030108605
0.223 -0.0342843 -0.03026541
0.2235 -0.03437232 -0.030423004
0.224 -0.03445905 -0.030580569
0.2245 -0.03454451 -0.030737583
0.225 -0.0346287 -0.030893613
0.2255 -0.03471165 -0.031048093
0.226 -0.03479335 -0.031200487
0.2265 -0.03487382 -0.031350587
0.227 -0.03495307 -0.031498093
0.2275 -0.03503111 -0.031642545
0.228 -0.03510795 -0.031783868
0.2285 -0.0351836 -0.03192169
0.229 -0.03525807 -0.032055918
0.2295 -0.03533138 -0.032186363
0.23 -0.03540353 -0.032312993
0.2305 -0.03547454 -0.032435734
0.231 -0.03554442 -0.032554436
0.2315 -0.03561318 -0.03266916
0.232 -0.03568083 -0.03277977
0.2325 -0.03574738 -0.03288633
0.233 -0.03581284 -0.03298882
0.2335 -0.03587724 -0.033087317
0.234 -0.03594057 -0.033181865
0.2345 -0.03600285 -0.033272494
0.235 -0.03606409 -0.033359308
0.2355 -0.0361243 -0.033442367
0.236 -0.03618351 -0.0335217
0.2365 -0.03624171 -0.0335974
0.237 -0.03629891 -0.03366961
0.2375 -0.03635514 -0.033738453
0.238 -0.03641041 -0.03380399
0.2385 -0.03646471 -0.033866305
0.239 -0.03651808 -0.033925388
0.2395 -0.03657051 -0.03398161
0.24 -0.03662203 -0.034034926
0.2405 -0.03667263 -0.034085397
0.241 -0.03672234 -0.034133185
0.2415 -0.03677117 -0.03417838
0.242 -0.03681912 -0.034221057
0.2425 -0.03686621 -0.034261335
0.243 -0.03691245 -0.034299362
0.2435 -0.03695786 -0.034335185
0.244 -0.03700244 -0.034368966
0.2445 -0.0370462 -0.03440072
0.245 -0.03708916 -0.034430478
0.2455 -0.03713132 -0.034458507
0.246 -0.0371727 -0.034484763
0.2465 -0.03721332 -0.03450935
0.247 -0.03725317 -0.034532342
0.2475 -0.03729228 -0.034553785
0.248 -0.03733065 -0.034573916
0.2485 -0.03736829 -0.034592632
0.249 -0.03740521 -0.03461011
0.2495 -0.03744143 -0.034626294
0.25 -0.03747696 -0.026930425
0.2505 -0.03752844 -0.03087594
0.251 -0.03760082 -0.036353152
0.2515 -0.03767551 -0.040463883
0.252 -0.03775056 -0.042798717
0.2525 -0.03782674 -0.043705437
0.253 -0.03790486 -0.043657754
0.2535 -0.0379854 -0.04305316
0.254 -0.03806862 -0.04217306
0.2545 -0.0381546 -0.041197803
0.255 -0.03824336 -0.04023399
0.2555 -0.03833487 -0.039339226
0.256 -0.0384291 -0.038540486
0.2565 -0.038526 -0.037846792
0.257 -0.03862552 -0.037257213
0.2575 -0.03872758 -0.036765803
0.258 -0.03883215 -0.036364254
0.2585 -0.03893915 -0.036043663
0.259 -0.03904853 -0.035795312
0.2595 -0.03916022 -0.035610985
0.26 -0.03927417 -0.035483282
0.2605 -0.03939031 -0.03540543
0.261 -0.03950859 -0.035371494
0.2615 -0.03962893 -0.035376128
0.262 -0.03975127 -0.035414595
0.2625 -0.03987556 -0.035482813
0.263 -0.04000173 -0.035577055
0.2635 -0.04012972 -0.03569408
0.264 -0.04025946 -0.03583109
0.2645 -0.0403909 -0.035985578
0.265 -0.04052397 -0.0361554
0.2655 -0.04065861 -0.03633861
0.266 -0.04079476 -0.036533576
0.2665 -0.04093236 -0.036738824
0.267 -0.04107135 -0.036953118
0.2675 -0.04121167 -0.037175354
0.268 -0.04135326 -0.037404556
0.2685 -0.04149606 -0.037639905
0.269 -0.04164002 -0.037880626
0.2695 -0.04178508 -0.03812616
0.27 -0.04193118 -0.03837588
0.2705 -0.04207826 -0.03862929
0.271 -0.04222628 -0.03888597
0.2715 -0.04237518 -0.039145496
0.272 -0.0425249 -0.039407503
0.2725 -0.04267539 -0.039671678
0.273 -0.04282661 -0.03993771
0.2735 -0.04297849 -0.0402053
0.274 -0.043131 -0.040474232
0.2745 -0.04328408 -0.04074421
0.275 -0.04343768 -0.04101501
0.2755 -0.04359176 -0.041286454
0.276 -0.04374627 -0.041558277
0.2765 -0.04390116 -0.0418303
0.277 -0.0440564 -0.042102322
0.2775 -0.04421193 -0.042374168
0.278 -0.04436772 -0.04264566
0.2785 -0.04452372 -0.04291663
0.279 -0.0446799 -0.0431869
0.2795 -0.0448362 -0.043456342
0.28 -0.04499261 -0.043724768
0.2805 -0.04514906 -0.04399205
0.281 -0.04530554 -0.044258058
0.2815 -0.045462 -0.044522658
0.282 -0.0456184 -0.044785745
0.2825 -0.04577472 -0.04504719
0.283 -0.04593092 -0.045306884
0.2835 -0.04608696 -0.045564737
0.284 -0.04624282 -0.045820642
0.2845 -0.04639846 -0.04607452
0.285 -0.04655385 -0.04632629
0.2855 -0.04670897 -0.046575878
0.286 -0.04686379 -0.046823237
0.2865 -0.04701827 -0.04706828
0.287 -0.0471724 -0.04731098
0.2875 -0.04732614 -0.04755125
0.288 -0.04747947 -0.0477891
0.2885 -0.04763236 -0.04802444
0.289 -0.0477848 -0.04825728
0.2895 -0.04793676 -0.04848755
0.29 -0.04808821 -0.048715297
0.2905 -0.04823914 -0.04894045
0.291 -0.04838952 -0.049163006
0.2915 -0.04853934 -0.049382944
0.292 -0.04868857 -0.049600285
0.2925 -0.0488372 -0.049815
0.293 -0.0489852 -0.05002712
0.2935 -0.04913257 -0.050236635
0.294 -0.04927928 -0.050443523
0.2945 -0.04942532 -0.05064783
0.295 -0.04957067 -0.05084956
0.2955 -0.04971531 -0.051048722
0.296 -0.04985925 -0.051245328
0.2965 -0.05000245 -0.0514394
0.297 -0.0501449 -0.05163094
0.2975 -0.05028661 -0.05181997
0.298 -0.05042754 -0.052006546
0.2985 -0.05056769 -0.052190643
0.299 -0.05070706 -0.052372303
0.2995 -0.05084562 -0.052551545
0.3 -0.05098337 -0.049842503
0.3005 -0.05110366 -0.04856651
0.301 -0.05120155 -0.047199953
0.3015 -0.05129563 -0.046159018
0.302 -0.05138741 -0.045613166
0.3025 -0.0514644 -0.045477446
0.303 -0.05152979 -0.045596857
0.3035 -0.05159346 -0.045839842
0.304 -0.05165842 -0.046121303
0.3045 -0.05172431 -0.046396185
0.305 -0.05178984 -0.0466466
0.3055 -0.05185375 -0.04686978
0.306 -0.05191507 -0.047069985
0.3065 -0.05197315 -0.047253583
0.307 -0.0520276 -0.04742657
0.3075 -0.0520782 -0.047593396
0.308 -0.05212486 -0.047756735
0.3085 -0.05216757 -0.047917772
0.309 -0.05220635 -0.048076395
0.3095 -0.05224127 -0.048231687
0.31 -0.05227239 -0.048382256
0.3105 -0.05229979 -0.048526336
0.311 -0.05232357 -0.04866225
0.3115 -0.05234213 -0.048788507
0.312 -0.05235048 -0.048903663
0.3125 -0.0523541 -0.04900654
0.313 -0.05235665 -0.049096342
0.3135 -0.05235888 -0.049172524
0.314 -0.05236039 -0.0492347
0.3145 -0.05236051 -0.049282733
0.315 -0.05235864 -0.04931664
0.3155 -0.05235438 -0.04933686
0.316 -0.0523475 -0.049343523
0.3165 -0.05233786 -0.049337234
0.317 -0.05232545 -0.04931855
0.3175 -0.05231028 -0.04928804
0.318 -0.0522924 -0.049246456
0.3185 -0.05227188 -0.04919451
0.319 -0.05224881 -0.049132865
0.3195 -0.05222326 -0.04906218
0.32 -0.05219533 -0.048983198
0.3205 -0.05216508 -0.04889665
0.321 -0.0521326 -0.048803184
0.3215 -0.05209796 -0.048703473
0.322 -0.05206124 -0.04859801
0.3225 -0.0520225 -0.048487436
0.323 -0.05198182 -0.048372332
0.3235 -0.05193925 -0.048253153
0.324 -0.05189486 -0.04813041
0.3245 -0.05184872 -0.048004586
0.325 -0.05180087 -0.047876123
0.3255 -0.05175139 -0.047745343
0.326 -0.05170032 -0.047612693
0.3265 -0.05164773 -0.04747839
0.327 -0.05159367 -0.047342826
0.3275 -0.05153818 -0.047206346
0.328 -0.05148133 -0.04706904
0.3285 -0.05142317 -0.046931278
0.329 -0.05136374 -0.046793174
0.3295 -0.0513031 -0.046655048
0.33 -0.0512413 -0.04651702
0.3305 -0.05117806 -0.046379205
0.331 -0.0511055 -0.04624184
0.3315 -0.05102577 -0.04610494
0.332 -0.05094592 -0.045968723
0.3325 -0.05086863 -0.045833323
0.333 -0.05079405 -0.045698706
0.3335 -0.05072077 -0.04556502
0.334 -0.05064758 -0.045432407
0.3345 -0.05057487 -0.045300808
0.335 -0.05050289 -0.04517037
0.3355 -0.05043127 -0.045041148
0.336 -0.05035959 -0.044913117
0.3365 -0.05028757 -0.044786338
0.337 -0.05021508 -0.0446609
0.3375 -0.05014204 -0.04453667
0.338 -0.05006845 -0.04441392
0.3385 -0.04999432 -0.044292476
0.339 -0.04991967 -0.044172477
0.3395 -0.04984455 -0.044053752
0.34 -0.049769 -0.043936517
0.3405 -0.04969304 -0.043820616
0.341 -0.04961672 -0.043706167
0.3415 -0.04954008 -0.043593045
0.342 -0.04946315 -0.04348139
0.3425 -0.04938595 -0.043371122
0.343 -0.04930853 -0.043262187
0.3435 -0.0492309 -0.043154698
0.344 -0.04915311 -0.04304852
0.3445 -0.04907517 -0.042943705
0.345 -0.04899711 -0.042840283
0.3455 -0.04891896 -0.04273816
0.346 -0.04884073 -0.04263739
0.3465 -0.04876245 -0.04253794
0.347 -0.04868415 -0.042439785
0.3475 -0.04860584 -0.042342927
0.348 -0.04852755 -0.042247307
0.3485 -0.04844929 -0.042152997
0.349 -0.04837108 -0.042059865
0.3495 -0.04829295 -0.04196806
0.35 -0.0482149 -0.03374229
0.3505 -0.04815312 -0.03773984
0.351 -0.04811214 -0.04325587
0.3515 -0.04807407 -0.04734138
0.352 -0.04803753 -0.04963005
0.3525 -0.0480034 -0.05050225
0.353 -0.04797242 -0.05044182
0.3535 -0.04794495 -0.049842026
0.354 -0.04792112 -0.04897479
0.3545 -0.04790124 -0.04801095
0.355 -0.04788509 -0.047050174
0.3555 -0.04787241 -0.046145905
0.356 -0.04786314 -0.045323644
0.3565 -0.04785728 -0.04459269
0.357 -0.04785481 -0.043953568
0.3575 -0.04785571 -0.04340233
0.358 -0.04785994 -0.042932898
0.3585 -0.04786745 -0.04253855
0.359 -0.04787817 -0.042212445
0.3595 -0.04789206 -0.04194814
0.36 -0.04790905 -0.04173952
0.3605 -0.04792908 -0.04158103
0.361 -0.04795207 -0.041467562
0.3615 -0.04797798 -0.041394476
0.362 -0.04800673 -0.04135752
0.3625 -0.04803826 -0.041352917
0.363 -0.0480725 -0.041377205
0.3635 -0.0481094 -0.041427255
0.364 -0.04814889 -0.041500293
0.3645 -0.0481909 -0.04159378
0.365 -0.04823537 -0.04170552
0.3655 -0.04828224 -0.041833453
0.366 -0.04833144 -0.041975815
0.3665 -0.04838292 -0.04213097
0.367 -0.0484366 -0.042297468
0.3675 -0.04849242 -0.042474058
0.368 -0.04855033 -0.04265957
0.3685 -0.04861026 -0.042852942
0.369 -0.04867215 -0.043053273
0.3695 -0.04873595 -0.043259744
0.37 -0.04880158 -0.043471564
0.3705 -0.04886899 -0.043688055
0.371 -0.04893813 -0.043908577
0.3715 -0.04900893 -0.044132598
0.372 -0.04908134 -0.044359583
0.3725 -0.0491553 -0.044589024
0.373 -0.04923076 -0.044820536
0.3735 -0.04930765 -0.04505365
0.374 -0.04938593 -0.045288067
0.3745 -0.04946555 -0.045523375
0.375 -0.04954644 -0.045759294
0.3755 -0.04962856 -0.045995507
0.376 -0.04971186 -0.04623176
0.3765 -0.04979629 -0.04646777
0.377 -0.04988179 -0.04670335
0.3775 -0.04996833 -0.04693825
0.378 -0.05005584 -0.047172256
0.3785 -0.05014429 -0.047405228
0.379 -0.05023363 -0.04763698
0.3795 -0.05032381 -0.04786735
0.38 -0.0504148 -0.048096202
0.3805 -0.05050654 -0.04832341
0.381 -0.05059899 -0.048548862
0.3815 -0.05069212 -0.048772443
0.382 -0.05078588 -0.048994083
0.3825 -0.05088024 -0.04921368
0.383 -0.05097514 -0.049431153
0.3835 -0.05107057 -0.049646456
0.384 -0.05116647 -0.049859527
0.3845 -0.05126281 -0.050070297
0.385 -0.05135956 -0.05027878
0.3855 -0.05145669 -0.050484896
0.386 -0.05155415 -0.05068863
0.3865 -0.05165191 -0.050889958
0.387 -0.05174995 -0.05108886
0.3875 -0.05184823 -0.051285315
0.388 -0.05194672 -0.05147935
0.3885 -0.05204539 -0.051670942
0.389 -0.05214421 -0.05186011
0.3895 -0.05224315 -0.05204683
0.39 -0.05234219 -0.052231107
0.3905 -0.0524413 -0.05241299
0.391 -0.05254045 -0.05259245
0.3915 -0.05263961 -0.052769523
0.392 -0.05273877 -0.05294423
0.3925 -0.0528379 -0.053116575
0.393 -0.05293697 -0.05328658
0.3935 -0.05303596 -0.05345426
0.394 -0.05313485 -0.053619687
0.3945 -0.05323362 -0.0537828
0.395 -0.05333224 -0.053943675
0.3955 -0.05343071 -0.054102328
0.396 -0.05352899 -0.054258775
0.3965 -0.05362707 -0.05441307
0.397 -0.05372493 -0.054565176
0.3975 -0.05382256 -0.054715205
0.398 -0.05391992 -0.05486311
0.3985 -0.05401702 -0.055008937
0.399 -0.05411384 -0.055152707
0.3995 -0.05421034 -0.055294454
0.4 -0.05430654 -0.05543422
0.4005 -0.0544024 -0.055572
0.401 -0.05449791 -0.055707827
0.4015 -0.05459307 -0.05584174
0.402 -0.05468785 -0.055973742
0.4025 -0.05478225 -0.05610387
0.403 -0.05487625 -0.05623214
0.4035 -0.05496984 -0.056358565
0.404 -0.05506302 -0.05648321
0.4045 -0.05515576 -0.05660605
0.405 -0.05524807 -0.056727152
0.4055 -0.05533992 -0.056846485
0.406 -0.05543132 -0.056964096
0.4065 -0.05552225 -0.05708001
0.407 -0.0556127 -0.05719425
0.4075 -0.05570267 -0.05730683
0.408 -0.05579214 -0.05741777
0.4085 -0.05588112 -0.057527084
0.409 -0.05596959 -0.057634827
0.4095 -0.05605754 -0.057740957
0.41 -0.05614497 -0.057845544
0.4105 -0.05623188 -0.05794859
0.411 -0.05631826 -0.05805011
0.4115 -0.0564041 -0.05815014
0.412 -0.05648939 -0.058248673
0.4125 -0.05657414 -0.05834574
0.413 -0.05665834 -0.05844136
0.4135 -0.05674198 -0.058535546
0.414 -0.05682506 -0.058628317
0.4145 -0.05690758 -0.0587197
0.415 -0.05698953 -0.058809694
0.4155 -0.05707091 -0.05889832
0.416 -0.05715171 -0.058985595
0.4165 -0.05723194 -0.059071545
0.417 -0.0573116 -0.05915617
0.4175 -0.05739067 -0.059239496
0.418 -0.05746916 -0.05932155
0.4185 -0.05754706 -0.059402335
0.419 -0.05762438 -0.059481863
0.4195 -0.05770112 -0.059560154
0.42 -0.05777726 -0.059637222
0.4205 -0.05785281 -0.05971309
0.421 -0.05792778 -0.059787758
0.4215 -0.05800215 -0.059861246
0.422 -0.05807594 -0.05993357
0.4225 -0.05814913 -0.060004763
0.423 -0.05822173 -0.060074806
0.4235 -0.05829374 -0.06014374
0.424 -0.05836515 -0.060211558
0.4245 -0.05843598 -0.060278296
0.425 -0.05850622 -0.060343962
0.4255 -0.05857586 -0.06040856
0.426 -0.05864492 -0.060472112
0.4265 -0.05871339 -0.060534626
0.427 -0.05878128 -0.060596112
0.4275 -0.05884857 -0.060656603
0.428 -0.05891529 -0.06071608
0.4285 -0.05898142 -0.060774606
0.429 -0.05904696 -0.060832128
0.4295 -0.05911193 -0.06088872
0.43 -0.05917632 -0.06094436
0.4305 -0.05924014 -0.060999084
0.431 -0.05930338 -0.061052877
0.4315 -0.05936605 -0.061105773
0.432 -0.05942814 -0.06115775
0.4325 -0.05948967 -0.061208893
0.433 -0.05955063 -0.06125914
0.4335 -0.05961103 -0.061308544
0.434 -0.05967087 -0.0613571
0.4345 -0.05973015 -0.06140482
0.435 -0.05978888 -0.061451733
0.4355 -0.05984705 -0.061497834
0.436 -0.05990467 -0.06154314
0.4365 -0.05996174 -0.061587647
0.437 -0.06001826 -0.061631396
0.4375 -0.06007425 -0.06167439
0.438 -0.06012969 -0.06171663
0.4385 -0.0601846 -0.06175812
0.439 -0.06023898 -0.06179889
0.4395 -0.06029282 -0.061838944
0.44 -0.06034614 -0.06187829
0.4405 -0.06039893 -0.06191695
0.441 -0.0604512 -0.06195492
0.4415 -0.06050295 -0.06199221
0.442 -0.06055419 -0.062028844
0.4425 -0.06060492 -0.062064815
0.443 -0.06065514 -0.06210015
0.4435 -0.06070486 -0.062134854
0.444 -0.06075407 -0.062168926
0.4445 -0.06080279 -0.062202383
0.445 -0.06085101 -0.06223524
0.4455 -0.06089874 -0.0622675
0.446 -0.06094598 -0.062299185
0.4465 -0.06099274 -0.062330287
0.447 -0.06103902 -0.062360823
0.4475 -0.06108482 -0.0623908
0.448 -0.06113014 -0.062420223
0.4485 -0.061175 -0.062449116
0.449 -0.06121939 -0.062477473
0.4495 -0.06126332 -0.062505305
0.45 -0.06130679 -0.06253263
0.4505 -0.0613498 -0.06255944
0.451 -0.06139236 -0.062585786
0.4515 -0.06143447 -0.0626116
0.452 -0.06147613 -0.06263697
0.4525 -0.06151735 -0.06266186
0.453 -0.06155814 -0.06268628
0.4535 -0.06159849 -0.06271024
0.454 -0.06163841 -0.06273374
0.4545 -0.0616779 -0.06275682
0.455 -0.06171697 -0.06277946
0.4555 -0.06175562 -0.062801674
0.456 -0.06179385 -0.062823474
0.4565 -0.06183167 -0.06284486
0.457 -0.06186908 -0.06286584
0.4575 -0.06190608 -0.06288643
0.458 -0.06194268 -0.06290661
0.4585 -0.06197888 -0.06292643
0.459 -0.06201469 -0.06294587
0.4595 -0.0620501 -0.06296493
0.46 -0.06208513 -0.06298363
0.4605 -0.06211977 -0.063001975
0.461 -0.06215403 -0.063019976
0.4615 -0.06218791 -0.06303762
0.462 -0.06222142 -0.063054934
0.4625 -0.06225455 -0.06307192
0.463 -0.06228732 -0.06308858
0.4635 -0.06231972 -0.06310491
0.464 -0.06235177 -0.06312093
0.4645 -0.06238345 -0.063136615
0.465 -0.06241478 -0.063152045
0.4655 -0.06244576 -0.06316715
0.466 -0.0624764 -0.06318196
0.4665 -0.06250668 -0.063196495
0.467 -0.06253663 -0.063210756
0.4675 -0.06256624 -0.0632247
0.468 -0.06259552 -0.063238405
0.4685 -0.06262447 -0.06325184
0.469 -0.06265308 -0.063264996
0.4695 -0.06268138 -0.063277915
0.47 -0.06270935 -0.06329058
0.4705 -0.062737 -0.063302994
0.471 -0.06276434 -0.06331517
0.4715 -0.06279137 -0.063327104
0.472 -0.06281808 -0.06333881
0.4725 -0.0628445 -0.063350275
0.473 -0.0628706 -0.06336153
0.4735 -0.06289641 -0.063372545
0.474 -0.06292193 -0.063383356
0.4745 -0.06294715 -0.06339396
0.475 -0.06297208 -0.06340434
0.4755 -0.06299672 -0.06341452
0.476 -0.06302108 -0.063424505
0.4765 -0.06304515 -0.06343429
0.477 -0.06306895 -0.06344387
0.4775 -0.06309247 -0.06345327
0.478 -0.06311572 -0.063462496
0.4785 -0.06313869 -0.06347151
0.479 -0.0631614 -0.06348038
0.4795 -0.06318385 -0.063489065
0.48 -0.06320603 -0.06349757
0.4805 -0.06322796 -0.06350592
0.481 -0.06324963 -0.06351408
0.4815 -0.06327104 -0.063522086
0.482 -0.0632922 -0.06352994
0.4825 -0.06331312 -0.063537635
0.483 -0.06333379 -0.063545175
0.4835 -0.06335422 -0.06355256
0.484 -0.06337441 -0.0635598
0.4845 -0.06339435 -0.06356689
0.485 -0.06341407 -0.06357385
0.4855 -0.06343355 -0.06358068
0.486 -0.0634528 -0.06358737
0.4865 -0.06347182 -0.063593924
0.487 -0.06349062 -0.06360033
0.4875 -0.0635092 -0.06360662
0.488 -0.06352755 -0.06361278
0.4885 -0.06354569 -0.063618824
0.489 -0.06356361 -0.06362474
0.4895 -0.06358132 -0.06363055
0.49 -0.06359882 -0.06363623
0.4905 -0.06361611 -0.0636418
0.491 -0.0636332 -0.06364724
0.4915 -0.06365007 -0.063652605
0.492 -0.06366675 -0.06365784
0.4925 -0.06368323 -0.063662976
0.493 -0.06369951 -0.063668
0.4935 -0.0637156 -0.06367294
0.494 -0.06373149 -0.06367777
0.4945 -0.0637472 -0.0636825
0.495 -0.06376271 -0.063687146
0.4955 -0.06377804 -0.06369169
0.496 -0.06379319 -0.063696146
0.4965 -0.06380815 -0.0637005
0.497 -0.06382293 -0.06370479
0.4975 -0.06383753 -0.063708976
0.498 -0.06385196 -0.06371309
0.4985 -0.06386622 -0.0637171
0.499 -0.0638803 -0.063721046
0.4995 -0.06389421 -0.06372489
