0.0 -0.065 -0.012910973
0.0005 -0.06495461 -0.012546539
0.001 -0.06479367 -0.022733323
0.0015 -0.06456662 -0.035018094
0.002 -0.06430806 -0.046793602
0.0025 -0.06403049 -0.057224903
0.003 -0.06373535 -0.06611074
0.0035 -0.06341515 -0.07349226
0.004 -0.06307673 -0.079501316
0.0045 -0.06272516 -0.08429706
0.005 -0.06236124 -0.08803877
0.0055 -0.06198133 -0.09087455
0.006 -0.06157465 -0.09293712
0.0065 -0.06115002 -0.09434299
0.007 -0.0607141 -0.09519329
0.0075 -0.06026823 -0.095574886
0.008 -0.05981169 -0.09556227
0.0085 -0.05934337 -0.095218815
0.009 -0.05886242 -0.09459851
0.0095 -0.05836828 -0.093747124
0.01 -0.05786071 -0.0927035
0.0105 -0.05733965 -0.091500506
0.011 -0.05680521 -0.09016592
0.0115 -0.05625755 -0.0887233
0.012 -0.0556969 -0.08719249
0.0125 -0.05512351 -0.08559032
0.013 -0.05453764 -0.08393097
0.0135 -0.05393937 -0.0822264
0.014 -0.05332882 -0.08048677
0.0145 -0.05270636 -0.07872059
0.015 -0.05207207 -0.07693502
0.0155 -0.0514263 -0.07513617
0.016 -0.05076949 -0.07332912
0.0165 -0.05010206 -0.07151814
0.017 -0.04942434 -0.06970687
0.0175 -0.04873658 -0.06789828
0.018 -0.04803897 -0.066094875
0.0185 -0.04733168 -0.06429875
0.019 -0.04661488 -0.062511645
0.0195 -0.04588873 -0.06073498
0.02 -0.0451534 -0.05896992
0.0205 -0.04440908 -0.057217423
0.021 -0.04365773 -0.055478215
0.0215 -0.04290162 -0.053752914
0.022 -0.04213821 -0.052041985
0.0225 -0.04136557 -0.050345786
0.023 -0.04058317 -0.048664533
0.0235 -0.03979132 -0.04699838
0.024 -0.03899055 -0.045347482
0.0245 -0.03818142 -0.043711834
0.025 -0.03736442 -0.042091437
0.0255 -0.03653992 -0.040486254
0.026 -0.03570827 -0.03889618
0.0265 -0.03487133 -0.03732107
0.027 -0.0340289 -0.035760805
0.0275 -0.03317986 -0.034215204
0.028 -0.03232398 -0.032684125
0.0285 -0.03146137 -0.031167366
0.029 -0.03059221 -0.029664688
0.0295 -0.02971674 -0.02817589
0.03 -0.02883516 -0.026700765
0.0305 -0.02794767 -0.025239117
0.031 -0.02705436 -0.02379068
0.0315 -0.02615543 -0.02235524
0.032 -0.0252511 -0.020932578
0.0325 -0.02434161 -0.01952245
0.033 -0.02342707 -0.018124662
0.0335 -0.02250765 -0.016739003
0.034 -0.02158353 -0.0153651945
0.0345 -0.02065474 -0.014003068
0.035 -0.01972133 -0.012652397
0.0355 -0.01878345 -0.011312962
0.036 -0.01784119 -0.00998459
0.0365 -0.01689468 -0.008667015
0.037 -0.01594402 -0.007360108
0.0375 -0.01498932 -0.0060636103
0.038 -0.01403306 -0.0047773644
0.0385 -0.01307874 -0.003501203
0.039 -0.01212038 -0.0022349656
0.0395 -0.01115556 -0.0009784028
0.04 -0.01018448 0.00026861206
0.0405 -0.009208024 0.0015062653
0.041 -0.008227044 0.0027347133
0.0415 -0.007242188 0.003954105
0.042 -0.006253907 0.005164586
0.0425 -0.005262485 0.006366372
0.043 -0.004268104 0.0075595155
0.0435 -0.003270895 0.008744203
0.044 -0.002270952 0.009920575
0.0445 -0.001270376 0.011088736
0.045 -0.0002732208 0.012248866
0.0455 0.000725702 0.013401046
0.046 0.001729637 0.014545456
0.0465 0.002738934 0.015682139
0.047 0.00375285 0.016811244
0.0475 0.004770511 0.0179329
0.048 0.005791211 0.019047163
0.0485 0.006812387 0.020154193
0.049 0.007828864 0.021254115
0.0495 0.008846362 0.022346966
0.05 0.009866111 0.02343288
0.0505 0.01087517 0.024511926
0.051 0.01187975 0.025584258
0.0515 0.01289258 0.026649885
0.052 0.0139165 0.02770894
0.0525 0.01494985 0.028761514
0.053 0.01598868 0.02980762
0.0535 0.01702309 0.030847423
0.054 0.01806003 0.031880982
0.0545 0.01910314 0.03290835
0.055 0.02015169 0.03392957
0.0555 0.02120405 0.034944788
0.056 0.02225883 0.03595405
0.0565 0.02331508 0.03695737
0.057 0.02436848 0.03795486
0.0575 0.02541323 0.038946606
0.058 0.02645987 0.039932653
0.0585 0.0275117 0.04091303
0.059 0.02856822 0.041887835
0.0595 0.02962816 0.042857103
0.06 0.03069041 0.043820918
0.0605 0.0317542 0.0447793
0.061 0.03281908 0.045732357
0.0615 0.03388476 0.04668007
0.062 0.03495113 0.04762251
0.0625 0.03601812 0.048559763
0.063 0.03708547 0.049491897
0.0635 0.03814592 0.05041892
0.064 0.03920174 0.051340923
0.0645 0.04026068 0.052257873
0.065 0.04132484 0.053169847
0.0655 0.04239343 0.054076895
0.066 0.04346505 0.05497911
0.0665 0.0445386 0.055876493
0.067 0.04561306 0.056769088
0.0675 0.04667896 0.057656914
0.068 0.04773779 0.058540076
0.0685 0.0487992 0.05941858
0.069 0.04986612 0.0602924
0.0695 0.05093731 0.06116166
0.07 0.05201186 0.06202641
0.0705 0.05308899 0.0628866
0.071 0.05416794 0.0637424
0.0715 0.05524806 0.064593725
0.072 0.05632892 0.06544071
0.0725 0.05741025 0.06628331
0.073 0.05849189 0.06712163
0.0735 0.05957375 0.067955665
0.074 0.06065582 0.06878545
0.0745 0.06173808 0.069610976
0.075 0.06282055 0.07043245
0.0755 0.06390296 0.07124964
0.076 0.06496412 0.0720628
0.0765 0.0660093 0.072871886
0.077 0.06706161 0.073676966
0.0775 0.06812691 0.07447808
0.078 0.06920327 0.075275145
0.0785 0.0702871 0.076068304
0.079 0.07137531 0.07685759
0.0795 0.07246574 0.07764297
0.08 0.07355706 0.078424565
0.0805 0.07464849 0.0792023
0.081 0.07573966 0.07997625
0.0815 0.07683039 0.080746464
0.082 0.07792066 0.08151304
0.0825 0.07901049 0.08227592
0.083 0.08009995 0.083035104
0.0835 0.08118911 0.08379074
0.084 0.08227792 0.084542744
0.0845 0.08336626 0.085291184
0.085 0.08445426 0.08603612
0.0855 0.08554211 0.086777546
0.086 0.08662993 0.087515555
0.0865 0.08771773 0.08825015
0.087 0.08880549 0.08898129
0.0875 0.08989329 0.089709096
0.088 0.09098116 0.090433605
0.0885 0.09206913 0.09115481
0.089 0.09315718 0.091872685
0.0895 0.0942453 0.092587285
0.09 0.09533355 0.093298756
0.0905 0.09642195 0.09400695
0.091 0.09750758 0.09471207
0.0915 0.098576 0.095414035
0.092 0.09963895 0.09611287
0.0925 0.100708 0.096808665
0.093 0.1017854 0.09750142
0.0935 0.1028696 0.098191105
0.094 0.1039583 0.09887787
0.0945 0.1050495 0.0995617
0.095 0.1061421 0.10024261
0.0955 0.107235 0.10092058
0.096 0.1083279 0.10159569
0.0965 0.1094205 0.10226797
0.097 0.1105127 0.10293751
0.0975 0.1116044 0.10360425
0.098 0.112695 0.10426823
0.0985 0.1137845 0.10492947
0.099 0.1148731 0.10558803
0.0995 0.1159609 0.106243886
0.1 0.1170481 0.10406769
0.1005 0.1067766 0.102297865
0.101 0.09579506 0.10053649
0.1015 0.08930013 0.09867684
0.102 0.08549803 0.096718885
0.1025 0.08297392 0.09469517
0.103 0.08103284 0.0926423
0.1035 0.07936781 0.09059136
0.104 0.07784648 0.08856609
0.1045 0.0764114 0.086583085
0.105 0.07503696 0.08465382
0.1055 0.07370937 0.08278533
0.106 0.07242319 0.080981754
0.1065 0.07117738 0.07924529
0.107 0.06997096 0.07757636
0.1075 0.06880295 0.075974815
0.108 0.06767256 0.0744397
0.1085 0.06657913 0.0729697
0.109 0.06552215 0.071563266
0.1095 0.0645012 0.070218764
0.11 0.06351591 0.06893449
0.1105 0.06256594 0.06770869
0.111 0.061651 0.06653964
0.1115 0.06077079 0.06542563
0.112 0.05992501 0.06436508
0.1125 0.0591134 0.06335633
0.113 0.05833565 0.06239807
0.1135 0.05759148 0.06148862
0.114 0.0568805 0.06062638
0.1145 0.0562024 0.059810184
0.115 0.05555697 0.059038512
0.1155 0.05494394 0.058310144
0.116 0.05436302 0.057623558
0.1165 0.05381391 0.05697774
0.117 0.05329629 0.056371264
0.1175 0.05280984 0.055803053
0.118 0.05235424 0.055271797
0.1185 0.05192907 0.054776423
0.119 0.05153383 0.05431568
0.1195 0.05116825 0.053888552
0.12 0.05083213 0.05349385
0.1205 0.05052521 0.05313074
0.121 0.05024722 0.052797846
0.1215 0.04999782 0.0524944
0.122 0.04977642 0.052219324
0.1225 0.0495789 0.051971488
0.123 0.04940559 0.051750116
0.1235 0.04925977 0.051554136
0.124 0.04914265 0.051382594
0.1245 0.04905386 0.051234655
0.125 0.04899266 0.051109485
0.1255 0.04895829 0.05100607
0.126 0.04895003 0.050923638
0.1265 0.04896729 0.050861232
0.127 0.04900955 0.050818138
0.1275 0.04907635 0.05079346
0.128 0.04916729 0.050786547
0.1285 0.04928199 0.0507965
0.129 0.0494201 0.05082255
0.1295 0.04958128 0.050864093
0.13 0.04976521 0.05092018
0.1305 0.04997156 0.050990455
0.131 0.05020011 0.051073782
0.1315 0.05045052 0.051169924
0.132 0.05072247 0.05127787
0.1325 0.05101565 0.051397197
0.133 0.05132977 0.051527075
0.1335 0.05166445 0.051667087
0.134 0.05201937 0.051816575
0.1345 0.05239419 0.051974885
0.135 0.05278862 0.05214154
0.1355 0.05320237 0.052315943
0.136 0.05363514 0.05249756
0.1365 0.05408607 0.05268579
0.137 0.0545537 0.05288022
0.1375 0.05503927 0.05308049
0.138 0.05554317 0.05328583
0.1385 0.05606523 0.053495936
0.139 0.05660515 0.053710334
0.1395 0.05716256 0.053928606
0.14 0.05773712 0.054150097
0.1405 0.05832848 0.054374747
0.141 0.0589361 0.05460196
0.1415 0.05955807 0.05483138
0.142 0.06017781 0.055062644
0.1425 0.0608015 0.055295162
0.143 0.06144361 0.05552887
0.1435 0.06210873 0.055763416
0.144 0.06279064 0.055998378
0.1445 0.06348553 0.0562334
0.145 0.06419774 0.0564683
0.1455 0.06492932 0.056702726
0.146 0.06567978 0.056936495
0.1465 0.06644535 0.057169072
0.147 0.06722332 0.057400398
0.1475 0.06801601 0.057630233
0.148 0.06882407 0.05785834
0.1485 0.06964696 0.05808442
0.149 0.07048381 0.058308534
0.1495 0.07133379 0.058530144
0.15 0.07219627 0.05875116
0.1505 0.07306059 0.059169464
0.151 0.07387808 0.059719197
0.1515 0.07456437 0.060354702
0.152 0.07520713 0.06104397
0.1525 0.07585648 0.061765365
0.153 0.07651971 0.06250393
0.1535 0.077189 0.06324928
0.154 0.07785462 0.063995115
0.1545 0.07850893 0.0647366
0.155 0.07914692 0.06547152
0.1555 0.07976561 0.066197924
0.156 0.08036156 0.066915266
0.1565 0.08090849 0.06762313
0.157 0.08142326 0.06832182
0.1575 0.08192096 0.06901126
0.158 0.08239969 0.06969213
0.1585 0.08286415 0.070364706
0.159 0.08331733 0.07102936
0.1595 0.08375812 0.07168662
0.16 0.08418394 0.072336845
0.1605 0.08459243 0.07298034
0.161 0.08498007 0.07361715
0.1615 0.08534284 0.07424753
0.162 0.08568346 0.074871354
0.1625 0.08600461 0.07548868
0.163 0.08630704 0.07609927
0.1635 0.08659052 0.076703124
0.164 0.08685447 0.077299766
0.1645 0.08709846 0.0778889
0.165 0.08732224 0.0784701
0.1655 0.0875257 0.079042844
0.166 0.08770885 0.07960641
0.1665 0.08787174 0.08016043
0.167 0.08800068 0.080704086
0.1675 0.08808063 0.08123665
0.168 0.08814336 0.08175748
0.1685 0.08820048 0.08226555
0.169 0.08825146 0.082760386
0.1695 0.08829248 0.08324074
0.17 0.08831986 0.083705895
0.1705 0.0883309 0.084155016
0.171 0.08832387 0.08458709
0.1715 0.08829779 0.08500116
0.172 0.0882523 0.08539634
0.1725 0.0881874 0.08577161
0.173 0.08810321 0.08612608
0.1735 0.08799993 0.086458735
0.174 0.08787779 0.08676874
0.1745 0.08773701 0.08705496
0.175 0.08757783 0.087316446
0.1755 0.08740047 0.08755254
0.176 0.08720516 0.08776211
0.1765 0.08699211 0.08794426
0.177 0.08676152 0.0880981
0.1775 0.0865136 0.088222794
0.178 0.08624853 0.08831745
0.1785 0.08596651 0.08838128
0.179 0.08566768 0.08841347
0.1795 0.08535214 0.08841299
0.18 0.08502013 0.0883792
0.1805 0.08467185 0.08831137
0.181 0.08430752 0.08820885
0.1815 0.0839273 0.08807062
0.182 0.08353137 0.08789646
0.1825 0.0831199 0.08768534
0.183 0.08269306 0.08743679
0.1835 0.08225101 0.08715015
0.184 0.08179392 0.08682471
0.1845 0.08132196 0.086460106
0.185 0.0808353 0.08605581
0.1855 0.0803341 0.0856111
0.186 0.07981853 0.08512568
0.1865 0.07928876 0.08459895
0.187 0.07874494 0.08403074
0.1875 0.07818725 0.08342039
0.188 0.07761584 0.0827676
0.1885 0.07703089 0.08207201
0.189 0.07643255 0.08133327
0.1895 0.07582098 0.08055108
0.19 0.07519635 0.0797252
0.1905 0.07455881 0.07885533
0.191 0.07390853 0.07794141
0.1915 0.07324565 0.07698309
0.192 0.07257034 0.07598018
0.1925 0.07188275 0.07493251
0.193 0.07118304 0.073840074
0.1935 0.07047135 0.0727027
0.194 0.06974785 0.07152038
0.1945 0.06901267 0.070293
0.195 0.06826598 0.06902074
0.1955 0.06750792 0.0677033
0.196 0.06673863 0.066340856
0.1965 0.06595826 0.06493341
0.197 0.06516696 0.063481145
0.1975 0.06436487 0.061984234
0.198 0.06355213 0.0604425
0.1985 0.06272889 0.05885642
0.199 0.06189527 0.057226114
0.1995 0.06105142 0.05555176
0.2 0.06019747 0.062483303
0.2005 0.05932487 0.06521755
0.201 0.0584489 0.0651884
0.2015 0.0576041 0.06346666
0.202 0.05679388 0.060819797
0.2025 0.05601211 0.057777397
0.203 0.05525293 0.054691724
0.2035 0.05451263 0.051786177
0.204 0.05378925 0.049192958
0.2045 0.05308193 0.04698091
0.205 0.05239039 0.045175783
0.2055 0.05171467 0.043774717
0.206 0.05105492 0.04275643
0.2065 0.05041137 0.04208856
0.207 0.04978427 0.0417326
0.2075 0.04917385 0.041647546
0.208 0.04858034 0.041792147
0.2085 0.04800396 0.042126648
0.209 0.0474449 0.042613737
0.2095 0.04690335 0.0432192
0.21 0.04637947 0.043912463
0.2105 0.0458734 0.044666342
0.211 0.04538529 0.045457296
0.2115 0.04491524 0.046265118
0.212 0.04446338 0.04707312
0.2125 0.04402978 0.04786741
0.213 0.04361452 0.04863655
0.2135 0.04321768 0.04937213
0.214 0.04283931 0.050067417
0.2145 0.04247944 0.050717823
0.215 0.04213792 0.05132013
0.2155 0.04181345 0.051872663
0.216 0.04150713 0.05237501
0.2165 0.04122002 0.05282741
0.217 0.04095229 0.053231172
0.2175 0.04070372 0.053587966
0.218 0.04047404 0.053899877
0.2185 0.04026258 0.054170124
0.219 0.04006605 0.054401033
0.2195 0.03988567 0.05459582
0.22 0.03972411 0.054757707
0.2205 0.03958242 0.05488967
0.221 0.03946053 0.054994993
0.2215 0.039358 0.05507683
0.222 0.03927443 0.055137806
0.2225 0.03920946 0.05518114
0.223 0.03916276 0.05520951
0.2235 0.03913405 0.055225246
0.224 0.03912314 0.055231087
0.2245 0.03912987 0.055229418
0.225 0.03915412 0.055221908
0.2255 0.03919577 0.05521082
0.226 0.03925474 0.055197947
0.2265 0.03933091 0.055184953
0.227 0.03942418 0.05517333
0.2275 0.03953446 0.05516439
0.228 0.03966162 0.055159442
0.2285 0.03980557 0.0551595
0.229 0.03996617 0.0551657
0.2295 0.04014331 0.055178933
0.23 0.04033687 0.055199794
0.2305 0.04054676 0.05522912
0.231 0.0407729 0.055267386
0.2315 0.04101513 0.05531519
0.232 0.04127329 0.055372708
0.2325 0.0415472 0.055440776
0.233 0.04183672 0.055519335
0.2335 0.04214171 0.055608682
0.234 0.04246203 0.055708937
0.2345 0.04279754 0.05582016
0.235 0.04314814 0.055942588
0.2355 0.04351373 0.05607628
0.236 0.04389414 0.05622106
0.2365 0.04428921 0.056377225
0.237 0.04469879 0.056544177
0.2375 0.04512271 0.056722216
0.238 0.04556084 0.056911103
0.2385 0.04601296 0.0571106
0.239 0.04647875 0.057320528
0.2395 0.04695813 0.057541005
0.24 0.04745114 0.057771496
0.2405 0.04795775 0.058012
0.241 0.04847788 0.058262162
0.2415 0.04901136 0.05852192
0.242 0.04955803 0.058790796
0.2425 0.05011773 0.059068613
0.243 0.05069027 0.059355192
0.2435 0.05127551 0.059650294
0.244 0.0518733 0.059953623
0.2445 0.05248348 0.06026482
0.245 0.05310592 0.060583703
0.2455 0.05374049 0.06090998
0.246 0.05438704 0.061243467
0.2465 0.05504544 0.06158375
0.247 0.05571555 0.06193071
0.2475 0.05639705 0.062283985
0.248 0.05708624 0.06264328
0.2485 0.05778274 0.06300842
0.249 0.05848971 0.06337922
0.2495 0.0592089 0.063755326
0.25 0.05994073 0.06414073
0.2505 0.06067483 0.06495141
0.251 0.06136447 0.06600558
0.2515 0.06199756 0.067191
0.252 0.06259217 0.06843757
0.2525 0.06316229 0.06970196
0.253 0.06371398 0.07095658
0.2535 0.06424892 0.07218414
0.254 0.06476699 0.07337391
0.2545 0.06526758 0.07451933
0.255 0.06575003 0.075615935
0.2555 0.06621383 0.0766614
0.256 0.06665859 0.07765471
0.2565 0.067084 0.078594975
0.257 0.06748988 0.07948243
0.2575 0.06787606 0.08031707
0.258 0.06824243 0.0810998
0.2585 0.06858891 0.08183127
0.259 0.06891543 0.08251231
0.2595 0.06922194 0.08314406
0.26 0.06950842 0.08372723
0.2605 0.06977483 0.08426326
0.261 0.07002118 0.08475309
0.2615 0.07024747 0.08519792
0.262 0.07045369 0.08559888
0.2625 0.07063989 0.08595716
0.263 0.07080609 0.0862739
0.2635 0.07095232 0.08655017
0.264 0.07107865 0.086787276
0.2645 0.07118512 0.086986296
0.265 0.0712718 0.08714836
0.2655 0.07133758 0.087274365
0.266 0.07137956 0.08736556
0.2665 0.0714001 0.08742302
0.267 0.07140199 0.087447636
0.2675 0.07138629 0.08744054
0.268 0.07135219 0.087402456
0.2685 0.07129948 0.08733439
0.269 0.0712287 0.08723729
0.2695 0.07114002 0.087112
0.27 0.07103336 0.086959355
0.2705 0.07090857 0.086780004
0.271 0.07076557 0.086574845
0.2715 0.07060434 0.08634447
0.272 0.07042494 0.0860896
0.2725 0.07022746 0.08581071
0.273 0.07001204 0.0855087
0.2735 0.06977883 0.08518391
0.274 0.06952798 0.08483683
0.2745 0.06925966 0.08446806
0.275 0.06897405 0.08407789
0.2755 0.06867131 0.083666615
0.276 0.06835161 0.08323496
0.2765 0.06801514 0.08278292
0.277 0.06766205 0.08231103
0.2775 0.06729252 0.08181923
0.278 0.06690672 0.081308
0.2785 0.06650483 0.0807774
0.279 0.06608702 0.08022749
0.2795 0.06565345 0.07965862
0.28 0.06520431 0.07907068
0.2805 0.06473975 0.078463666
0.281 0.06425997 0.0778377
0.2815 0.06376512 0.077192836
0.282 0.06325538 0.07652884
0.2825 0.06273092 0.07584589
0.283 0.06219191 0.07514369
0.2835 0.06163852 0.07442229
0.284 0.06107093 0.07368141
0.2845 0.0604893 0.07292103
0.285 0.05989381 0.072140805
0.2855 0.05928461 0.071340494
0.286 0.05866189 0.070520036
0.2865 0.0580258 0.06967919
0.287 0.05737652 0.06881749
0.2875 0.0567142 0.067934744
0.288 0.05603902 0.06703072
0.2885 0.05535114 0.066105
0.289 0.05465071 0.06515711
0.2895 0.05393791 0.064186804
0.29 0.05321288 0.06319373
0.2905 0.0524758 0.062177233
0.291 0.05172681 0.061136954
0.2915 0.05096608 0.060072355
0.292 0.05019376 0.05898284
0.2925 0.04941001 0.057868056
0.293 0.04861497 0.056726865
0.2935 0.0478088 0.05555921
0.294 0.04699164 0.05436378
0.2945 0.04616366 0.053140096
0.295 0.04532499 0.051887088
0.2955 0.04447578 0.0506038
0.296 0.04361618 0.04928934
0.2965 0.04274633 0.047942333
0.297 0.04186636 0.04656177
0.2975 0.04097643 0.04514598
0.298 0.04007666 0.043693535
0.2985 0.0391672 0.042203
0.299 0.03824818 0.040672176
0.2995 0.03731974 0.03909921
0.3 0.036382 0.026007496
0.3005 0.03542863 0.017325245
0.301 0.03449672 0.01245787
0.3015 0.03361281 0.010736994
0.302 0.03276734 0.011460267
0.3025 0.03194987 0.013932519
0.303 0.0311543 0.017505817
0.3035 0.03037766 0.021610968
0.304 0.02961869 0.0257793
0.3045 0.02887696 0.029652841
0.305 0.02815243 0.032983474
0.3055 0.02744519 0.03562299
0.306 0.02675544 0.037507303
0.3065 0.02608337 0.03863751
0.307 0.02542918 0.039060913
0.3075 0.02479306 0.03885413
0.308 0.02417518 0.03810876
0.3085 0.02357571 0.036920868
0.309 0.0229948 0.035383455
0.3095 0.02243257 0.033581756
0.31 0.02188914 0.03159084
0.3105 0.02136462 0.029474817
0.311 0.02085908 0.027286671
0.3115 0.02037262 0.025069378
0.312 0.01990528 0.022856914
0.3125 0.01945712 0.020675637
0.313 0.01902818 0.018545352
0.3135 0.01861848 0.016480558
0.314 0.01822804 0.014491536
0.3145 0.01785687 0.012585156
0.315 0.01750496 0.010765664
0.3155 0.01717231 0.009035267
0.316 0.01685888 0.007394634
0.3165 0.01656466 0.0058434084
0.317 0.01628961 0.004380189
0.3175 0.01603369 0.0030032024
0.318 0.01579683 0.0017102286
0.3185 0.01557899 0.0004988238
0.319 0.0153801 -0.00063366443
0.3195 0.01520009 -0.0016898289
0.32 0.01503889 -0.0026722923
0.3205 0.01489641 -0.003583707
0.321 0.01477257 -0.004426487
0.3215 0.01466727 -0.0052031055
0.322 0.01458043 -0.005915828
0.3225 0.01451194 -0.00656683
0.323 0.0144617 -0.0071581677
0.3235 0.0144296 -0.0076917782
0.324 0.01441553 -0.008169629
0.3245 0.01441938 -0.008593269
0.325 0.01444102 -0.008964427
0.3255 0.01447962 -0.009284653
0.326 0.01453208 -0.009555317
0.3265 0.01459975 -0.009777911
0.327 0.01468563 -0.009953715
0.3275 0.01479065 -0.010083802
0.328 0.01491448 -0.010169394
0.3285 0.01505642 -0.010211714
0.329 0.01521584 -0.010211654
0.3295 0.01539224 -0.010170229
0.33 0.01558527 -0.010088421
0.3305 0.01579468 -0.009967096
0.331 0.01602025 -0.009807266
0.3315 0.01626181 -0.009609558
0.332 0.01651901 -0.009374805
0.3325 0.01679172 -0.009103842
0.333 0.01707993 -0.008797504
0.3335 0.0173836 -0.008456357
0.334 0.01770267 -0.008081146
0.3345 0.01803701 -0.0076726153
0.335 0.01838642 -0.007231362
0.3355 0.01875067 -0.0067580417
0.336 0.01912966 -0.0062531903
0.3365 0.0195233 -0.005717583
0.337 0.0199315 -0.005151637
0.3375 0.02035415 -0.004555978
0.338 0.02079119 -0.003931232
0.3385 0.02124243 -0.003277965
0.339 0.02170765 -0.0025966838
0.3395 0.02218665 -0.001887925
0.34 0.02267924 -0.0011522844
0.3405 0.02318529 -0.00039017946
0.341 0.02370472 0.00039773434
0.3415 0.02423735 0.0012112185
0.342 0.02478298 0.0020495579
0.3425 0.02534144 0.0029122755
0.343 0.02591257 0.0037988946
0.3435 0.02649623 0.004708998
0.344 0.02709229 0.00564193
0.3445 0.02770062 0.0065975115
0.345 0.02832109 0.007575147
0.3455 0.02895358 0.0085742995
0.346 0.02959794 0.009594612
0.3465 0.03025406 0.010635547
0.347 0.0309218 0.011696808
0.3475 0.03160102 0.012777738
0.348 0.03229161 0.013878159
0.3485 0.03299341 0.014997534
0.349 0.03370631 0.016135208
0.3495 0.03443017 0.017291002
0.35 0.03516487 0.018466048
0.3505 0.03590008 0.019825988
0.351 0.03659359 0.021274798
0.3515 0.03723743 0.022744887
0.352 0.03784325 0.024187975
0.3525 0.03842087 0.025570206
0.353 0.03897565 0.026867978
0.3535 0.0395101 0.028065614
0.354 0.04002524 0.029152982
0.3545 0.04052139 0.030124418
0.355 0.04099858 0.030977778
0.3555 0.04145663 0.03171324
0.356 0.04189539 0.03233307
0.3565 0.04231473 0.03284102
0.357 0.04271266 0.03324192
0.3575 0.04308609 0.033541374
0.358 0.04343811 0.03374552
0.3585 0.04377156 0.033861093
0.359 0.04408725 0.03389453
0.3595 0.04438492 0.033852927
0.36 0.04466397 0.033742778
0.3605 0.04492388 0.03357088
0.361 0.04516424 0.033343606
0.3615 0.04538479 0.03306698
0.362 0.04558538 0.032747023
0.3625 0.04576594 0.032389157
0.363 0.04592645 0.031998806
0.3635 0.04606692 0.03158056
0.364 0.0461874 0.031139068
0.3645 0.04628794 0.030678503
0.365 0.04636861 0.03020256
0.3655 0.04642949 0.029714637
0.366 0.04647068 0.02921801
0.3665 0.04649225 0.028715484
0.367 0.04649432 0.02820944
0.3675 0.04647699 0.027702145
0.368 0.04644038 0.027195863
0.3685 0.04638459 0.026692145
0.369 0.04630976 0.026192479
0.3695 0.04621601 0.025698207
0.37 0.04610346 0.025210582
0.3705 0.04597226 0.024730526
0.371 0.04582255 0.024258845
0.3715 0.04565447 0.023796432
0.372 0.04546815 0.023343615
0.3725 0.04526376 0.02290111
0.373 0.04504145 0.022469096
0.3735 0.04480137 0.022048049
0.374 0.04454368 0.021638177
0.3745 0.04426853 0.02123963
0.375 0.0439761 0.020852618
0.3755 0.04366654 0.020477168
0.376 0.04334001 0.020113401
0.3765 0.0429967 0.019761376
0.377 0.04263676 0.019421063
0.3775 0.04226036 0.019092403
0.378 0.04186768 0.018775456
0.3785 0.04145889 0.01847016
0.379 0.04103415 0.018176459
0.3795 0.04059365 0.017894171
0.38 0.04013754 0.017623417
0.3805 0.03966602 0.017363928
0.381 0.03917924 0.017115645
0.3815 0.03867739 0.016878538
0.382 0.03816063 0.016652368
0.3825 0.03762914 0.016436927
0.383 0.0370831 0.016232155
0.3835 0.03652267 0.016037844
0.384 0.03594802 0.015853666
0.3845 0.03535934 0.015679471
0.385 0.03475678 0.015514873
0.3855 0.03414052 0.015359484
0.386 0.03351074 0.015213005
0.3865 0.03286759 0.015074901
0.387 0.03221124 0.014944814
0.3875 0.03154187 0.014821999
0.388 0.03085964 0.014705829
0.3885 0.03016471 0.01459562
0.389 0.02945725 0.014490478
0.3895 0.02873742 0.014389582
0.39 0.02800538 0.014291756
0.3905 0.02726129 0.014195897
0.391 0.02650531 0.014100753
0.3915 0.0257376 0.014004894
0.392 0.02495832 0.01390668
0.3925 0.02416762 0.013804413
0.393 0.02336565 0.013696246
0.3935 0.02255257 0.013579898
0.394 0.02172852 0.013453238
0.3945 0.02089367 0.013313644
0.395 0.02004815 0.013158448
0.3955 0.01919211 0.012984537
0.396 0.0183257 0.012788795
0.3965 0.01744906 0.012567632
0.397 0.01656234 0.012317248
0.3975 0.01566567 0.012033537
0.398 0.0147592 0.011712067
0.3985 0.01384305 0.011348017
0.399 0.01291738 0.010936201
0.3995 0.01198231 0.010471217
0.4 0.01103798 0.009947032
0.4005 0.01008961 0.009944901
0.401 0.009158257 0.010086283
0.4015 0.008247976 0.010156289
0.402 0.007353064 0.010049671
0.4025 0.006468747 0.009730108
0.403 0.005592429 0.009200968
0.4035 0.004722935 0.0084860325
0.404 0.00385981 0.0076175183
0.4045 0.003002941 0.0066289753
0.405 0.002152366 0.005551368
0.4055 0.001308182 0.0044115037
0.406 0.0004705125 0.0032314137
0.4065 -0.0003605165 0.002028592
0.407 -0.001184781 0.0008163601
0.4075 -0.002002162 -0.00039521977
0.408 -0.002812551 -0.0015990511
0.4085 -0.003615848 -0.0027901717
0.409 -0.004411959 -0.0039653108
0.4095 -0.005200802 -0.005122494
0.41 -0.005982302 -0.006260678
0.4105 -0.006756391 -0.007379487
0.411 -0.007523011 -0.0084789805
0.4115 -0.008282108 -0.009559542
0.412 -0.00903364 -0.010621693
0.4125 -0.009777566 -0.011666115
0.413 -0.01051386 -0.012693495
0.4135 -0.01124248 -0.013704501
0.414 -0.01196343 -0.014699742
0.4145 -0.01267668 -0.015679851
0.415 -0.01338222 -0.016645364
0.4155 -0.01408005 -0.017596737
0.416 -0.01477018 -0.018534422
0.4165 -0.01545259 -0.019458756
0.417 -0.01612732 -0.020370029
0.4175 -0.01679435 -0.021268532
0.418 -0.01745373 -0.022154495
0.4185 -0.01810545 -0.023028053
0.419 -0.01874956 -0.0238894
0.4195 -0.01938607 -0.024738614
0.42 -0.02001502 -0.025575817
0.4205 -0.02063643 -0.026401103
0.421 -0.02125035 -0.027214527
0.4215 -0.02185681 -0.028016131
0.422 -0.02245586 -0.028805982
0.4225 -0.02304752 -0.029584102
0.423 -0.02363186 -0.030350536
0.4235 -0.02420892 -0.031105317
0.424 -0.02477874 -0.031848475
0.4245 -0.02534138 -0.032580033
0.425 -0.02589689 -0.033300027
0.4255 -0.02644531 -0.034008496
0.426 -0.02698671 -0.034705505
0.4265 -0.02752115 -0.035391025
0.427 -0.02804867 -0.036065154
0.4275 -0.02856934 -0.036727913
0.428 -0.02908322 -0.03737938
0.4285 -0.02959036 -0.038019575
0.429 -0.03009083 -0.03864859
0.4295 -0.03058469 -0.03926646
0.43 -0.031072 -0.039873272
0.4305 -0.03155283 -0.040469103
0.431 -0.03202723 -0.04105401
0.4315 -0.03249527 -0.041628085
0.432 -0.03295702 -0.04219142
0.4325 -0.03341254 -0.04274407
0.433 -0.03386189 -0.043286163
0.4335 -0.03430514 -0.043817773
0.434 -0.03474236 -0.04433901
0.4345 -0.03517361 -0.044849947
0.435 -0.03559895 -0.045350738
0.4355 -0.03601845 -0.045841433
0.436 -0.03643218 -0.0463222
0.4365 -0.03684021 -0.046793133
0.437 -0.03724259 -0.047254324
0.4375 -0.03763939 -0.047705896
0.438 -0.03803068 -0.048147995
0.4385 -0.03841653 -0.04858072
0.439 -0.03879699 -0.0490042
0.4395 -0.03917213 -0.049418565
0.44 -0.03954202 -0.049823936
0.4405 -0.03990671 -0.05022045
0.441 -0.04026629 -0.050608225
0.4415 -0.04062079 -0.050987393
0.442 -0.0409703 -0.051358074
0.4425 -0.04131487 -0.051720425
0.443 -0.04165456 -0.05207456
0.4435 -0.04198944 -0.052420624
0.444 -0.04231957 -0.052758742
0.4445 -0.042645 -0.05308904
0.445 -0.04296581 -0.053411655
0.4455 -0.04328204 -0.053726733
0.446 -0.04359376 -0.054034386
0.4465 -0.04390103 -0.054334775
0.447 -0.0442039 -0.054628007
0.4475 -0.04450243 -0.05491422
0.448 -0.04479669 -0.055193543
0.4485 -0.04508673 -0.05546612
0.449 -0.0453726 -0.055732068
0.4495 -0.04565436 -0.055991516
0.45 -0.04593206 -0.056244593
0.4505 -0.04620577 -0.05649144
0.451 -0.04647553 -0.056732163
0.4515 -0.0467414 -0.056966893
0.452 -0.04700343 -0.05719576
0.4525 -0.04726168 -0.057418875
0.453 -0.04751619 -0.05763637
0.4535 -0.04776702 -0.057848345
0.454 -0.04801422 -0.058054946
0.4545 -0.04825784 -0.05825627
0.455 -0.04849793 -0.058452442
0.4555 -0.04873454 -0.05864357
0.456 -0.04896772 -0.058829773
0.4565 -0.04919751 -0.05901115
0.457 -0.04942396 -0.05918782
0.4575 -0.04964713 -0.059359882
0.458 -0.04986705 -0.05952744
0.4585 -0.05008377 -0.059690613
0.459 -0.05029734 -0.059849504
0.4595 -0.05050781 -0.060004182
0.46 -0.05071521 -0.06015479
0.4605 -0.05091959 -0.060301375
0.461 -0.05112099 -0.06044408
0.4615 -0.05131947 -0.060582962
0.462 -0.05151505 -0.060718134
0.4625 -0.05170778 -0.060849685
0.463 -0.0518977 -0.06097769
0.4635 -0.05208485 -0.061102264
0.464 -0.05226927 -0.061223462
0.4645 -0.05245101 -0.061341383
0.465 -0.05263009 -0.061456107
0.4655 -0.05280657 -0.061567705
0.466 -0.05298047 -0.061676264
0.4665 -0.05315183 -0.06178187
0.467 -0.05332069 -0.061884575
0.4675 -0.05348709 -0.06198448
0.468 -0.05365107 -0.062081624
0.4685 -0.05381265 -0.062176112
0.469 -0.05397187 -0.062267993
0.4695 -0.05412877 -0.062357333
0.47 -0.05428339 -0.06244421
0.4705 -0.05443574 -0.06252867
0.471 -0.05458588 -0.06261078
0.4715 -0.05473383 -0.06269063
0.472 -0.05487962 -0.06276825
0.4725 -0.05502328 -0.06284371
0.473 -0.05516485 -0.06291707
0.4735 -0.05530436 -0.06298837
0.474 -0.05544183 -0.06305768
0.4745 -0.0555773 -0.06312505
0.475 -0.0557108 -0.06319053
0.4755 -0.05584235 -0.06325417
0.476 -0.05597199 -0.063316025
0.4765 -0.05609974 -0.06337613
0.477 -0.05622563 -0.06343455
0.4775 -0.05634969 -0.063491315
0.478 -0.05647194 -0.063546486
0.4785 -0.05659241 -0.063600086
0.479 -0.05671113 -0.06365219
0.4795 -0.05682813 -0.0637028
0.48 -0.05694343 -0.06375198
0.4805 -0.05705705 -0.06379977
0.481 -0.05716902 -0.0638462
0.4815 -0.05727936 -0.06389131
0.482 -0.0573881 -0.06393513
0.4825 -0.05749526 -0.06397771
0.483 -0.05760087 -0.06401908
0.4835 -0.05770495 -0.06405926
0.484 -0.05780752 -0.0640983
0.4845 -0.0579086 -0.06413622
0.485 -0.05800821 -0.064173065
0.4855 -0.05810639 -0.06420885
0.486 -0.05820314 -0.06424361
0.4865 -0.05829849 -0.06427737
0.487 -0.05839246 -0.06431018
0.4875 -0.05848507 -0.06434203
0.488 -0.05857634 -0.06437298
0.4885 -0.0586663 -0.064403035
0.489 -0.05875495 -0.06443223
0.4895 -0.05884233 -0.06446059
0.49 -0.05892844 -0.06448813
0.4905 -0.05901331 -0.064514875
0.491 -0.05909695 -0.06454085
0.4915 -0.05917939 -0.064566076
0.492 -0.05926064 -0.06459059
0.4925 -0.05934072 -0.064614385
0.493 -0.05941965 -0.0646375
0.4935 -0.05949744 -0.06465994
0.494 -0.05957411 -0.06468174
0.4945 -0.05964968 -0.064702906
0.495 -0.05972416 -0.06472346
0.4955 -0.05979758 -0.06474343
0.496 -0.05986993 -0.06476281
0.4965 -0.05994125 -0.064781636
0.497 -0.06001155 -0.064799905
0.4975 -0.06008084 -0.06481767
0.498 -0.06014913 -0.0648349
0.4985 -0.06021644 -0.06485163
0.499 -0.06028279 -0.06486789
0.4995 -0.06034819 -0.064883664
