0.0 -0.065 -0.049644325
0.0005 -0.05285361 -0.041597784
0.001 -0.04200612 -0.034141652
0.0015 -0.0339471 -0.027172875
0.002 -0.02698147 -0.0206163
0.0025 -0.0205153 -0.01441507
0.003 -0.01438419 -0.008524954
0.0035 -0.008533393 -0.0029107258
0.004 -0.002942815 0.0024560913
0.0045 0.002407369 0.0075990483
0.005 0.007545553 0.01253777
0.0055 0.01247627 0.017288819
0.006 0.0172053 0.021866359
0.0065 0.02174607 0.026282609
0.007 0.02612379 0.030548178
0.0075 0.03034479 0.034672447
0.008 0.03440598 0.038663633
0.0085 0.03832499 0.042529024
0.009 0.04209891 0.046275266
0.0095 0.04574726 0.04990823
0.01 0.04928343 0.05343335
0.0105 0.05271301 0.056855477
0.011 0.05603956 0.06017915
0.0115 0.05926636 0.06340852
0.012 0.06239678 0.06654746
0.0125 0.06543534 0.06959941
0.013 0.06838761 0.07256783
0.0135 0.07125284 0.07545581
0.014 0.07403391 0.078266196
0.0145 0.07673454 0.081001766
0.015 0.07935852 0.083665214
0.0155 0.08190903 0.086259015
0.016 0.08438901 0.08878537
0.0165 0.08680135 0.09124664
0.017 0.08914877 0.093644924
0.0175 0.09143357 0.09598223
0.018 0.09365834 0.09826053
0.0185 0.09582547 0.10048167
0.019 0.09793715 0.10264742
0.0195 0.09999572 0.10475951
0.02 0.1019637 0.10681962
0.0205 0.1037692 0.10882934
0.021 0.1055374 0.11079023
0.0215 0.1072968 0.11270375
0.022 0.1090476 0.11457118
0.0225 0.1107838 0.116393976
0.023 0.1125 0.11817358
0.0235 0.1141915 0.11991117
0.024 0.1158553 0.12160798
0.0245 0.1174905 0.123265244
0.025 0.1190962 0.12488406
0.0255 0.1206717 0.12646559
0.026 0.1222166 0.12801087
0.0265 0.1237311 0.12952092
0.027 0.1252153 0.13099691
0.0275 0.1266696 0.13243958
0.028 0.1280946 0.13385007
0.0285 0.1294907 0.13522911
0.029 0.1308588 0.13657776
0.0295 0.1321995 0.13789678
0.03 0.1335131 0.13918704
0.0305 0.134799 0.14044929
0.031 0.1360597 0.14168432
0.0315 0.1372962 0.14289293
0.032 0.1385091 0.14407578
0.0325 0.139699 0.14523357
0.033 0.1408665 0.1463671
0.0335 0.1420121 0.14747688
0.034 0.1431363 0.14856368
0.0345 0.1442399 0.14962804
0.035 0.1453232 0.15067056
0.0355 0.146371 0.15169182
0.036 0.1473775 0.15269238
0.0365 0.1483667 0.15367281
0.037 0.1493457 0.15463355
0.0375 0.150309 0.15557525
0.038 0.1512317 0.15649834
0.0385 0.1521358 0.15740335
0.039 0.1530344 0.15829062
0.0395 0.1539286 0.15916073
0.04 0.154817 0.16001403
0.0405 0.1556975 0.16085097
0.041 0.1565687 0.16167188
0.0415 0.1574295 0.16247731
0.042 0.1582788 0.16326758
0.0425 0.1591162 0.16404304
0.043 0.1599407 0.16480401
0.0435 0.1607496 0.16555095
0.044 0.161546 0.16628408
0.0445 0.1623309 0.16700378
0.045 0.1631033 0.16771042
0.0455 0.1638639 0.16840428
0.046 0.1646131 0.16908565
0.0465 0.1653511 0.1697548
0.047 0.1660778 0.17041206
0.0475 0.1667931 0.17105761
0.048 0.1674974 0.17169183
0.0485 0.168191 0.17231497
0.049 0.1688739 0.1729272
0.0495 0.1695464 0.17352885
0.05 0.1702086 0.17412013
0.0505 0.1708606 0.1747013
0.051 0.1715027 0.17527252
0.0515 0.172135 0.175834
0.052 0.1727576 0.176386
0.0525 0.1733707 0.17692873
0.053 0.173923 0.17746237
0.0535 0.1743051 0.1779871
0.054 0.1747027 0.17850316
0.0545 0.1749618 0.17901069
0.055 0.1752835 0.17950988
0.0555 0.175689 0.1800009
0.056 0.1761563 0.18048391
0.0565 0.1766657 0.18095908
0.057 0.1772028 0.18142661
0.0575 0.1777567 0.18188661
0.058 0.1783195 0.18233922
0.0585 0.1788855 0.18278465
0.059 0.1794505 0.18322298
0.0595 0.1800114 0.18365434
0.06 0.1805657 0.1840789
0.0605 0.1811121 0.18449682
0.061 0.1816498 0.18490821
0.0615 0.1821782 0.18531325
0.062 0.182697 0.18571192
0.0625 0.1831882 0.1861045
0.063 0.1836441 0.18649104
0.0635 0.184092 0.18687162
0.064 0.1845267 0.1872463
0.0645 0.1849509 0.18761533
0.065 0.1853759 0.1879788
0.0655 0.1858014 0.18833667
0.066 0.1862261 0.18868923
0.0665 0.1866473 0.18903652
0.067 0.1870595 0.18937853
0.0675 0.1874674 0.18971545
0.068 0.1878723 0.19004735
0.0685 0.1882736 0.19037431
0.069 0.1886705 0.19069639
0.0695 0.1890627 0.19101372
0.07 0.1894496 0.19132644
0.0705 0.1898125 0.19163457
0.071 0.1901521 0.19193813
0.0715 0.1904878 0.19223732
0.072 0.1908177 0.19253203
0.0725 0.1911484 0.19282258
0.073 0.1914818 0.19310886
0.0735 0.1918166 0.19339103
0.074 0.1921514 0.19366914
0.0745 0.1924848 0.19394326
0.075 0.1928158 0.19421345
0.0755 0.1931417 0.19447976
0.076 0.1934371 0.19474232
0.0765 0.1937171 0.1950011
0.077 0.1939989 0.1952563
0.0775 0.1942853 0.19550782
0.078 0.1945752 0.19575581
0.0785 0.194867 0.19600037
0.079 0.195159 0.19624141
0.0795 0.1954502 0.19647908
0.08 0.1957396 0.19671339
0.0805 0.1960266 0.19694439
0.081 0.1963108 0.1971722
0.0815 0.1965918 0.19739687
0.082 0.1968694 0.19761845
0.0825 0.1971434 0.19783694
0.083 0.1974137 0.19805235
0.0835 0.1976654 0.19826484
0.084 0.1978884 0.19847435
0.0845 0.1981078 0.19868097
0.085 0.1983321 0.19888479
0.0855 0.1985613 0.19908583
0.086 0.198788 0.19928405
0.0865 0.199015 0.19947961
0.087 0.1992445 0.19967246
0.0875 0.1994753 0.19986269
0.088 0.1997062 0.20005038
0.0885 0.1999363 0.20023543
0.089 0.200165 0.20041808
0.0895 0.2003917 0.20059824
0.09 0.2006162 0.20077592
0.0905 0.2008382 0.20095119
0.091 0.2010187 0.20112413
0.0915 0.2009923 0.20129466
0.092 0.2010065 0.20146301
0.0925 0.2010867 0.20162904
0.093 0.2012166 0.2017928
0.0935 0.2013814 0.2019544
0.094 0.2015701 0.2021138
0.0945 0.2017748 0.20227113
0.095 0.2019895 0.2024264
0.0955 0.20221 0.20257959
0.096 0.202433 0.20273069
0.0965 0.2026563 0.20287979
0.097 0.2028783 0.20302692
0.0975 0.2030979 0.20317215
0.098 0.2033142 0.2033154
0.0985 0.2035267 0.20345682
0.099 0.2037352 0.2035963
0.0995 0.2039393 0.20373401
0.1 0.204139 0.19538671
0.1005 0.1923614 0.18742985
0.101 0.181938 0.17986566
0.1015 0.1743141 0.17268905
0.102 0.1678016 0.16588959
0.1025 0.1618095 0.15945348
0.103 0.1561661 0.1533648
0.1035 0.1508151 0.14760643
0.104 0.1457305 0.14216086
0.1045 0.1408947 0.13701057
0.105 0.136293 0.13213846
0.1055 0.1319123 0.12752792
0.106 0.1277403 0.1231631
0.1065 0.1237659 0.11902899
0.107 0.1199783 0.11511143
0.1075 0.1163676 0.11139705
0.108 0.1129246 0.10787348
0.1085 0.1096405 0.104528956
0.109 0.1065071 0.101352714
0.1095 0.1035167 0.0983345
0.11 0.1006622 0.09546503
0.1105 0.09793669 0.09273552
0.111 0.0953339 0.09013776
0.1115 0.09284781 0.08766436
0.112 0.09047282 0.08530819
0.1125 0.08820364 0.08306279
0.113 0.08603529 0.08092203
0.1135 0.08396308 0.07888036
0.114 0.08198262 0.07693254
0.1145 0.08008974 0.07507368
0.115 0.07828054 0.07329922
0.1155 0.0765513 0.07160502
0.116 0.07489857 0.06998708
0.1165 0.07331903 0.06844183
0.117 0.07180959 0.06696575
0.1175 0.07036731 0.065555744
0.118 0.06898941 0.06420883
0.1185 0.06767328 0.06292208
0.119 0.06641642 0.061693095
0.1195 0.06521648 0.06051936
0.12 0.06407124 0.059398614
0.1205 0.06297858 0.05832871
0.121 0.06193649 0.057307564
0.1215 0.06094309 0.056333326
0.122 0.05999655 0.05540424
0.1225 0.05909517 0.054518722
0.123 0.05823732 0.053675078
0.1235 0.05742145 0.052871935
0.124 0.05664607 0.052107833
0.1245 0.0559098 0.05138146
0.125 0.05521129 0.05069145
0.1255 0.05454927 0.05003681
0.126 0.05392252 0.049416415
0.1265 0.05332988 0.048828952
0.127 0.05277026 0.048273824
0.1275 0.05224258 0.04774969
0.128 0.05174585 0.047255836
0.1285 0.0512791 0.046791278
0.129 0.0508414 0.04635545
0.1295 0.05043187 0.045947246
0.13 0.05004967 0.045566015
0.1305 0.04969399 0.0452111
0.131 0.04936405 0.044881694
0.1315 0.0490591 0.044577323
0.132 0.04877844 0.04429709
0.1325 0.04852138 0.044040613
0.133 0.04828726 0.0438072
0.1335 0.04807545 0.0435962
0.134 0.04788533 0.043407224
0.1345 0.04771633 0.043239705
0.135 0.04756788 0.04309299
0.1355 0.04743944 0.042966716
0.136 0.04733049 0.04286044
0.1365 0.04724052 0.042773597
0.137 0.04716906 0.042705826
0.1375 0.04711564 0.042656653
0.138 0.04707981 0.042625748
0.1385 0.04706114 0.042612456
0.139 0.04705921 0.042616628
0.1395 0.04707362 0.04263773
0.14 0.04710398 0.04267537
0.1405 0.0471499 0.04272922
0.141 0.04721104 0.04279893
0.1415 0.04728702 0.042884223
0.142 0.04737752 0.042984717
0.1425 0.04748221 0.04310008
0.143 0.04760075 0.04322984
0.1435 0.04773285 0.043373905
0.144 0.0478782 0.043531798
0.1445 0.04803652 0.04370322
0.145 0.04820751 0.043887995
0.1455 0.04839091 0.044085644
0.146 0.04858645 0.04429605
0.1465 0.04879387 0.04451876
0.147 0.04901292 0.044753753
0.1475 0.04924337 0.045000546
0.148 0.04948496 0.04525899
0.1485 0.04973748 0.04552882
0.149 0.0500007 0.04580971
0.1495 0.05027441 0.046101473
0.15 0.05055839 0.046403907
0.1505 0.05085243 0.046716683
0.151 0.05115634 0.04703959
0.1515 0.05146993 0.047372423
0.152 0.051793 0.047715
0.1525 0.05212536 0.048067056
0.153 0.05246685 0.04842829
0.1535 0.05281728 0.048798703
0.154 0.05317649 0.049177907
0.1545 0.0535443 0.049565636
0.155 0.05392056 0.049961977
0.1555 0.05430511 0.050366543
0.156 0.05469779 0.050779127
0.1565 0.05509845 0.051199667
0.157 0.05550694 0.051627837
0.1575 0.05592313 0.052063577
0.158 0.05634687 0.05250659
0.1585 0.05677802 0.052956782
0.159 0.05721645 0.05341404
0.1595 0.05766203 0.05387821
0.16 0.05811463 0.054348968
0.1605 0.05857413 0.054826222
0.161 0.0590404 0.055309914
0.1615 0.05951333 0.055799805
0.162 0.05999279 0.056295745
0.1625 0.06047869 0.056797586
0.163 0.06097089 0.05730524
0.1635 0.06146931 0.057818554
0.164 0.06197382 0.058337353
0.1645 0.06246581 0.058861576
0.165 0.06290548 0.059391014
0.1655 0.0633665 0.05992555
0.166 0.06385374 0.06046512
0.1665 0.06436235 0.06100946
0.167 0.06488797 0.061558716
0.1675 0.06542732 0.062112473
0.168 0.0659779 0.06267082
0.1685 0.06653787 0.06323358
0.169 0.06710579 0.063800655
0.1695 0.06768061 0.06437188
0.17 0.06826144 0.06494715
0.1705 0.06884771 0.06552636
0.171 0.06943895 0.06610944
0.1715 0.07003484 0.06669646
0.172 0.0706351 0.06728702
0.1725 0.07123954 0.06788122
0.173 0.07184801 0.068478905
0.1735 0.07246041 0.06908005
0.174 0.07307664 0.06968444
0.1745 0.07369659 0.07029202
0.175 0.07432022 0.07090285
0.1755 0.07494745 0.071516775
0.176 0.07557824 0.07213368
0.1765 0.07620915 0.07275345
0.177 0.07683502 0.07337602
0.1775 0.07746232 0.074001454
0.178 0.07808945 0.07462939
0.1785 0.07872139 0.075260036
0.179 0.07935932 0.075893246
0.1795 0.08000312 0.07652884
0.18 0.08065247 0.07716688
0.1805 0.08130703 0.07780727
0.181 0.08196651 0.07844996
0.1815 0.08263063 0.07909476
0.182 0.08329914 0.07974183
0.1825 0.08397182 0.08039086
0.183 0.08464847 0.081041925
0.1835 0.08532892 0.08169498
0.184 0.08601301 0.08234989
0.1845 0.08670058 0.0830067
0.185 0.08739151 0.083665274
0.1855 0.08808568 0.08432569
0.186 0.08878298 0.08498772
0.1865 0.08948332 0.08565136
0.187 0.09017892 0.08631664
0.1875 0.09086909 0.086983465
0.188 0.09156372 0.08765178
0.1885 0.09226418 0.08832156
0.189 0.09297022 0.08899271
0.1895 0.09368127 0.08966523
0.19 0.09439678 0.09033903
0.1905 0.09511627 0.09101417
0.191 0.09583933 0.0916905
0.1915 0.09656565 0.09236794
0.192 0.09726328 0.0930466
0.1925 0.09786798 0.09372636
0.193 0.09849798 0.09440719
0.1935 0.09916403 0.09508901
0.194 0.09985912 0.09577193
0.1945 0.1005763 0.096455716
0.195 0.1013101 0.09714051
0.1955 0.1020564 0.097826086
0.196 0.1028121 0.09851249
0.1965 0.1035749 0.099199794
0.197 0.1043429 0.09988787
0.1975 0.1051147 0.10057672
0.198 0.1058858 0.10126623
0.1985 0.1066479 0.10195645
0.199 0.1074105 0.10264733
0.1995 0.1081778 0.10333889
0.2 0.1089498 0.100910686
0.2005 0.1038731 0.09850588
0.201 0.0994198 0.09612467
0.2015 0.09610773 0.09376719
0.202 0.09317307 0.09143367
0.2025 0.09038382 0.089124106
0.203 0.08767976 0.086838864
0.2035 0.08504355 0.08457788
0.204 0.08246877 0.082341395
0.2045 0.07995211 0.08012941
0.205 0.07749134 0.077942036
0.2055 0.07508461 0.0757794
0.206 0.07273028 0.07364153
0.2065 0.07042681 0.0715284
0.207 0.06817274 0.06944021
0.2075 0.06596665 0.067376845
0.208 0.06380717 0.065338396
0.2085 0.06169298 0.06332471
0.209 0.05962278 0.061335973
0.2095 0.05759535 0.05937197
0.21 0.05560946 0.057432882
0.2105 0.05366397 0.05551853
0.211 0.05175775 0.053628884
0.2115 0.0498897 0.051763915
0.212 0.0480588 0.049923502
0.2125 0.04626402 0.048107587
0.213 0.04450439 0.04631611
0.2135 0.04277897 0.04454889
0.214 0.04108686 0.042805932
0.2145 0.03942718 0.041087024
0.215 0.03779909 0.039392017
0.2155 0.03620178 0.03772088
0.216 0.03463447 0.03607347
0.2165 0.03309639 0.03444957
0.217 0.03158683 0.032849066
0.2175 0.03010507 0.031271778
0.218 0.02865044 0.029717587
0.2185 0.02722228 0.028186314
0.219 0.02581996 0.02667781
0.2195 0.02444286 0.025191836
0.22 0.0230904 0.023728244
0.2205 0.02176199 0.022286735
0.221 0.0204571 0.02086725
0.2215 0.01917517 0.019469552
0.222 0.01791569 0.01809346
0.2225 0.01667816 0.016738705
0.223 0.0154621 0.015405141
0.2235 0.01426702 0.0140924975
0.224 0.01309247 0.012800626
0.2245 0.01193801 0.011529319
0.225 0.0108032 0.010278277
0.2255 0.009687628 0.009047382
0.226 0.008590887 0.007836305
0.2265 0.007512581 0.006644927
0.227 0.006452326 0.005472891
0.2275 0.00540975 0.0043201074
0.228 0.004384489 0.0031862482
0.2285 0.003376191 0.0020711645
0.229 0.002384512 0.0009745583
0.2295 0.001409118 -0.00010377914
0.23 0.0004496839 -0.001164116
0.2305 -0.0004941079 -0.002206631
0.231 -0.001422566 -0.003231503
0.2315 -0.002335991 -0.00423909
0.232 -0.003234675 -0.00522954
0.2325 -0.004118906 -0.0062031224
0.233 -0.004988962 -0.007160045
0.2335 -0.005845115 -0.008100517
0.234 -0.006687629 -0.009024836
0.2345 -0.007516764 -0.009933181
0.235 -0.008332772 -0.010825761
0.2355 -0.0091359 -0.011702843
0.236 -0.009926389 -0.012564637
0.2365 -0.01070447 -0.01341141
0.237 -0.01147038 -0.014243312
0.2375 -0.01222434 -0.015060611
0.238 -0.01296657 -0.015863486
0.2385 -0.01369729 -0.016652219
0.239 -0.01441669 -0.01742699
0.2395 -0.01512499 -0.018187933
0.24 -0.01582239 -0.01893545
0.2405 -0.01650908 -0.01966963
0.241 -0.01718526 -0.020390667
0.2415 -0.01785111 -0.021098845
0.242 -0.01850681 -0.021794297
0.2425 -0.01915255 -0.022477306
0.243 -0.01978849 -0.023148052
0.2435 -0.02041482 -0.023806684
0.244 -0.02103169 -0.024453439
0.2445 -0.02163928 -0.025088526
0.245 -0.02223774 -0.02571211
0.2455 -0.02282723 -0.026324429
0.246 -0.0234079 -0.026925601
0.2465 -0.02397991 -0.027515896
0.247 -0.02454341 -0.028095461
0.2475 -0.02509853 -0.028664507
0.248 -0.02564543 -0.029223166
0.2485 -0.02618423 -0.029771678
0.249 -0.02671508 -0.030310176
0.2495 -0.02723811 -0.030838855
0.25 -0.02775345 -0.031357877
0.2505 -0.02826123 -0.031867422
0.251 -0.02876157 -0.0323677
0.2515 -0.02925459 -0.032858826
0.252 -0.02974043 -0.033341013
0.2525 -0.03021919 -0.033814378
0.253 -0.03069099 -0.03427907
0.2535 -0.03115595 -0.03473533
0.254 -0.03161418 -0.03518323
0.2545 -0.03206578 -0.035623007
0.255 -0.03251086 -0.036054723
0.2555 -0.03294954 -0.036478586
0.256 -0.03338191 -0.036894746
0.2565 -0.03380807 -0.037303306
0.257 -0.03422812 -0.037704475
0.2575 -0.03464217 -0.038098373
0.258 -0.0350503 -0.038485087
0.2585 -0.03545261 -0.03886483
0.259 -0.03584919 -0.039237686
0.2595 -0.03624014 -0.03960385
0.26 -0.03662554 -0.0399634
0.2605 -0.03700547 -0.04031647
0.261 -0.03738003 -0.04066322
0.2615 -0.0377493 -0.04100374
0.262 -0.03811336 -0.041338183
0.2625 -0.03847229 -0.041666664
0.263 -0.03882617 -0.041989304
0.2635 -0.03917508 -0.042306222
0.264 -0.0395191 -0.042617522
0.2645 -0.03985829 -0.04292331
0.265 -0.04019274 -0.043223716
0.2655 -0.04052252 -0.043518864
0.266 -0.0408477 -0.043808855
0.2665 -0.04116835 -0.044093825
0.267 -0.04148454 -0.044373818
0.2675 -0.04179633 -0.044648953
0.268 -0.04210379 -0.04491935
0.2685 -0.04240699 -0.04518514
0.269 -0.042706 -0.045446374
0.2695 -0.04300086 -0.04570315
0.27 -0.04329166 -0.045955606
0.2705 -0.04357844 -0.04620374
0.271 -0.04386127 -0.046447746
0.2715 -0.04414021 -0.046687685
0.272 -0.04441531 -0.046923615
0.2725 -0.04468663 -0.04715564
0.273 -0.04495423 -0.047383867
0.2735 -0.04521817 -0.04760834
0.274 -0.04547849 -0.04782916
0.2745 -0.04573525 -0.048046388
0.275 -0.0459885 -0.04826016
0.2755 -0.04623829 -0.048470445
0.276 -0.04648468 -0.048677407
0.2765 -0.04672772 -0.04888109
0.277 -0.04696744 -0.049081586
0.2775 -0.04720391 -0.049278907
0.278 -0.04743717 -0.04947322
0.2785 -0.04766726 -0.049664505
0.279 -0.04789423 -0.049852885
0.2795 -0.04811813 -0.05003836
0.28 -0.04833899 -0.05022105
0.2805 -0.04855688 -0.050400995
0.281 -0.04877182 -0.050578244
0.2815 -0.04898385 -0.050752856
0.282 -0.04919303 -0.050924905
0.2825 -0.04939939 -0.05109445
0.283 -0.04960298 -0.051261507
0.2835 -0.04980382 -0.05142618
0.284 -0.05000196 -0.051588483
0.2845 -0.05019745 -0.051748477
0.285 -0.05039031 -0.05190622
0.2855 -0.05058058 -0.052061744
0.286 -0.05076831 -0.05221512
0.2865 -0.05095352 -0.05236637
0.287 -0.05113625 -0.052515544
0.2875 -0.05131654 -0.052662693
0.288 -0.05149442 -0.052807845
0.2885 -0.05166993 -0.05295103
0.289 -0.0518431 -0.05309234
0.2895 -0.05201395 -0.053231753
0.29 -0.05218254 -0.05336935
0.2905 -0.05234887 -0.05350516
0.291 -0.052513 -0.053639196
0.2915 -0.05267494 -0.05377149
0.292 -0.05283473 -0.053902112
0.2925 -0.0529924 -0.05403105
0.293 -0.05314797 -0.054158382
0.2935 -0.05330148 -0.054284118
0.294 -0.05345296 -0.05440826
0.2945 -0.05360243 -0.054530896
0.295 -0.05374992 -0.054651998
0.2955 -0.05389547 -0.054771625
0.296 -0.05403908 -0.054889776
0.2965 -0.0541808 -0.05500651
0.297 -0.05432065 -0.055121846
0.2975 -0.05445865 -0.055235796
0.298 -0.05459483 -0.05534839
0.2985 -0.05472921 -0.055459626
0.299 -0.05486182 -0.055569567
0.2995 -0.05499269 -0.05567821
0.3 -0.05512183 -0.05578559
0.3005 -0.05524927 -0.055891715
0.301 -0.05537504 -0.055996604
0.3015 -0.05549916 -0.05610027
0.302 -0.05562164 -0.056202747
0.3025 -0.05574251 -0.05630406
0.303 -0.0558618 -0.056404196
0.3035 -0.05597952 -0.056503214
0.304 -0.0560957 -0.056601085
0.3045 -0.05621035 -0.056697868
0.305 -0.05632351 -0.05679355
0.3055 -0.05643518 -0.056888126
0.306 -0.05654539 -0.05698166
0.3065 -0.05665415 -0.057074137
0.307 -0.0567615 -0.05716557
0.3075 -0.05686744 -0.05725599
0.308 -0.05697199 -0.057345413
0.3085 -0.05707518 -0.05743382
0.309 -0.05717702 -0.05752123
0.3095 -0.05727754 -0.057607688
0.31 -0.05737674 -0.057693176
0.3105 -0.05747464 -0.057777695
0.311 -0.05757128 -0.057861306
0.3115 -0.05766665 -0.057943963
0.312 -0.05776077 -0.05802571
0.3125 -0.05785368 -0.058106534
0.313 -0.05794537 -0.058186464
0.3135 -0.05803587 -0.05826553
0.314 -0.05812519 -0.0583437
0.3145 -0.05821335 -0.058420993
0.315 -0.05830036 -0.058497436
0.3155 -0.05838625 -0.05857303
0.316 -0.05847101 -0.058647744
0.3165 -0.05855468 -0.05872164
0.317 -0.05863726 -0.058794744
0.3175 -0.05871877 -0.058866985
0.318 -0.05879922 -0.05893845
0.3185 -0.05887862 -0.059009083
0.319 -0.058957 -0.05907891
0.3195 -0.05903436 -0.059147976
0.32 -0.05911072 -0.059216253
0.3205 -0.05918609 -0.05928377
0.321 -0.05926048 -0.059350513
0.3215 -0.05933391 -0.059416495
0.322 -0.05940639 -0.059481733
0.3225 -0.05947793 -0.059546232
0.323 -0.05954855 -0.059609987
0.3235 -0.05961825 -0.059673004
0.324 -0.05968705 -0.059735306
0.3245 -0.05975496 -0.059796885
0.325 -0.05982199 -0.059857763
0.3255 -0.05988816 -0.05991792
0.326 -0.05995347 -0.059977382
0.3265 -0.06001794 -0.060036145
0.327 -0.06008158 -0.06009423
0.3275 -0.06014439 -0.06015163
0.328 -0.0602064 -0.060208358
0.3285 -0.0602676 -0.060264416
0.329 -0.06032802 -0.060319804
0.3295 -0.06038765 -0.060374558
0.33 -0.06044652 -0.06042864
0.3305 -0.06050463 -0.0604821
0.331 -0.06056199 -0.060534902
0.3315 -0.06061861 -0.060587086
0.332 -0.0606745 -0.06063863
0.3325 -0.06072968 -0.060689554
0.333 -0.06078414 -0.060739875
0.3335 -0.0608379 -0.060789563
0.334 -0.06089097 -0.060838662
0.3345 -0.06094335 -0.060887165
0.335 -0.06099506 -0.060935065
0.3355 -0.06104611 -0.060982376
0.336 -0.0610965 -0.061029106
0.3365 -0.06114624 -0.061075248
0.337 -0.06119535 -0.06112083
0.3375 -0.06124382 -0.06116586
0.338 -0.06129167 -0.06121032
0.3385 -0.0613389 -0.06125421
0.339 -0.06138553 -0.061297566
0.3395 -0.06143156 -0.06134036
0.34 -0.061477 -0.06138263
0.3405 -0.06152185 -0.061424345
0.341 -0.06156613 -0.061465554
0.3415 -0.06160984 -0.061506197
0.342 -0.06165299 -0.061546348
0.3425 -0.06169559 -0.061585985
0.343 -0.06173764 -0.061625108
0.3435 -0.06177915 -0.061663724
0.344 -0.06182013 -0.06170184
0.3445 -0.06186058 -0.061739467
0.345 -0.06190052 -0.061776616
0.3455 -0.06193994 -0.061813265
0.346 -0.06197886 -0.061849438
0.3465 -0.06201728 -0.061885133
0.347 -0.06205521 -0.061920375
0.3475 -0.06209265 -0.061955124
0.348 -0.06212961 -0.06198942
0.3485 -0.0621661 -0.062023267
0.349 -0.06220212 -0.062056683
0.3495 -0.06223768 -0.06208963
0.35 -0.06227279 -0.06212215
0.3505 -0.06230745 -0.062154233
0.351 -0.06234166 -0.06218587
0.3515 -0.06237543 -0.06221708
0.352 -0.06240878 -0.06224788
0.3525 -0.06244169 -0.062278256
0.353 -0.06247419 -0.062308215
0.3535 -0.06250627 -0.06233778
0.354 -0.06253794 -0.062366925
0.3545 -0.06256921 -0.062395684
0.355 -0.06260007 -0.06242405
0.3555 -0.06263055 -0.06245201
0.356 -0.06266063 -0.062479593
0.3565 -0.06269033 -0.0625068
0.357 -0.06271965 -0.06253363
0.3575 -0.06274859 -0.06256008
0.358 -0.06277717 -0.06258618
0.3585 -0.06280538 -0.062611885
0.359 -0.06283323 -0.062637255
0.3595 -0.06286072 -0.06266226
0.36 -0.06288786 -0.06268691
0.3605 -0.06291466 -0.06271121
0.361 -0.06294112 -0.06273517
0.3615 -0.06296723 -0.062758796
0.362 -0.06299302 -0.06278207
0.3625 -0.06301847 -0.062805034
0.363 -0.0630436 -0.06282767
0.3635 -0.06306842 -0.062849976
0.364 -0.06309291 -0.062871955
0.3645 -0.06311709 -0.06289364
0.365 -0.06314096 -0.06291501
0.3655 -0.06316453 -0.062936075
0.366 -0.0631878 -0.06295682
0.3665 -0.06321077 -0.06297727
0.367 -0.06323345 -0.06299742
0.3675 -0.06325584 -0.06301727
0.368 -0.06327795 -0.06303686
0.3685 -0.06329977 -0.06305616
0.369 -0.06332132 -0.06307517
0.3695 -0.06334259 -0.063093916
0.37 -0.06336359 -0.06311236
0.3705 -0.06338432 -0.063130565
0.371 -0.06340479 -0.063148476
0.3715 -0.063425 -0.063166134
0.372 -0.06344495 -0.063183516
0.3725 -0.06346464 -0.063200645
0.373 -0.06348409 -0.06321754
0.3735 -0.06350329 -0.06323418
0.374 -0.06352224 -0.06325056
0.3745 -0.06354096 -0.0632667
0.375 -0.06355943 -0.063282594
0.3755 -0.06357767 -0.06329824
0.376 -0.06359568 -0.0633137
0.3765 -0.06361346 -0.06332889
0.377 -0.06363101 -0.06334386
0.3775 -0.06364834 -0.06335861
0.378 -0.06366545 -0.06337315
0.3785 -0.06368234 -0.06338745
0.379 -0.06369902 -0.06340154
0.3795 -0.06371548 -0.06341542
0.38 -0.06373174 -0.063429095
0.3805 -0.06374779 -0.063442566
0.381 -0.06376363 -0.06345583
0.3815 -0.06377927 -0.06346889
0.382 -0.06379472 -0.06348174
0.3825 -0.06380997 -0.06349441
0.383 -0.06382502 -0.06350688
0.3835 -0.06383988 -0.06351915
0.384 -0.06385456 -0.06353126
0.3845 -0.06386905 -0.06354317
0.385 -0.06388335 -0.063554905
0.3855 -0.06389747 -0.06356644
0.386 -0.06391142 -0.063577816
0.3865 -0.06392518 -0.063589
0.387 -0.06393877 -0.063600026
0.3875 -0.06395219 -0.06361086
0.388 -0.06396544 -0.06362155
0.3885 -0.06397852 -0.06363208
0.389 -0.06399143 -0.063642435
0.3895 -0.06400418 -0.06365263
0.39 -0.06401677 -0.063662656
0.3905 -0.0640292 -0.06367255
0.391 -0.06404147 -0.06368228
0.3915 -0.06405359 -0.06369186
0.392 -0.06406555 -0.06370128
0.3925 -0.06407736 -0.06371054
0.393 -0.06408902 -0.06371967
0.3935 -0.06410053 -0.06372867
0.394 -0.06411189 -0.06373751
0.3945 -0.06412311 -0.06374623
0.395 -0.06413419 -0.06375481
0.3955 -0.06414513 -0.06376325
0.396 -0.06415593 -0.06377156
0.3965 -0.0641666 -0.06377975
0.397 -0.06417712 -0.063787796
0.3975 -0.06418752 -0.063795716
0.398 -0.06419778 -0.06380351
0.3985 -0.06420791 -0.0638112
0.399 -0.06421792 -0.06381875
0.3995 -0.06422779 -0.06382617
0.4 -0.06423754 -0.063833505
0.4005 -0.06424717 -0.063840695
0.401 -0.06425668 -0.06384779
0.4015 -0.06426606 -0.063854754
0.402 -0.06427533 -0.063861616
0.4025 -0.06428448 -0.06386838
0.403 -0.06429351 -0.06387502
0.4035 -0.06430243 -0.063881546
0.404 -0.06431124 -0.06388799
0.4045 -0.06431993 -0.06389431
0.405 -0.06432852 -0.06390054
0.4055 -0.06433699 -0.06390668
0.406 -0.06434536 -0.06391271
0.4065 -0.06435362 -0.06391864
0.407 -0.06436178 -0.063924484
0.4075 -0.06436984 -0.063930236
0.408 -0.06437779 -0.0639359
0.4085 -0.06438564 -0.06394145
0.409 -0.06439339 -0.06394694
0.4095 -0.06440105 -0.06395232
0.41 -0.0644086 -0.06395762
0.4105 -0.06441607 -0.063962825
0.411 -0.06442343 -0.06396796
0.4115 -0.06443071 -0.06397302
0.412 -0.06443789 -0.063977964
0.4125 -0.06444498 -0.06398285
0.413 -0.06445198 -0.06398767
0.4135 -0.06445889 -0.063992396
0.414 -0.06446572 -0.06399706
0.4145 -0.06447246 -0.064001635
0.415 -0.06447911 -0.06400613
0.4155 -0.06448568 -0.06401057
0.416 -0.06449216 -0.06401492
0.4165 -0.06449857 -0.0640192
0.417 -0.06450489 -0.064023435
0.4175 -0.06451113 -0.06402759
0.418 -0.0645173 -0.064031675
0.4185 -0.06452338 -0.064035684
0.419 -0.06452939 -0.06403964
0.4195 -0.06453533 -0.06404353
0.42 -0.06454118 -0.06404735
0.4205 -0.06454697 -0.06405111
0.421 -0.06455268 -0.06405481
0.4215 -0.06455832 -0.06405844
0.422 -0.06456389 -0.06406201
0.4225 -0.06456938 -0.06406553
0.423 -0.06457481 -0.06406901
0.4235 -0.06458017 -0.064072415
0.424 -0.06458546 -0.06407576
0.4245 -0.06459068 -0.06407904
0.425 -0.06459584 -0.064082295
0.4255 -0.06460093 -0.06408549
0.426 -0.06460596 -0.06408862
0.4265 -0.06461093 -0.0640917
0.427 -0.06461583 -0.06409474
0.4275 -0.06462067 -0.06409773
0.428 -0.06462545 -0.06410066
0.4285 -0.06463017 -0.064103544
0.429 -0.06463483 -0.064106375
0.4295 -0.06463943 -0.06410917
0.43 -0.06464397 -0.064111926
0.4305 -0.06464846 -0.06411462
0.431 -0.06465288 -0.06411728
0.4315 -0.06465726 -0.0641199
0.432 -0.06466157 -0.06412246
0.4325 -0.06466584 -0.064124994
0.433 -0.06467004 -0.06412748
0.4335 -0.0646742 -0.064129926
0.434 -0.0646783 -0.064132325
0.4345 -0.06468235 -0.06413469
0.435 -0.06468635 -0.06413701
0.4355 -0.0646903 -0.0641393
0.436 -0.0646942 -0.06414155
0.4365 -0.06469805 -0.064143755
0.437 -0.06470185 -0.06414593
0.4375 -0.06470561 -0.064148076
0.438 -0.06470932 -0.06415018
0.4385 -0.06471297 -0.064152256
0.439 -0.06471659 -0.06415428
0.4395 -0.06472016 -0.064156294
0.44 -0.06472368 -0.06415825
0.4405 -0.06472716 -0.0641602
0.441 -0.06473059 -0.06416209
0.4415 -0.06473398 -0.064163975
0.442 -0.06473733 -0.064165816
0.4425 -0.06474064 -0.064167626
0.443 -0.0647439 -0.064169414
0.4435 -0.06474712 -0.06417116
0.444 -0.06475031 -0.06417288
0.4445 -0.06475345 -0.06417457
0.445 -0.06475655 -0.06417624
0.4455 -0.06475961 -0.06417786
0.446 -0.06476264 -0.06417948
0.4465 -0.06476563 -0.06418107
0.447 -0.06476857 -0.0641826
0.4475 -0.06477149 -0.06418415
0.448 -0.06477436 -0.06418566
0.4485 -0.0647772 -0.06418713
0.449 -0.06478 -0.064188585
0.4495 -0.06478277 -0.06419002
0.45 -0.0647855 -0.064191416
0.4505 -0.0647882 -0.064192794
0.451 -0.06479087 -0.064194165
0.4515 -0.0647935 -0.0641955
0.452 -0.06479609 -0.0641968
0.4525 -0.06479866 -0.064198084
0.453 -0.06480119 -0.064199366
0.4535 -0.06480369 -0.06420062
0.454 -0.06480616 -0.06420185
0.4545 -0.0648086 -0.06420306
0.455 -0.06481101 -0.064204246
0.4555 -0.06481338 -0.064205416
0.456 -0.06481573 -0.06420657
0.4565 -0.06481805 -0.064207695
0.457 -0.06482033 -0.06420881
0.4575 -0.06482259 -0.06420989
0.458 -0.06482482 -0.06421096
0.4585 -0.06482703 -0.06421202
0.459 -0.0648292 -0.064213045
0.4595 -0.06483135 -0.06421408
0.46 -0.06483347 -0.06421507
0.4605 -0.06483556 -0.06421606
0.461 -0.06483763 -0.06421703
0.4615 -0.06483967 -0.064217985
0.462 -0.06484169 -0.06421893
0.4625 -0.06484368 -0.06421984
0.463 -0.06484564 -0.06422075
0.4635 -0.06484758 -0.064221635
0.464 -0.0648495 -0.06422251
0.4645 -0.06485139 -0.064223364
0.465 -0.06485326 -0.06422421
0.4655 -0.0648551 -0.06422505
0.466 -0.06485692 -0.06422585
0.4665 -0.06485872 -0.064226665
0.467 -0.06486049 -0.064227454
0.4675 -0.06486225 -0.06422824
0.468 -0.06486398 -0.064229004
0.4685 -0.06486569 -0.06422975
0.469 -0.06486738 -0.0642305
0.4695 -0.06486904 -0.06423122
0.47 -0.06487069 -0.06423194
0.4705 -0.06487231 -0.06423264
0.471 -0.06487392 -0.064233325
0.4715 -0.0648755 -0.064233996
0.472 -0.06487706 -0.06423467
0.4725 -0.06487861 -0.06423533
0.473 -0.06488013 -0.06423597
0.4735 -0.06488164 -0.064236596
0.474 -0.06488313 -0.06423722
0.4745 -0.06488459 -0.06423784
0.475 -0.06488604 -0.06423843
0.4755 -0.06488748 -0.06423903
0.476 -0.06488889 -0.06423963
0.4765 -0.06489028 -0.06424018
0.477 -0.06489166 -0.06424074
0.4775 -0.06489302 -0.06424129
0.478 -0.06489437 -0.06424184
0.4785 -0.06489569 -0.06424237
0.479 -0.064897 -0.06424291
0.4795 -0.0648983 -0.06424343
0.48 -0.06489957 -0.06424393
0.4805 -0.06490084 -0.06424442
0.481 -0.06490208 -0.06424491
0.4815 -0.06490331 -0.064245395
0.482 -0.06490452 -0.064245865
0.4825 -0.06490572 -0.064246334
0.483 -0.06490691 -0.064246796
0.4835 -0.06490808 -0.064247236
0.484 -0.06490923 -0.06424767
0.4845 -0.06491037 -0.06424811
0.485 -0.06491149 -0.06424854
0.4855 -0.06491261 -0.06424896
0.486 -0.0649137 -0.06424936
0.4865 -0.06491479 -0.06424978
0.487 -0.06491586 -0.064250186
0.4875 -0.06491691 -0.06425057
0.488 -0.06491795 -0.06425097
0.4885 -0.06491898 -0.06425133
0.489 -0.06492 -0.06425171
0.4895 -0.06492101 -0.06425208
0.49 -0.064922 -0.064252436
0.4905 -0.06492298 -0.06425279
0.491 -0.06492394 -0.064253144
0.4915 -0.0649249 -0.06425348
0.492 -0.06492584 -0.064253815
0.4925 -0.06492677 -0.06425415
0.493 -0.06492769 -0.06425448
0.4935 -0.0649286 -0.06425479
0.494 -0.06492949 -0.064255096
0.4945 -0.06493038 -0.06425541
0.495 -0.06493125 -0.064255714
0.4955 -0.06493211 -0.06425602
0.496 -0.06493297 -0.06425631
0.4965 -0.06493381 -0.06425659
0.497 -0.06493464 -0.06425688
0.4975 -0.06493546 -0.06425715
0.498 -0.06493627 -0.06425743
0.4985 -0.06493707 -0.06425769
0.499 -0.06493786 -0.06425795
0.4995 -0.06493864 -0.06425821
