0.0 -0.065 0.0013117455
0.0005 -0.065 -0.025701232
0.001 -0.065 -0.040687494
0.0015 -0.065 -0.048682027
0.002 -0.065 -0.05259335
0.0025 -0.065 -0.05414222
0.003 -0.065 -0.054356366
0.0035 -0.065 -0.0538496
0.004 -0.065 -0.0529854
0.0045 -0.065 -0.051975526
0.005 -0.065 -0.050939858
0.0055 -0.065 -0.049943075
0.006 -0.065 -0.04901717
0.0065 -0.065 -0.048175104
0.007 -0.065 -0.047419176
0.0075 -0.065 -0.04674591
0.008 -0.065 -0.04614915
0.0085 -0.065 -0.04562156
0.009 -0.065 -0.045155704
0.0095 -0.065 -0.04474452
0.01 -0.065 -0.04438153
0.0105 -0.065 -0.044060886
0.011 -0.065 -0.043777443
0.0115 -0.065 -0.043526664
0.012 -0.065 -0.043304607
0.0125 -0.065 -0.043107793
0.013 -0.065 -0.04293324
0.0135 -0.065 -0.042778306
0.014 -0.065 -0.042640686
0.0145 -0.065 -0.042518377
0.015 -0.065 -0.042409606
0.0155 -0.065 -0.042312846
0.016 -0.065 -0.042226747
0.0165 -0.065 -0.042150073
0.017 -0.065 -0.042081803
0.0175 -0.065 -0.042020977
0.018 -0.065 -0.041966774
0.0185 -0.065 -0.04191847
0.019 -0.065 -0.04187543
0.0195 -0.065 -0.04183706
0.02 -0.065 -0.041802853
0.0205 -0.065 -0.041772343
0.021 -0.065 -0.041745156
0.0215 -0.065 -0.041720897
0.022 -0.065 -0.04169926
0.0225 -0.065 -0.041679963
0.023 -0.065 -0.041662768
0.0235 -0.065 -0.04164742
0.024 -0.065 -0.041633725
0.0245 -0.065 -0.04162153
0.025 -0.065 -0.04161063
0.0255 -0.065 -0.04160092
0.026 -0.065 -0.041592248
0.0265 -0.065 -0.04158452
0.027 -0.065 -0.04157763
0.0275 -0.065 -0.041571476
0.028 -0.065 -0.041565984
0.0285 -0.065 -0.041561097
0.029 -0.065 -0.04155673
0.0295 -0.065 -0.04155284
0.03 -0.065 -0.04154937
0.0305 -0.065 -0.04154627
0.031 -0.065 -0.0415435
0.0315 -0.065 -0.04154104
0.032 -0.065 -0.04153885
0.0325 -0.065 -0.041536883
0.033 -0.065 -0.04153514
0.0335 -0.065 -0.041533574
0.034 -0.065 -0.04153218
0.0345 -0.065 -0.041530937
0.035 -0.065 -0.041529834
0.0355 -0.065 -0.041528836
0.036 -0.065 -0.041527957
0.0365 -0.065 -0.041527167
0.037 -0.065 -0.04152648
0.0375 -0.065 -0.04152585
0.038 -0.065 -0.04152529
0.0385 -0.065 -0.04152479
0.039 -0.065 -0.04152435
0.0395 -0.065 -0.041523963
0.04 -0.065 -0.041523598
0.0405 -0.065 -0.041523293
0.041 -0.065 -0.04152301
0.0415 -0.065 -0.041522756
0.042 -0.065 -0.041522533
0.0425 -0.065 -0.041522324
0.043 -0.065 -0.041522145
0.0435 -0.065 -0.04152198
0.044 -0.065 -0.041521855
0.0445 -0.065 -0.041521713
0.045 -0.065 -0.04152161
0.0455 -0.065 -0.041521505
0.046 -0.065 -0.041521415
0.0465 -0.065 -0.04152134
0.047 -0.065 -0.04152126
0.0475 -0.065 -0.0415212
0.048 -0.065 -0.04152114
0.0485 -0.065 -0.041521087
0.049 -0.065 -0.041521043
0.0495 -0.065 -0.041521005
0.05 -0.065 -0.041520968
0.0505 -0.065 -0.041520946
0.051 -0.065 -0.041520923
0.0515 -0.065 -0.041520894
0.052 -0.065 -0.041520864
0.0525 -0.065 -0.04152085
0.053 -0.065 -0.041520827
0.0535 -0.065 -0.04152081
0.054 -0.065 -0.041520804
0.0545 -0.065 -0.04152079
0.055 -0.065 -0.041520774
0.0555 -0.065 -0.041520767
0.056 -0.065 -0.04152076
0.0565 -0.065 -0.041520752
0.057 -0.065 -0.041520745
0.0575 -0.065 -0.041520737
0.058 -0.065 -0.04152073
0.0585 -0.065 -0.041520722
0.059 -0.065 -0.041520722
0.0595 -0.065 -0.041520715
0.06 -0.065 -0.041520715
0.0605 -0.065 -0.041520715
0.061 -0.065 -0.041520707
0.0615 -0.065 -0.041520715
0.062 -0.065 -0.041520715
0.0625 -0.065 -0.041520707
0.063 -0.065 -0.0415207
0.0635 -0.065 -0.0415207
0.064 -0.065 -0.0415207
0.0645 -0.065 -0.0415207
0.065 -0.065 -0.0415207
0.0655 -0.065 -0.0415207
0.066 -0.065 -0.0415207
0.0665 -0.065 -0.0415207
0.067 -0.065 -0.0415207
0.0675 -0.065 -0.0415207
0.068 -0.065 -0.0415207
0.0685 -0.065 -0.0415207
0.069 -0.065 -0.0415207
0.0695 -0.065 -0.0415207
0.07 -0.065 -0.0415207
0.0705 -0.065 -0.0415207
0.071 -0.065 -0.0415207
0.0715 -0.065 -0.0415207
0.072 -0.065 -0.0415207
0.0725 -0.065 -0.0415207
0.073 -0.065 -0.0415207
0.0735 -0.065 -0.0415207
0.074 -0.065 -0.0415207
0.0745 -0.065 -0.0415207
0.075 -0.065 -0.0415207
0.0755 -0.065 -0.0415207
0.076 -0.065 -0.0415207
0.0765 -0.065 -0.0415207
0.077 -0.065 -0.0415207
0.0775 -0.065 -0.0415207
0.078 -0.065 -0.0415207
0.0785 -0.065 -0.0415207
0.079 -0.065 -0.0415207
0.0795 -0.065 -0.0415207
0.08 -0.065 -0.0415207
0.0805 -0.065 -0.0415207
0.081 -0.065 -0.0415207
0.0815 -0.065 -0.0415207
0.082 -0.065 -0.0415207
0.0825 -0.065 -0.0415207
0.083 -0.065 -0.0415207
0.0835 -0.065 -0.0415207
0.084 -0.065 -0.0415207
0.0845 -0.065 -0.0415207
0.085 -0.065 -0.0415207
0.0855 -0.065 -0.0415207
0.086 -0.065 -0.0415207
0.0865 -0.065 -0.0415207
0.087 -0.065 -0.0415207
0.0875 -0.065 -0.0415207
0.088 -0.065 -0.0415207
0.0885 -0.065 -0.0415207
0.089 -0.065 -0.0415207
0.0895 -0.065 -0.0415207
0.09 -0.065 -0.0415207
0.0905 -0.065 -0.0415207
0.091 -0.065 -0.0415207
0.0915 -0.065 -0.0415207
0.092 -0.065 -0.0415207
0.0925 -0.065 -0.0415207
0.093 -0.065 -0.0415207
0.0935 -0.065 -0.0415207
0.094 -0.065 -0.0415207
0.0945 -0.065 -0.0415207
0.095 -0.065 -0.0415207
0.0955 -0.065 -0.0415207
0.096 -0.065 -0.0415207
0.0965 -0.065 -0.0415207
0.097 -0.065 -0.0415207
0.0975 -0.065 -0.0415207
0.098 -0.065 -0.0415207
0.0985 -0.065 -0.0415207
0.099 -0.065 -0.0415207
0.0995 -0.065 -0.0415207
0.1 -0.065 -0.042022258
0.1005 -0.05205612 -0.041776314
0.101 -0.03678555 -0.040824115
0.1015 -0.02642051 -0.0392213
0.102 -0.01935535 -0.03702964
0.1025 -0.01394585 -0.034312025
0.103 -0.009311454 -0.031129852
0.1035 -0.005023821 -0.027541444
0.104 -0.0008967279 -0.02360116
0.1045 0.003115461 -0.01935932
0.105 0.007031527 -0.014861867
0.1055 0.01091859 -0.010150507
0.106 0.01480548 -0.0052630156
0.1065 0.01868723 -0.00023336709
0.107 0.02255614 0.0049078614
0.1075 0.02642019 0.01013349
0.108 0.03027984 0.0154192895
0.1085 0.03413009 0.020743653
0.109 0.03796465 0.026087359
0.1095 0.0417781 0.031433657
0.11 0.04556702 0.036767647
0.1105 0.04932908 0.042076424
0.111 0.05306279 0.047348514
0.1115 0.05676717 0.052574083
0.112 0.06044165 0.057744607
0.1125 0.06408584 0.062852696
0.113 0.06769939 0.06789212
0.1135 0.07128201 0.07285763
0.114 0.07483355 0.07774471
0.1145 0.07835392 0.082549736
0.115 0.08184136 0.08726974
0.1155 0.08527853 0.0919023
0.116 0.08867512 0.096445605
0.1165 0.09204577 0.10089831
0.117 0.09539416 0.10525946
0.1175 0.09870711 0.109528646
0.118 0.1019618 0.11370544
0.1185 0.1051808 0.11779006
0.119 0.1083802 0.121782735
0.1195 0.1115629 0.12568413
0.12 0.1147258 0.12949495
0.1205 0.117865 0.1332161
0.121 0.1209769 0.13684858
0.1215 0.1240592 0.1403936
0.122 0.1271103 0.14385243
0.1225 0.1301113 0.14722647
0.123 0.1330368 0.15051712
0.1235 0.1359186 0.1537259
0.124 0.1387853 0.1568544
0.1245 0.1416428 0.15990414
0.125 0.1444868 0.1628768
0.1255 0.1473104 0.16577388
0.126 0.1501074 0.16859712
0.1265 0.1528743 0.17134811
0.127 0.1556091 0.1740285
0.1275 0.1583128 0.17664005
0.128 0.1609854 0.17918424
0.1285 0.1636157 0.18166278
0.129 0.1661922 0.18407725
0.1295 0.1687342 0.18642919
0.13 0.1712546 0.2524346
0.1305 0.1608096 0.2851677
0.131 0.1480025 0.29554808
0.1315 0.1400602 0.2917042
0.132 0.1353838 0.2793823
0.1325 0.1323292 0.26244214
0.133 0.1299979 0.24335372
0.1335 0.1279704 0.22362438
0.134 0.1260857 0.2041284
0.1345 0.1242714 0.18534206
0.135 0.1224912 0.16750124
0.1355 0.1207262 0.15070269
0.136 0.1189634 0.13496646
0.1365 0.1171978 0.12027308
0.137 0.1154309 0.10658443
0.1375 0.1136629 0.093855195
0.138 0.1118941 0.082038194
0.1385 0.1101245 0.07108705
0.139 0.1083547 0.060956784
0.1395 0.1065852 0.051603854
0.14 0.1048167 0.04298593
0.1405 0.1030497 0.03506162
0.141 0.1012852 0.027790204
0.1415 0.09952379 0.021131694
0.142 0.09776618 0.015046716
0.1425 0.09601307 0.009496748
0.143 0.09426511 0.004444234
0.1435 0.09252293 -0.00014724582
0.144 0.09078713 -0.0043127686
0.1445 0.08905826 -0.008085959
0.145 0.08733687 -0.011498757
0.1455 0.08562345 -0.014581464
0.146 0.08391848 -0.017362565
0.1465 0.0822224 -0.019868694
0.147 0.08053563 -0.022124693
0.1475 0.07885857 -0.02415362
0.148 0.07719158 -0.025976732
0.1485 0.07553502 -0.027613655
0.149 0.07388921 -0.029082373
0.1495 0.07225446 -0.030399315
0.15 0.07063104 -0.031579487
0.1505 0.06901922 -0.032636568
0.151 0.06741925 -0.03358294
0.1515 0.06583136 -0.034429863
0.152 0.06425575 -0.035187505
0.1525 0.06269262 -0.035865046
0.153 0.06114215 -0.036470786
0.1535 0.05960451 -0.037012182
0.154 0.05807984 -0.037495963
0.1545 0.05656828 -0.037928164
0.155 0.05506995 -0.038314223
0.1555 0.05358496 -0.038659006
0.156 0.05211342 -0.03896688
0.1565 0.0506554 -0.03924176
0.157 0.04921099 -0.03948716
0.1575 0.04778024 -0.039706208
0.158 0.04636322 -0.03990172
0.1585 0.04495996 -0.04007622
0.159 0.04357051 -0.040231943
0.1595 0.04219489 -0.04037091
0.16 0.04083312 -0.04049492
0.1605 0.03948521 -0.040605575
0.161 0.03815116 -0.040704295
0.1615 0.03683098 -0.04079239
0.162 0.03552465 -0.04087098
0.1625 0.03423215 -0.040941097
0.163 0.03295346 -0.04100366
0.1635 0.03168855 -0.041059457
0.164 0.03043739 -0.04110925
0.1645 0.02919993 -0.04115367
0.165 0.02797614 -0.04119329
0.1655 0.02676595 -0.041228622
0.166 0.02556932 -0.041260153
0.1665 0.02438618 -0.041288286
0.167 0.02321648 -0.04131338
0.1675 0.02206014 -0.04133576
0.168 0.02091711 -0.04135573
0.1685 0.01978729 -0.041373536
0.169 0.01867063 -0.041389428
0.1695 0.01756703 -0.0414036
0.17 0.01647641 -0.041416235
0.1705 0.01539869 -0.041427508
0.171 0.01433379 -0.041437574
0.1715 0.0132816 -0.04144655
0.172 0.01224205 -0.041454546
0.1725 0.01121503 -0.0414617
0.173 0.01020046 -0.04146807
0.1735 0.009198222 -0.04147374
0.174 0.008208231 -0.041478798
0.1745 0.007230384 -0.041483343
0.175 0.006264578 -0.041487373
0.1755 0.005310711 -0.041490965
0.176 0.004368679 -0.041494183
0.1765 0.003438377 -0.04149705
0.177 0.002519699 -0.041499592
0.1775 0.001612538 -0.041501865
0.178 0.0007167878 -0.041503906
0.1785 -0.0001676598 -0.041505717
0.179 -0.001040913 -0.041507326
0.1795 -0.001903081 -0.041508764
0.18 -0.002754273 -0.041510053
0.1805 -0.003594597 -0.041511208
0.181 -0.004424164 -0.04151222
0.1815 -0.005243084 -0.04151313
0.182 -0.006051465 -0.04151395
0.1825 -0.006849418 -0.041514695
0.183 -0.007637052 -0.041515335
0.1835 -0.008414477 -0.04151591
0.184 -0.009181803 -0.04151643
0.1845 -0.009939139 -0.041516885
0.185 -0.01068659 -0.041517295
0.1855 -0.01142428 -0.04151766
0.186 -0.01215229 -0.041517988
0.1865 -0.01287075 -0.04151827
0.187 -0.01357977 -0.041518524
0.1875 -0.01427944 -0.041518763
0.188 -0.01496987 -0.04151897
0.1885 -0.01565118 -0.041519158
0.189 -0.01632347 -0.041519314
0.1895 -0.01698683 -0.041519463
0.19 -0.01764139 -0.041519597
0.1905 -0.01828723 -0.04151971
0.191 -0.01892447 -0.04151983
0.1915 -0.0195532 -0.041519925
0.192 -0.02017353 -0.04152
0.1925 -0.02078556 -0.04152008
0.193 -0.02138938 -0.041520134
0.1935 -0.02198511 -0.041520186
0.194 -0.02257283 -0.041520238
0.1945 -0.02315265 -0.041520283
0.195 -0.02372466 -0.041520327
0.1955 -0.02428896 -0.041520357
0.196 -0.02484565 -0.041520394
0.1965 -0.02539481 -0.04152043
0.197 -0.02593655 -0.04152046
0.1975 -0.02647095 -0.04152049
0.198 -0.02699812 -0.041520514
0.1985 -0.02751814 -0.041520536
0.199 -0.02803109 -0.04152055
0.1995 -0.02853708 -0.041520566
0.2 -0.02903619 -0.04152058
0.2005 -0.02952851 -0.041520588
0.201 -0.03001412 -0.041520596
0.2015 -0.03049312 -0.04152061
0.202 -0.03096558 -0.041520618
0.2025 -0.0314316 -0.041520625
0.203 -0.03189125 -0.041520633
0.2035 -0.03234462 -0.04152064
0.204 -0.03279179 -0.04152064
0.2045 -0.03323284 -0.041520648
0.205 -0.03366785 -0.041520655
0.2055 -0.03409691 -0.041520655
0.206 -0.03452008 -0.041520655
0.2065 -0.03493745 -0.041520663
0.207 -0.0353491 -0.041520663
0.2075 -0.03575509 -0.041520663
0.208 -0.03615551 -0.04152067
0.2085 -0.03655043 -0.041520663
0.209 -0.03693992 -0.041520663
0.2095 -0.03732405 -0.04152067
0.21 -0.03770291 -0.04152067
0.2105 -0.03807654 -0.04152067
0.211 -0.03844504 -0.04152067
0.2115 -0.03880846 -0.04152067
0.212 -0.03916688 -0.04152067
0.2125 -0.03952035 -0.04152067
0.213 -0.03986896 -0.04152067
0.2135 -0.04021276 -0.04152067
0.214 -0.04055182 -0.04152067
0.2145 -0.0408862 -0.04152067
0.215 -0.04121597 -0.04152067
0.2155 -0.04154119 -0.04152067
0.216 -0.04186192 -0.04152067
0.2165 -0.04217823 -0.04152067
0.217 -0.04249016 -0.04152067
0.2175 -0.04279779 -0.04152067
0.218 -0.04310117 -0.04152067
0.2185 -0.04340036 -0.04152067
0.219 -0.04369542 -0.04152067
0.2195 -0.0439864 -0.04152067
0.22 -0.04427336 -0.04152067
0.2205 -0.04455635 -0.04152067
0.221 -0.04483544 -0.04152067
0.2215 -0.04511066 -0.04152067
0.222 -0.04538208 -0.04152067
0.2225 -0.04564975 -0.04152067
0.223 -0.04591372 -0.04152067
0.2235 -0.04617404 -0.04152067
0.224 -0.04643076 -0.04152067
0.2245 -0.04668394 -0.04152067
0.225 -0.04693361 -0.04152067
0.2255 -0.04717983 -0.04152067
0.226 -0.04742264 -0.04152067
0.2265 -0.0476621 -0.04152067
0.227 -0.04789825 -0.04152067
0.2275 -0.04813114 -0.04152067
0.228 -0.0483608 -0.04152067
0.2285 -0.04858729 -0.04152067
0.229 -0.04881065 -0.04152067
0.2295 -0.04903093 -0.04152067
0.23 -0.04924815 -0.04152067
0.2305 -0.04946238 -0.04152067
0.231 -0.04967365 -0.04152067
0.2315 -0.04988199 -0.04152067
0.232 -0.05008746 -0.04152067
0.2325 -0.05029009 -0.04152067
0.233 -0.05048992 -0.04152067
0.2335 -0.050687 -0.04152067
0.234 -0.05088135 -0.04152067
0.2345 -0.05107301 -0.04152067
0.235 -0.05126203 -0.04152067
0.2355 -0.05144844 -0.04152067
0.236 -0.05163228 -0.04152067
0.2365 -0.05181358 -0.04152067
0.237 -0.05199238 -0.04152067
0.2375 -0.05216871 -0.04152067
0.238 -0.05234261 -0.04152067
0.2385 -0.05251411 -0.04152067
0.239 -0.05268324 -0.04152067
0.2395 -0.05285005 -0.04152067
0.24 -0.05301455 -0.04152067
0.2405 -0.05317679 -0.04152067
0.241 -0.05333679 -0.04152067
0.2415 -0.05349458 -0.04152067
0.242 -0.0536502 -0.04152067
0.2425 -0.05380368 -0.04152067
0.243 -0.05395505 -0.04152067
0.2435 -0.05410433 -0.04152067
0.244 -0.05425156 -0.04152067
0.2445 -0.05439676 -0.04152067
0.245 -0.05453996 -0.04152067
0.2455 -0.05468119 -0.04152067
0.246 -0.05482048 -0.04152067
0.2465 -0.05495786 -0.04152067
0.247 -0.05509334 -0.04152067
0.2475 -0.05522697 -0.04152067
0.248 -0.05535875 -0.04152067
0.2485 -0.05548873 -0.04152067
0.249 -0.05561692 -0.04152067
0.2495 -0.05574336 -0.04152067
0.25 -0.05586805 -0.04152067
0.2505 -0.05599104 -0.04152067
0.251 -0.05611233 -0.04152067
0.2515 -0.05623196 -0.04152067
0.252 -0.05634996 -0.04152067
0.2525 -0.05646633 -0.04152067
0.253 -0.05658111 -0.04152067
0.2535 -0.05669431 -0.04152067
0.254 -0.05680597 -0.04152067
0.2545 -0.05691609 -0.04152067
0.255 -0.05702471 -0.04152067
0.2555 -0.05713184 -0.04152067
0.256 -0.0572375 -0.04152067
0.2565 -0.05734172 -0.04152067
0.257 -0.05744451 -0.04152067
0.2575 -0.0575459 -0.04152067
0.258 -0.05764589 -0.04152067
0.2585 -0.05774453 -0.04152067
0.259 -0.05784181 -0.04152067
0.2595 -0.05793776 -0.04152067
0.26 -0.05803241 -0.04152067
0.2605 -0.05812576 -0.04152067
0.261 -0.05821784 -0.04152067
0.2615 -0.05830866 -0.04152067
0.262 -0.05839824 -0.04152067
0.2625 -0.0584866 -0.04152067
0.263 -0.05857375 -0.04152067
0.2635 -0.05865972 -0.04152067
0.264 -0.05874451 -0.04152067
0.2645 -0.05882815 -0.04152067
0.265 -0.05891065 -0.04152067
0.2655 -0.05899203 -0.04152067
0.266 -0.05907229 -0.04152067
0.2665 -0.05915147 -0.04152067
0.267 -0.05922957 -0.04152067
0.2675 -0.0593066 -0.04152067
0.268 -0.05938259 -0.04152067
0.2685 -0.05945755 -0.04152067
0.269 -0.05953148 -0.04152067
0.2695 -0.05960441 -0.04152067
0.27 -0.05967635 -0.04152067
0.2705 -0.05974732 -0.04152067
0.271 -0.05981732 -0.04152067
0.2715 -0.05988637 -0.04152067
0.272 -0.05995448 -0.04152067
0.2725 -0.06002167 -0.04152067
0.273 -0.06008795 -0.04152067
0.2735 -0.06015333 -0.04152067
0.274 -0.06021782 -0.04152067
0.2745 -0.06028144 -0.04152067
0.275 -0.0603442 -0.04152067
0.2755 -0.0604061 -0.04152067
0.276 -0.06046717 -0.04152067
0.2765 -0.06052742 -0.04152067
0.277 -0.06058684 -0.04152067
0.2775 -0.06064547 -0.04152067
0.278 -0.0607033 -0.04152067
0.2785 -0.06076035 -0.04152067
0.279 -0.06081663 -0.04152067
0.2795 -0.06087214 -0.04152067
0.28 -0.06092691 -0.04152067
0.2805 -0.06098094 -0.04152067
0.281 -0.06103424 -0.04152067
0.2815 -0.06108682 -0.04152067
0.282 -0.06113869 -0.04152067
0.2825 -0.06118986 -0.04152067
0.283 -0.06124034 -0.04152067
0.2835 -0.06129014 -0.04152067
0.284 -0.06133927 -0.04152067
0.2845 -0.06138774 -0.04152067
0.285 -0.06143555 -0.04152067
0.2855 -0.06148272 -0.04152067
0.286 -0.06152925 -0.04152067
0.2865 -0.06157516 -0.04152067
0.287 -0.06162045 -0.04152067
0.2875 -0.06166514 -0.04152067
0.288 -0.06170922 -0.04152067
0.2885 -0.0617527 -0.04152067
0.289 -0.06179561 -0.04152067
0.2895 -0.06183794 -0.04152067
0.29 -0.06187969 -0.04152067
0.2905 -0.06192089 -0.04152067
0.291 -0.06196154 -0.04152067
0.2915 -0.06200164 -0.04152067
0.292 -0.0620412 -0.04152067
0.2925 -0.06208023 -0.04152067
0.293 -0.06211874 -0.04152067
0.2935 -0.06215673 -0.04152067
0.294 -0.06219421 -0.04152067
0.2945 -0.06223119 -0.04152067
0.295 -0.06226767 -0.04152067
0.2955 -0.06230367 -0.04152067
0.296 -0.06233918 -0.04152067
0.2965 -0.06237422 -0.04152067
0.297 -0.06240879 -0.04152067
0.2975 -0.06244289 -0.04152067
0.298 -0.06247655 -0.04152067
0.2985 -0.06250975 -0.04152067
0.299 -0.0625425 -0.04152067
0.2995 -0.06257482 -0.04152067
0.3 -0.06260671 -0.04152067
0.3005 -0.06263817 -0.04152067
0.301 -0.06266921 -0.04152067
0.3015 -0.06269984 -0.04152067
0.302 -0.06273006 -0.04152067
0.3025 -0.06275987 -0.04152067
0.303 -0.06278929 -0.04152067
0.3035 -0.06281831 -0.04152067
0.304 -0.06284695 -0.04152067
0.3045 -0.06287521 -0.04152067
0.305 -0.06290309 -0.04152067
0.3055 -0.0629306 -0.04152067
0.306 -0.06295774 -0.04152067
0.3065 -0.06298452 -0.04152067
0.307 -0.06301094 -0.04152067
0.3075 -0.06303702 -0.04152067
0.308 -0.06306274 -0.04152067
0.3085 -0.06308812 -0.04152067
0.309 -0.06311317 -0.04152067
0.3095 -0.06313788 -0.04152067
0.31 -0.06316227 -0.04152067
0.3105 -0.06318633 -0.04152067
0.311 -0.06321007 -0.04152067
0.3115 -0.06323349 -0.04152067
0.312 -0.06325661 -0.04152067
0.3125 -0.06327941 -0.04152067
0.313 -0.06330192 -0.04152067
0.3135 -0.06332412 -0.04152067
0.314 -0.06334604 -0.04152067
0.3145 -0.06336766 -0.04152067
0.315 -0.06338899 -0.04152067
0.3155 -0.06341004 -0.04152067
0.316 -0.06343081 -0.04152067
0.3165 -0.06345131 -0.04152067
0.317 -0.06347154 -0.04152067
0.3175 -0.0634915 -0.04152067
0.318 -0.06351119 -0.04152067
0.3185 -0.06353062 -0.04152067
0.319 -0.0635498 -0.04152067
0.3195 -0.06356872 -0.04152067
0.32 -0.06358739 -0.04152067
0.3205 -0.06360582 -0.04152067
0.321 -0.063624 -0.04152067
0.3215 -0.06364194 -0.04152067
0.322 -0.06365964 -0.04152067
0.3225 -0.06367711 -0.04152067
0.323 -0.06369435 -0.04152067
0.3235 -0.06371136 -0.04152067
0.324 -0.06372815 -0.04152067
0.3245 -0.06374471 -0.04152067
0.325 -0.06376106 -0.04152067
0.3255 -0.06377719 -0.04152067
0.326 -0.06379311 -0.04152067
0.3265 -0.06380882 -0.04152067
0.327 -0.06382432 -0.04152067
0.3275 -0.06383961 -0.04152067
0.328 -0.06385471 -0.04152067
0.3285 -0.06386961 -0.04152067
0.329 -0.06388431 -0.04152067
0.3295 -0.06389881 -0.04152067
0.33 -0.06391313 -0.04152067
0.3305 -0.06392725 -0.04152067
0.331 -0.06394119 -0.04152067
0.3315 -0.06395495 -0.04152067
0.332 -0.06396853 -0.04152067
0.3325 -0.06398193 -0.04152067
0.333 -0.06399515 -0.04152067
0.3335 -0.0640082 -0.04152067
0.334 -0.06402107 -0.04152067
0.3345 -0.06403378 -0.04152067
0.335 -0.06404632 -0.04152067
0.3355 -0.06405869 -0.04152067
0.336 -0.06407091 -0.04152067
0.3365 -0.06408296 -0.04152067
0.337 -0.06409485 -0.04152067
0.3375 -0.06410659 -0.04152067
0.338 -0.06411817 -0.04152067
0.3385 -0.06412961 -0.04152067
0.339 -0.06414089 -0.04152067
0.3395 -0.06415202 -0.04152067
0.34 -0.06416301 -0.04152067
0.3405 -0.06417385 -0.04152067
0.341 -0.06418456 -0.04152067
0.3415 -0.06419512 -0.04152067
0.342 -0.06420554 -0.04152067
0.3425 -0.06421583 -0.04152067
0.343 -0.06422598 -0.04152067
0.3435 -0.064236 -0.04152067
0.344 -0.06424589 -0.04152067
0.3445 -0.06425565 -0.04152067
0.345 -0.06426528 -0.04152067
0.3455 -0.06427478 -0.04152067
0.346 -0.06428416 -0.04152067
0.3465 -0.06429342 -0.04152067
0.347 -0.06430256 -0.04152067
0.3475 -0.06431157 -0.04152067
0.348 -0.06432047 -0.04152067
0.3485 -0.06432925 -0.04152067
0.349 -0.06433792 -0.04152067
0.3495 -0.06434648 -0.04152067
0.35 -0.06435492 -0.04152067
0.3505 -0.06436325 -0.04152067
0.351 -0.06437148 -0.04152067
0.3515 -0.06437959 -0.04152067
0.352 -0.0643876 -0.04152067
0.3525 -0.06439551 -0.04152067
0.353 -0.06440331 -0.04152067
0.3535 -0.06441102 -0.04152067
0.354 -0.06441862 -0.04152067
0.3545 -0.06442612 -0.04152067
0.355 -0.06443352 -0.04152067
0.3555 -0.06444083 -0.04152067
0.356 -0.06444804 -0.04152067
0.3565 -0.06445516 -0.04152067
0.357 -0.06446219 -0.04152067
0.3575 -0.06446912 -0.04152067
0.358 -0.06447596 -0.04152067
0.3585 -0.06448272 -0.04152067
0.359 -0.06448938 -0.04152067
0.3595 -0.06449596 -0.04152067
0.36 -0.06450246 -0.04152067
0.3605 -0.06450887 -0.04152067
0.361 -0.06451519 -0.04152067
0.3615 -0.06452144 -0.04152067
0.362 -0.0645276 -0.04152067
0.3625 -0.06453368 -0.04152067
0.363 -0.06453969 -0.04152067
0.3635 -0.06454561 -0.04152067
0.364 -0.06455146 -0.04152067
0.3645 -0.06455723 -0.04152067
0.365 -0.06456293 -0.04152067
0.3655 -0.06456855 -0.04152067
0.366 -0.0645741 -0.04152067
0.3665 -0.06457958 -0.04152067
0.367 -0.06458499 -0.04152067
0.3675 -0.06459033 -0.04152067
0.368 -0.06459559 -0.04152067
0.3685 -0.06460079 -0.04152067
0.369 -0.06460592 -0.04152067
0.3695 -0.06461099 -0.04152067
0.37 -0.06461599 -0.04152067
0.3705 -0.06462092 -0.04152067
0.371 -0.06462579 -0.04152067
0.3715 -0.0646306 -0.04152067
0.372 -0.06463535 -0.04152067
0.3725 -0.06464003 -0.04152067
0.373 -0.06464465 -0.04152067
0.3735 -0.06464922 -0.04152067
0.374 -0.06465372 -0.04152067
0.3745 -0.06465817 -0.04152067
0.375 -0.06466255 -0.04152067
0.3755 -0.06466688 -0.04152067
0.376 -0.06467116 -0.04152067
0.3765 -0.06467538 -0.04152067
0.377 -0.06467954 -0.04152067
0.3775 -0.06468366 -0.04152067
0.378 -0.06468771 -0.04152067
0.3785 -0.06469172 -0.04152067
0.379 -0.06469567 -0.04152067
0.3795 -0.06469958 -0.04152067
0.38 -0.06470343 -0.04152067
0.3805 -0.06470723 -0.04152067
0.381 -0.06471098 -0.04152067
0.3815 -0.06471469 -0.04152067
0.382 -0.06471834 -0.04152067
0.3825 -0.06472195 -0.04152067
0.383 -0.06472552 -0.04152067
0.3835 -0.06472903 -0.04152067
0.384 -0.0647325 -0.04152067
0.3845 -0.06473593 -0.04152067
0.385 -0.06473931 -0.04152067
0.3855 -0.06474265 -0.04152067
0.386 -0.06474595 -0.04152067
0.3865 -0.0647492 -0.04152067
0.387 -0.06475241 -0.04152067
0.3875 -0.06475558 -0.04152067
0.388 -0.06475871 -0.04152067
0.3885 -0.0647618 -0.04152067
0.389 -0.06476485 -0.04152067
0.3895 -0.06476785 -0.04152067
0.39 -0.06477083 -0.04152067
0.3905 -0.06477376 -0.04152067
0.391 -0.06477665 -0.04152067
0.3915 -0.06477951 -0.04152067
0.392 -0.06478233 -0.04152067
0.3925 -0.06478511 -0.04152067
0.393 -0.06478786 -0.04152067
0.3935 -0.06479057 -0.04152067
0.394 -0.06479325 -0.04152067
0.3945 -0.06479589 -0.04152067
0.395 -0.0647985 -0.04152067
0.3955 -0.06480108 -0.04152067
0.396 -0.06480362 -0.04152067
0.3965 -0.06480613 -0.04152067
0.397 -0.06480861 -0.04152067
0.3975 -0.06481105 -0.04152067
0.398 -0.06481346 -0.04152067
0.3985 -0.06481585 -0.04152067
0.399 -0.0648182 -0.04152067
0.3995 -0.06482052 -0.04152067
0.4 -0.06482281 -0.04152067
0.4005 -0.06482508 -0.04152067
0.401 -0.06482731 -0.04152067
0.4015 -0.06482951 -0.04152067
0.402 -0.06483169 -0.04152067
0.4025 -0.06483384 -0.04152067
0.403 -0.06483596 -0.04152067
0.4035 -0.06483805 -0.04152067
0.404 -0.06484012 -0.04152067
0.4045 -0.06484216 -0.04152067
0.405 -0.06484417 -0.04152067
0.4055 -0.06484616 -0.04152067
0.406 -0.06484812 -0.04152067
0.4065 -0.06485006 -0.04152067
0.407 -0.06485197 -0.04152067
0.4075 -0.06485386 -0.04152067
0.408 -0.06485572 -0.04152067
0.4085 -0.06485756 -0.04152067
0.409 -0.06485938 -0.04152067
0.4095 -0.06486117 -0.04152067
0.41 -0.06486294 -0.04152067
0.4105 -0.06486469 -0.04152067
0.411 -0.06486641 -0.04152067
0.4115 -0.06486811 -0.04152067
0.412 -0.06486979 -0.04152067
0.4125 -0.06487145 -0.04152067
0.413 -0.06487309 -0.04152067
0.4135 -0.06487471 -0.04152067
0.414 -0.0648763 -0.04152067
0.4145 -0.06487788 -0.04152067
0.415 -0.06487943 -0.04152067
0.4155 -0.06488097 -0.04152067
0.416 -0.06488249 -0.04152067
0.4165 -0.06488398 -0.04152067
0.417 -0.06488546 -0.04152067
0.4175 -0.06488692 -0.04152067
0.418 -0.06488836 -0.04152067
0.4185 -0.06488978 -0.04152067
0.419 -0.06489118 -0.04152067
0.4195 -0.06489257 -0.04152067
0.42 -0.06489393 -0.04152067
0.4205 -0.06489528 -0.04152067
0.421 -0.06489661 -0.04152067
0.4215 -0.06489793 -0.04152067
0.422 -0.06489923 -0.04152067
0.4225 -0.06490051 -0.04152067
0.423 -0.06490178 -0.04152067
0.4235 -0.06490303 -0.04152067
0.424 -0.06490426 -0.04152067
0.4245 -0.06490548 -0.04152067
0.425 -0.06490668 -0.04152067
0.4255 -0.06490786 -0.04152067
0.426 -0.06490904 -0.04152067
0.4265 -0.06491019 -0.04152067
0.427 -0.06491133 -0.04152067
0.4275 -0.06491246 -0.04152067
0.428 -0.06491357 -0.04152067
0.4285 -0.06491467 -0.04152067
0.429 -0.06491576 -0.04152067
0.4295 -0.06491683 -0.04152067
0.43 -0.06491788 -0.04152067
0.4305 -0.06491893 -0.04152067
0.431 -0.06491996 -0.04152067
0.4315 -0.06492097 -0.04152067
0.432 -0.06492198 -0.04152067
0.4325 -0.06492297 -0.04152067
0.433 -0.06492395 -0.04152067
0.4335 -0.06492491 -0.04152067
0.434 -0.06492587 -0.04152067
0.4345 -0.06492681 -0.04152067
0.435 -0.06492774 -0.04152067
0.4355 -0.06492865 -0.04152067
0.436 -0.06492956 -0.04152067
0.4365 -0.06493045 -0.04152067
0.437 -0.06493134 -0.04152067
0.4375 -0.06493221 -0.04152067
0.438 -0.06493307 -0.04152067
0.4385 -0.06493392 -0.04152067
0.439 -0.06493476 -0.04152067
0.4395 -0.06493558 -0.04152067
0.44 -0.0649364 -0.04152067
0.4405 -0.06493721 -0.04152067
0.441 -0.06493801 -0.04152067
0.4415 -0.06493879 -0.04152067
0.442 -0.06493957 -0.04152067
0.4425 -0.06494033 -0.04152067
0.443 -0.06494109 -0.04152067
0.4435 -0.06494184 -0.04152067
0.444 -0.06494258 -0.04152067
0.4445 -0.0649433 -0.04152067
0.445 -0.06494402 -0.04152067
0.4455 -0.06494473 -0.04152067
0.446 -0.06494543 -0.04152067
0.4465 -0.06494613 -0.04152067
0.447 -0.06494681 -0.04152067
0.4475 -0.06494748 -0.04152067
0.448 -0.06494815 -0.04152067
0.4485 -0.0649488 -0.04152067
0.449 -0.06494945 -0.04152067
0.4495 -0.06495009 -0.04152067
0.45 -0.06495073 -0.04152067
0.4505 -0.06495135 -0.04152067
0.451 -0.06495197 -0.04152067
0.4515 -0.06495258 -0.04152067
0.452 -0.06495318 -0.04152067
0.4525 -0.06495377 -0.04152067
0.453 -0.06495436 -0.04152067
0.4535 -0.06495493 -0.04152067
0.454 -0.0649555 -0.04152067
0.4545 -0.06495607 -0.04152067
0.455 -0.06495662 -0.04152067
0.4555 -0.06495717 -0.04152067
0.456 -0.06495772 -0.04152067
0.4565 -0.06495825 -0.04152067
0.457 -0.06495878 -0.04152067
0.4575 -0.0649593 -0.04152067
0.458 -0.06495982 -0.04152067
0.4585 -0.06496033 -0.04152067
0.459 -0.06496083 -0.04152067
0.4595 -0.06496132 -0.04152067
0.46 -0.06496181 -0.04152067
0.4605 -0.0649623 -0.04152067
0.461 -0.06496277 -0.04152067
0.4615 -0.06496324 -0.04152067
0.462 -0.06496371 -0.04152067
0.4625 -0.06496417 -0.04152067
0.463 -0.06496462 -0.04152067
0.4635 -0.06496507 -0.04152067
0.464 -0.06496551 -0.04152067
0.4645 -0.06496595 -0.04152067
0.465 -0.06496638 -0.04152067
0.4655 -0.0649668 -0.04152067
0.466 -0.06496722 -0.04152067
0.4665 -0.06496764 -0.04152067
0.467 -0.06496805 -0.04152067
0.4675 -0.06496845 -0.04152067
0.468 -0.06496885 -0.04152067
0.4685 -0.06496924 -0.04152067
0.469 -0.06496963 -0.04152067
0.4695 -0.06497002 -0.04152067
0.47 -0.0649704 -0.04152067
0.4705 -0.06497077 -0.04152067
0.471 -0.06497114 -0.04152067
0.4715 -0.0649715 -0.04152067
0.472 -0.06497186 -0.04152067
0.4725 -0.06497222 -0.04152067
0.473 -0.06497257 -0.04152067
0.4735 -0.06497292 -0.04152067
0.474 -0.06497326 -0.04152067
0.4745 -0.0649736 -0.04152067
0.475 -0.06497393 -0.04152067
0.4755 -0.06497426 -0.04152067
0.476 -0.06497459 -0.04152067
0.4765 -0.06497491 -0.04152067
0.477 -0.06497522 -0.04152067
0.4775 -0.06497554 -0.04152067
0.478 -0.06497585 -0.04152067
0.4785 -0.06497615 -0.04152067
0.479 -0.06497645 -0.04152067
0.4795 -0.06497675 -0.04152067
0.48 -0.06497704 -0.04152067
0.4805 -0.06497733 -0.04152067
0.481 -0.06497762 -0.04152067
0.4815 -0.0649779 -0.04152067
0.482 -0.06497818 -0.04152067
0.4825 -0.06497846 -0.04152067
0.483 -0.06497873 -0.04152067
0.4835 -0.064979 -0.04152067
0.484 -0.06497926 -0.04152067
0.4845 -0.06497952 -0.04152067
0.485 -0.06497978 -0.04152067
0.4855 -0.06498004 -0.04152067
0.486 -0.06498029 -0.04152067
0.4865 -0.06498054 -0.04152067
0.487 -0.06498078 -0.04152067
0.4875 -0.06498103 -0.04152067
0.488 -0.06498127 -0.04152067
0.4885 -0.0649815 -0.04152067
0.489 -0.06498174 -0.04152067
0.4895 -0.06498197 -0.04152067
0.49 -0.06498219 -0.04152067
0.4905 -0.06498242 -0.04152067
0.491 -0.06498264 -0.04152067
0.4915 -0.06498286 -0.04152067
0.492 -0.06498308 -0.04152067
0.4925 -0.06498329 -0.04152067
0.493 -0.0649835 -0.04152067
0.4935 -0.06498371 -0.04152067
0.494 -0.06498391 -0.04152067
0.4945 -0.06498412 -0.04152067
0.495 -0.06498432 -0.04152067
0.4955 -0.06498451 -0.04152067
0.496 -0.06498471 -0.04152067
0.4965 -0.0649849 -0.04152067
0.497 -0.06498509 -0.04152067
0.4975 -0.06498528 -0.04152067
0.498 -0.06498547 -0.04152067
0.4985 -0.06498565 -0.04152067
0.499 -0.06498583 -0.04152067
0.4995 -0.06498601 -0.04152067
