0 -0.065
1 -0.06495461
2 -0.06479367
3 -0.06456662
4 -0.06430806
5 -0.06403049
6 -0.06373535
7 -0.06341515
8 -0.06307673
9 -0.06272516
10 -0.06236124
11 -0.06198133
12 -0.06157465
13 -0.06115002
14 -0.0607141
15 -0.06026823
16 -0.05981169
17 -0.05934337
18 -0.05886242
19 -0.05836828
20 -0.05786071
21 -0.05733965
22 -0.05680521
23 -0.05625755
24 -0.0556969
25 -0.05512351
26 -0.05453764
27 -0.05393937
28 -0.05332882
29 -0.05270636
30 -0.05207207
31 -0.0514263
32 -0.05076949
33 -0.05010206
34 -0.04942434
35 -0.04873658
36 -0.04803897
37 -0.04733168
38 -0.04661488
39 -0.04588873
40 -0.0451534
41 -0.04440908
42 -0.04365773
43 -0.04290162
44 -0.04213821
45 -0.04136557
46 -0.04058317
47 -0.03979132
48 -0.03899055
49 -0.03818142
50 -0.03736442
51 -0.03653992
52 -0.03570827
53 -0.03487133
54 -0.0340289
55 -0.03317986
56 -0.03232398
57 -0.03146137
58 -0.03059221
59 -0.02971674
60 -0.02883516
61 -0.02794767
62 -0.02705436
63 -0.02615543
64 -0.0252511
65 -0.02434161
66 -0.02342707
67 -0.02250765
68 -0.02158353
69 -0.02065474
70 -0.01972133
71 -0.01878345
72 -0.01784119
73 -0.01689468
74 -0.01594402
75 -0.01498932
76 -0.01403306
77 -0.01307874
78 -0.01212038
79 -0.01115556
80 -0.01018448
81 -0.009208024
82 -0.008227044
83 -0.007242188
84 -0.006253907
85 -0.005262485
86 -0.004268104
87 -0.003270895
88 -0.002270952
89 -0.001270376
90 -0.0002732208
91 0.000725702
92 0.001729637
93 0.002738934
94 0.00375285
95 0.004770511
96 0.005791211
97 0.006812387
98 0.007828864
99 0.008846362
100 0.009866111
101 0.01087517
102 0.01187975
103 0.01289258
104 0.0139165
105 0.01494985
106 0.01598868
107 0.01702309
108 0.01806003
109 0.01910314
110 0.02015169
111 0.02120405
112 0.02225883
113 0.02331508
114 0.02436848
115 0.02541323
116 0.02645987
117 0.0275117
118 0.02856822
119 0.02962816
120 0.03069041
121 0.0317542
122 0.03281908
123 0.03388476
124 0.03495113
125 0.03601812
126 0.03708547
127 0.03814592
128 0.03920174
129 0.04026068
130 0.04132484
131 0.04239343
132 0.04346505
133 0.0445386
134 0.04561306
135 0.04667896
136 0.04773779
137 0.0487992
138 0.04986612
139 0.05093731
140 0.05201186
141 0.05308899
142 0.05416794
143 0.05524806
144 0.05632892
145 0.05741025
146 0.05849189
147 0.05957375
148 0.06065582
149 0.06173808
150 0.06282055
151 0.06390296
152 0.06496412
153 0.0660093
154 0.06706161
155 0.06812691
156 0.06920327
157 0.0702871
158 0.07137531
159 0.07246574
160 0.07355706
161 0.07464849
162 0.07573966
163 0.07683039
164 0.07792066
165 0.07901049
166 0.08009995
167 0.08118911
168 0.08227792
169 0.08336626
170 0.08445426
171 0.08554211
172 0.08662993
173 0.08771773
174 0.08880549
175 0.08989329
176 0.09098116
177 0.09206913
178 0.09315718
179 0.0942453
180 0.09533355
181 0.09642195
182 0.09750758
183 0.098576
184 0.09963895
185 0.100708
186 0.1017854
187 0.1028696
188 0.1039583
189 0.1050495
190 0.1061421
191 0.107235
192 0.1083279
193 0.1094205
194 0.1105127
195 0.1116044
196 0.112695
197 0.1137845
198 0.1148731
199 0.1159609
200 0.1170481
201 0.1067766
202 0.09579506
203 0.08930013
204 0.08549803
205 0.08297392
206 0.08103284
207 0.07936781
208 0.07784648
209 0.0764114
210 0.07503696
211 0.07370937
212 0.07242319
213 0.07117738
214 0.06997096
215 0.06880295
216 0.06767256
217 0.06657913
218 0.06552215
219 0.0645012
220 0.06351591
221 0.06256594
222 0.061651
223 0.06077079
224 0.05992501
225 0.0591134
226 0.05833565
227 0.05759148
228 0.0568805
229 0.0562024
230 0.05555697
231 0.05494394
232 0.05436302
233 0.05381391
234 0.05329629
235 0.05280984
236 0.05235424
237 0.05192907
238 0.05153383
239 0.05116825
240 0.05083213
241 0.05052521
242 0.05024722
243 0.04999782
244 0.04977642
245 0.0495789
246 0.04940559
247 0.04925977
248 0.04914265
249 0.04905386
250 0.04899266
251 0.04895829
252 0.04895003
253 0.04896729
254 0.04900955
255 0.04907635
256 0.04916729
257 0.04928199
258 0.0494201
259 0.04958128
260 0.04976521
261 0.04997156
262 0.05020011
263 0.05045052
264 0.05072247
265 0.05101565
266 0.05132977
267 0.05166445
268 0.05201937
269 0.05239419
270 0.05278862
271 0.05320237
272 0.05363514
273 0.05408607
274 0.0545537
275 0.05503927
276 0.05554317
277 0.05606523
278 0.05660515
279 0.05716256
280 0.05773712
281 0.05832848
282 0.0589361
283 0.05955807
284 0.06017781
285 0.0608015
286 0.06144361
287 0.06210873
288 0.06279064
289 0.06348553
290 0.06419774
291 0.06492932
292 0.06567978
293 0.06644535
294 0.06722332
295 0.06801601
296 0.06882407
297 0.06964696
298 0.07048381
299 0.07133379
300 0.07219627
301 0.07306059
302 0.07387808
303 0.07456437
304 0.07520713
305 0.07585648
306 0.07651971
307 0.077189
308 0.07785462
309 0.07850893
310 0.07914692
311 0.07976561
312 0.08036156
313 0.08090849
314 0.08142326
315 0.08192096
316 0.08239969
317 0.08286415
318 0.08331733
319 0.08375812
320 0.08418394
321 0.08459243
322 0.08498007
323 0.08534284
324 0.08568346
325 0.08600461
326 0.08630704
327 0.08659052
328 0.08685447
329 0.08709846
330 0.08732224
331 0.0875257
332 0.08770885
333 0.08787174
334 0.08800068
335 0.08808063
336 0.08814336
337 0.08820048
338 0.08825146
339 0.08829248
340 0.08831986
341 0.0883309
342 0.08832387
343 0.08829779
344 0.0882523
345 0.0881874
346 0.08810321
347 0.08799993
348 0.08787779
349 0.08773701
350 0.08757783
351 0.08740047
352 0.08720516
353 0.08699211
354 0.08676152
355 0.0865136
356 0.08624853
357 0.08596651
358 0.08566768
359 0.08535214
360 0.08502013
361 0.08467185
362 0.08430752
363 0.0839273
364 0.08353137
365 0.0831199
366 0.08269306
367 0.08225101
368 0.08179392
369 0.08132196
370 0.0808353
371 0.0803341
372 0.07981853
373 0.07928876
374 0.07874494
375 0.07818725
376 0.07761584
377 0.07703089
378 0.07643255
379 0.07582098
380 0.07519635
381 0.07455881
382 0.07390853
383 0.07324565
384 0.07257034
385 0.07188275
386 0.07118304
387 0.07047135
388 0.06974785
389 0.06901267
390 0.06826598
391 0.06750792
392 0.06673863
393 0.06595826
394 0.06516696
395 0.06436487
396 0.06355213
397 0.06272889
398 0.06189527
399 0.06105142
400 0.06019747
401 0.05932487
402 0.0584489
403 0.0576041
404 0.05679388
405 0.05601211
406 0.05525293
407 0.05451263
408 0.05378925
409 0.05308193
410 0.05239039
411 0.05171467
412 0.05105492
413 0.05041137
414 0.04978427
415 0.04917385
416 0.04858034
417 0.04800396
418 0.0474449
419 0.04690335
420 0.04637947
421 0.0458734
422 0.04538529
423 0.04491524
424 0.04446338
425 0.04402978
426 0.04361452
427 0.04321768
428 0.04283931
429 0.04247944
430 0.04213792
431 0.04181345
432 0.04150713
433 0.04122002
434 0.04095229
435 0.04070372
436 0.04047404
437 0.04026258
438 0.04006605
439 0.03988567
440 0.03972411
441 0.03958242
442 0.03946053
443 0.039358
444 0.03927443
445 0.03920946
446 0.03916276
447 0.03913405
448 0.03912314
449 0.03912987
450 0.03915412
451 0.03919577
452 0.03925474
453 0.03933091
454 0.03942418
455 0.03953446
456 0.03966162
457 0.03980557
458 0.03996617
459 0.04014331
460 0.04033687
461 0.04054676
462 0.0407729
463 0.04101513
464 0.04127329
465 0.0415472
466 0.04183672
467 0.04214171
468 0.04246203
469 0.04279754
470 0.04314814
471 0.04351373
472 0.04389414
473 0.04428921
474 0.04469879
475 0.04512271
476 0.04556084
477 0.04601296
478 0.04647875
479 0.04695813
480 0.04745114
481 0.04795775
482 0.04847788
483 0.04901136
484 0.04955803
485 0.05011773
486 0.05069027
487 0.05127551
488 0.0518733
489 0.05248348
490 0.05310592
491 0.05374049
492 0.05438704
493 0.05504544
494 0.05571555
495 0.05639705
496 0.05708624
497 0.05778274
498 0.05848971
499 0.0592089
500 0.05994073
501 0.06067483
502 0.06136447
503 0.06199756
504 0.06259217
505 0.06316229
506 0.06371398
507 0.06424892
508 0.06476699
509 0.06526758
510 0.06575003
511 0.06621383
512 0.06665859
513 0.067084
514 0.06748988
515 0.06787606
516 0.06824243
517 0.06858891
518 0.06891543
519 0.06922194
520 0.06950842
521 0.06977483
522 0.07002118
523 0.07024747
524 0.07045369
525 0.07063989
526 0.07080609
527 0.07095232
528 0.07107865
529 0.07118512
530 0.0712718
531 0.07133758
532 0.07137956
533 0.0714001
534 0.07140199
535 0.07138629
536 0.07135219
537 0.07129948
538 0.0712287
539 0.07114002
540 0.07103336
541 0.07090857
542 0.07076557
543 0.07060434
544 0.07042494
545 0.07022746
546 0.07001204
547 0.06977883
548 0.06952798
549 0.06925966
550 0.06897405
551 0.06867131
552 0.06835161
553 0.06801514
554 0.06766205
555 0.06729252
556 0.06690672
557 0.06650483
558 0.06608702
559 0.06565345
560 0.06520431
561 0.06473975
562 0.06425997
563 0.06376512
564 0.06325538
565 0.06273092
566 0.06219191
567 0.06163852
568 0.06107093
569 0.0604893
570 0.05989381
571 0.05928461
572 0.05866189
573 0.0580258
574 0.05737652
575 0.0567142
576 0.05603902
577 0.05535114
578 0.05465071
579 0.05393791
580 0.05321288
581 0.0524758
582 0.05172681
583 0.05096608
584 0.05019376
585 0.04941001
586 0.04861497
587 0.0478088
588 0.04699164
589 0.04616366
590 0.04532499
591 0.04447578
592 0.04361618
593 0.04274633
594 0.04186636
595 0.04097643
596 0.04007666
597 0.0391672
598 0.03824818
599 0.03731974
600 0.036382
601 0.03542863
602 0.03449672
603 0.03361281
604 0.03276734
605 0.03194987
606 0.0311543
607 0.03037766
608 0.02961869
609 0.02887696
610 0.02815243
611 0.02744519
612 0.02675544
613 0.02608337
614 0.02542918
615 0.02479306
616 0.02417518
617 0.02357571
618 0.0229948
619 0.02243257
620 0.02188914
621 0.02136462
622 0.02085908
623 0.02037262
624 0.01990528
625 0.01945712
626 0.01902818
627 0.01861848
628 0.01822804
629 0.01785687
630 0.01750496
631 0.01717231
632 0.01685888
633 0.01656466
634 0.01628961
635 0.01603369
636 0.01579683
637 0.01557899
638 0.0153801
639 0.01520009
640 0.01503889
641 0.01489641
642 0.01477257
643 0.01466727
644 0.01458043
645 0.01451194
646 0.0144617
647 0.0144296
648 0.01441553
649 0.01441938
650 0.01444102
651 0.01447962
652 0.01453208
653 0.01459975
654 0.01468563
655 0.01479065
656 0.01491448
657 0.01505642
658 0.01521584
659 0.01539224
660 0.01558527
661 0.01579468
662 0.01602025
663 0.01626181
664 0.01651901
665 0.01679172
666 0.01707993
667 0.0173836
668 0.01770267
669 0.01803701
670 0.01838642
671 0.01875067
672 0.01912966
673 0.0195233
674 0.0199315
675 0.02035415
676 0.02079119
677 0.02124243
678 0.02170765
679 0.02218665
680 0.02267924
681 0.02318529
682 0.02370472
683 0.02423735
684 0.02478298
685 0.02534144
686 0.02591257
687 0.02649623
688 0.02709229
689 0.02770062
690 0.02832109
691 0.02895358
692 0.02959794
693 0.03025406
694 0.0309218
695 0.03160102
696 0.03229161
697 0.03299341
698 0.03370631
699 0.03443017
700 0.03516487
701 0.03590008
702 0.03659359
703 0.03723743
704 0.03784325
705 0.03842087
706 0.03897565
707 0.0395101
708 0.04002524
709 0.04052139
710 0.04099858
711 0.04145663
712 0.04189539
713 0.04231473
714 0.04271266
715 0.04308609
716 0.04343811
717 0.04377156
718 0.04408725
719 0.04438492
720 0.04466397
721 0.04492388
722 0.04516424
723 0.04538479
724 0.04558538
725 0.04576594
726 0.04592645
727 0.04606692
728 0.0461874
729 0.04628794
730 0.04636861
731 0.04642949
732 0.04647068
733 0.04649225
734 0.04649432
735 0.04647699
736 0.04644038
737 0.04638459
738 0.04630976
739 0.04621601
740 0.04610346
741 0.04597226
742 0.04582255
743 0.04565447
744 0.04546815
745 0.04526376
746 0.04504145
747 0.04480137
748 0.04454368
749 0.04426853
750 0.0439761
751 0.04366654
752 0.04334001
753 0.0429967
754 0.04263676
755 0.04226036
756 0.04186768
757 0.04145889
758 0.04103415
759 0.04059365
760 0.04013754
761 0.03966602
762 0.03917924
763 0.03867739
764 0.03816063
765 0.03762914
766 0.0370831
767 0.03652267
768 0.03594802
769 0.03535934
770 0.03475678
771 0.03414052
772 0.03351074
773 0.03286759
774 0.03221124
775 0.03154187
776 0.03085964
777 0.03016471
778 0.02945725
779 0.02873742
780 0.02800538
781 0.02726129
782 0.02650531
783 0.0257376
784 0.02495832
785 0.02416762
786 0.02336565
787 0.02255257
788 0.02172852
789 0.02089367
790 0.02004815
791 0.01919211
792 0.0183257
793 0.01744906
794 0.01656234
795 0.01566567
796 0.0147592
797 0.01384305
798 0.01291738
799 0.01198231
800 0.01103798
801 0.01008961
802 0.009158257
803 0.008247976
804 0.007353064
805 0.006468747
806 0.005592429
807 0.004722935
808 0.00385981
809 0.003002941
810 0.002152366
811 0.001308182
812 0.0004705125
813 -0.0003605165
814 -0.001184781
815 -0.002002162
816 -0.002812551
817 -0.003615848
818 -0.004411959
819 -0.005200802
820 -0.005982302
821 -0.006756391
822 -0.007523011
823 -0.008282108
824 -0.00903364
825 -0.009777566
826 -0.01051386
827 -0.01124248
828 -0.01196343
829 -0.01267668
830 -0.01338222
831 -0.01408005
832 -0.01477018
833 -0.01545259
834 -0.01612732
835 -0.01679435
836 -0.01745373
837 -0.01810545
838 -0.01874956
839 -0.01938607
840 -0.02001502
841 -0.02063643
842 -0.02125035
843 -0.02185681
844 -0.02245586
845 -0.02304752
846 -0.02363186
847 -0.02420892
848 -0.02477874
849 -0.02534138
850 -0.02589689
851 -0.02644531
852 -0.02698671
853 -0.02752115
854 -0.02804867
855 -0.02856934
856 -0.02908322
857 -0.02959036
858 -0.03009083
859 -0.03058469
860 -0.031072
861 -0.03155283
862 -0.03202723
863 -0.03249527
864 -0.03295702
865 -0.03341254
866 -0.03386189
867 -0.03430514
868 -0.03474236
869 -0.03517361
870 -0.03559895
871 -0.03601845
872 -0.03643218
873 -0.03684021
874 -0.03724259
875 -0.03763939
876 -0.03803068
877 -0.03841653
878 -0.03879699
879 -0.03917213
880 -0.03954202
881 -0.03990671
882 -0.04026629
883 -0.04062079
884 -0.0409703
885 -0.04131487
886 -0.04165456
887 -0.04198944
888 -0.04231957
889 -0.042645
890 -0.04296581
891 -0.04328204
892 -0.04359376
893 -0.04390103
894 -0.0442039
895 -0.04450243
896 -0.04479669
897 -0.04508673
898 -0.0453726
899 -0.04565436
900 -0.04593206
901 -0.04620577
902 -0.04647553
903 -0.0467414
904 -0.04700343
905 -0.04726168
906 -0.04751619
907 -0.04776702
908 -0.04801422
909 -0.04825784
910 -0.04849793
911 -0.04873454
912 -0.04896772
913 -0.04919751
914 -0.04942396
915 -0.04964713
916 -0.04986705
917 -0.05008377
918 -0.05029734
919 -0.05050781
920 -0.05071521
921 -0.05091959
922 -0.05112099
923 -0.05131947
924 -0.05151505
925 -0.05170778
926 -0.0518977
927 -0.05208485
928 -0.05226927
929 -0.05245101
930 -0.05263009
931 -0.05280657
932 -0.05298047
933 -0.05315183
934 -0.05332069
935 -0.05348709
936 -0.05365107
937 -0.05381265
938 -0.05397187
939 -0.05412877
940 -0.05428339
941 -0.05443574
942 -0.05458588
943 -0.05473383
944 -0.05487962
945 -0.05502328
946 -0.05516485
947 -0.05530436
948 -0.05544183
949 -0.0555773
950 -0.0557108
951 -0.05584235
952 -0.05597199
953 -0.05609974
954 -0.05622563
955 -0.05634969
956 -0.05647194
957 -0.05659241
958 -0.05671113
959 -0.05682813
960 -0.05694343
961 -0.05705705
962 -0.05716902
963 -0.05727936
964 -0.0573881
965 -0.05749526
966 -0.05760087
967 -0.05770495
968 -0.05780752
969 -0.0579086
970 -0.05800821
971 -0.05810639
972 -0.05820314
973 -0.05829849
974 -0.05839246
975 -0.05848507
976 -0.05857634
977 -0.0586663
978 -0.05875495
979 -0.05884233
980 -0.05892844
981 -0.05901331
982 -0.05909695
983 -0.05917939
984 -0.05926064
985 -0.05934072
986 -0.05941965
987 -0.05949744
988 -0.05957411
989 -0.05964968
990 -0.05972416
991 -0.05979758
992 -0.05986993
993 -0.05994125
994 -0.06001155
995 -0.06008084
996 -0.06014913
997 -0.06021644
998 -0.06028279
999 -0.06034819
