0.0 -0.065 -0.043753926
0.0005 -0.06496159 -0.056190476
0.001 -0.06485158 -0.057943143
0.0015 -0.06472108 -0.05532308
0.002 -0.06458789 -0.051429123
0.0025 -0.06444932 -0.047639288
0.003 -0.06430207 -0.04444573
0.0035 -0.06414415 -0.04193172
0.004 -0.06398292 -0.040020436
0.0045 -0.06382026 -0.038590863
0.005 -0.06365113 -0.03752607
0.0055 -0.06346451 -0.03672862
0.006 -0.0632676 -0.036122873
0.0065 -0.06306563 -0.0356524
0.007 -0.06285628 -0.035275884
0.0075 -0.06263061 -0.034963466
0.008 -0.0624017 -0.03469394
0.0085 -0.06217493 -0.03445232
0.009 -0.06194991 -0.034228027
0.0095 -0.06172459 -0.034013733
0.01 -0.06149695 -0.033804506
0.0105 -0.06126553 -0.033597052
0.011 -0.06102943 -0.0333893
0.0115 -0.06078817 -0.033179954
0.012 -0.06054157 -0.032968417
0.0125 -0.06028962 -0.03275431
0.013 -0.06003244 -0.032537714
0.0135 -0.0597702 -0.03231895
0.014 -0.05950304 -0.032098204
0.0145 -0.05923103 -0.031875893
0.015 -0.05895441 -0.03165251
0.0155 -0.05867352 -0.03142847
0.016 -0.05838867 -0.031204142
0.0165 -0.05810007 -0.030980036
0.017 -0.05780795 -0.030756474
0.0175 -0.05751246 -0.03053388
0.018 -0.05721376 -0.0303125
0.0185 -0.05691231 -0.030092657
0.019 -0.05661149 -0.029874623
0.0195 -0.0563104 -0.02965857
0.02 -0.05600636 -0.029444799
0.0205 -0.0556983 -0.029233485
0.021 -0.05538627 -0.029024668
0.0215 -0.05507075 -0.028818443
0.022 -0.05475229 -0.028615162
0.0225 -0.05443142 -0.028414667
0.023 -0.05410862 -0.0282171
0.0235 -0.0537841 -0.028022572
0.024 -0.05345802 -0.027831033
0.0245 -0.0531305 -0.027642488
0.025 -0.05280167 -0.02745714
0.0255 -0.05247089 -0.027274832
0.026 -0.05213815 -0.027095556
0.0265 -0.0518045 -0.026919365
0.027 -0.05147058 -0.026746258
0.0275 -0.05113651 -0.026576132
0.028 -0.05080224 -0.026408993
0.0285 -0.05046787 -0.026244894
0.029 -0.05013429 -0.02608373
0.0295 -0.04980065 -0.025925398
0.03 -0.0494664 -0.02576992
0.0305 -0.04913152 -0.025617354
0.031 -0.04879582 -0.025467478
0.0315 -0.04845914 -0.025320388
0.032 -0.04812222 -0.025175974
0.0325 -0.04778576 -0.025034174
0.033 -0.04744996 -0.024895087
0.0335 -0.04711484 -0.024758503
0.034 -0.04678035 -0.024624415
0.0345 -0.04644647 -0.024492756
0.035 -0.0461132 -0.02436357
0.0355 -0.04578058 -0.024236798
0.036 -0.04544865 -0.024112292
0.0365 -0.04511746 -0.023990057
0.037 -0.04478709 -0.023870125
0.0375 -0.04445758 -0.023752354
0.038 -0.04412898 -0.023636721
0.0385 -0.04380123 -0.023523182
0.039 -0.04347442 -0.02341175
0.0395 -0.04314867 -0.023302346
0.04 -0.04282409 -0.023194969
0.0405 -0.04250069 -0.023089513
0.041 -0.04217915 -0.022985995
0.0415 -0.04186763 -0.022884399
0.042 -0.04156146 -0.022784576
0.0425 -0.04125429 -0.0226866
0.043 -0.04094443 -0.022590384
0.0435 -0.04063243 -0.022495896
0.044 -0.04031941 -0.022403114
0.0445 -0.04000642 -0.022311985
0.045 -0.03969452 -0.022222504
0.0455 -0.03938436 -0.022134654
0.046 -0.03907596 -0.022048354
0.0465 -0.0387694 -0.021963581
0.047 -0.03846469 -0.021880373
0.0475 -0.03816185 -0.021798685
0.048 -0.03786087 -0.021718405
0.0485 -0.03756174 -0.021639615
0.049 -0.03726447 -0.021562107
0.0495 -0.03696907 -0.021486059
0.05 -0.03667554 -0.014728724
0.0505 -0.03640054 -0.013603113
0.051 -0.03614899 -0.014210182
0.0515 -0.03590234 -0.015067521
0.052 -0.03565864 -0.015701909
0.0525 -0.03541865 -0.016043756
0.053 -0.03518319 -0.016163044
0.0535 -0.03495275 -0.016158186
0.054 -0.03472757 -0.016114362
0.0545 -0.03450774 -0.01609186
0.055 -0.03429328 -0.016127005
0.0555 -0.03408416 -0.016236898
0.056 -0.03388034 -0.016425412
0.0565 -0.03368178 -0.016687632
0.057 -0.03348841 -0.017013893
0.0575 -0.03330017 -0.017392173
0.058 -0.033117 -0.017809957
0.0585 -0.03293885 -0.018255383
0.059 -0.03276563 -0.018717602
0.0595 -0.03259729 -0.019187428
0.06 -0.03243376 -0.019657098
0.0605 -0.03227497 -0.020120412
0.061 -0.03212084 -0.020572424
0.0615 -0.03197132 -0.02100958
0.062 -0.03182633 -0.02142924
0.0625 -0.0316858 -0.02182959
0.063 -0.03154966 -0.02220966
0.0635 -0.03141783 -0.022568926
0.064 -0.03129024 -0.022907414
0.0645 -0.03116683 -0.023225375
0.065 -0.03104752 -0.02352339
0.0655 -0.03093223 -0.023802161
0.066 -0.0308209 -0.024062715
0.0665 -0.03071346 -0.02430591
0.067 -0.03060982 -0.024532758
0.0675 -0.03050992 -0.024744228
0.068 -0.03041369 -0.024941467
0.0685 -0.03032106 -0.025125325
0.069 -0.03023195 -0.02529674
0.0695 -0.0301463 -0.025456674
0.07 -0.03006404 -0.025605977
0.0705 -0.02998508 -0.025745474
0.071 -0.02990938 -0.025875874
0.0715 -0.02983685 -0.02599793
0.072 -0.02976744 -0.026112229
0.0725 -0.02970107 -0.026219457
0.073 -0.02963768 -0.02632004
0.0735 -0.02957719 -0.026414618
0.074 -0.02951956 -0.026503608
0.0745 -0.02946471 -0.026587442
0.075 -0.02941257 -0.026666522
0.0755 -0.0293631 -0.026741214
0.076 -0.02931621 -0.026811875
0.0765 -0.02927186 -0.026878782
0.077 -0.02922999 -0.026942186
0.0775 -0.02919052 -0.027002342
0.078 -0.02915341 -0.027059503
0.0785 -0.0291186 -0.027113885
0.079 -0.02908602 -0.027165703
0.0795 -0.02905563 -0.027215034
0.08 -0.02902737 -0.027262196
0.0805 -0.02900118 -0.027307197
0.081 -0.02897701 -0.027350247
0.0815 -0.0289548 -0.027391464
0.082 -0.02893451 -0.027430952
0.0825 -0.02891609 -0.027468815
0.083 -0.02889948 -0.027505085
0.0835 -0.02888463 -0.027540036
0.084 -0.0288715 -0.027573586
0.0845 -0.02886004 -0.027605854
0.085 -0.0288502 -0.027636863
0.0855 -0.02884194 -0.027666837
0.086 -0.02883521 -0.027695656
0.0865 -0.02882997 -0.027723461
0.087 -0.02882617 -0.02775032
0.0875 -0.02882377 -0.027776226
0.088 -0.02882272 -0.027801275
0.0885 -0.028823 -0.027825497
0.089 -0.02882456 -0.02784893
0.0895 -0.02882735 -0.027871586
0.09 -0.02883135 -0.027893484
0.0905 -0.02883651 -0.0279148
0.091 -0.0288428 -0.027935416
0.0915 -0.02885017 -0.02795533
0.092 -0.0288586 -0.02797468
0.0925 -0.02886805 -0.02799347
0.093 -0.02887849 -0.028011687
0.0935 -0.02888988 -0.028029352
0.094 -0.02890218 -0.028046608
0.0945 -0.02891538 -0.028063297
0.095 -0.02892944 -0.028079554
0.0955 -0.02894432 -0.028095312
0.096 -0.02896 -0.028110646
0.0965 -0.02897645 -0.028125629
0.097 -0.02899364 -0.028140113
0.0975 -0.02901154 -0.028154247
0.098 -0.02903012 -0.028168008
0.0985 -0.02904937 -0.028181411
0.099 -0.02906925 -0.028194502
0.0995 -0.02908974 -0.028207175
0.1 -0.02911081 -0.0046236506
0.1005 -0.01622639 0.00476873
0.101 -0.001082663 0.010179044
0.1015 0.009131226 0.015082405
0.102 0.01602512 0.020485237
0.1025 0.02125497 0.026517063
0.103 0.02569565 0.033034652
0.1035 0.029781 0.039843827
0.104 0.03371584 0.046773866
0.1045 0.03757976 0.05369474
0.105 0.04138795 0.06051497
0.1055 0.04516112 0.06717448
0.106 0.04891276 0.07363601
0.1065 0.05264453 0.07987876
0.107 0.05635403 0.085893184
0.1075 0.0600379 0.09167738
0.108 0.06369307 0.09723449
0.1085 0.06731729 0.10257082
0.109 0.070909 0.1076944
0.1095 0.07446709 0.11261456
0.11 0.07799093 0.11734088
0.1105 0.0814802 0.12188323
0.111 0.08493487 0.12625119
0.1115 0.08835499 0.13045414
0.112 0.09174032 0.13450088
0.1125 0.09509062 0.13839981
0.113 0.09840597 0.14215918
0.1135 0.1016864 0.14578639
0.114 0.1049318 0.1492884
0.1145 0.1081419 0.15267198
0.115 0.1113167 0.15594326
0.1155 0.1144565 0.15910807
0.116 0.1175612 0.16217186
0.1165 0.120631 0.16513963
0.117 0.1236561 0.1680161
0.1175 0.126628 0.17080574
0.118 0.129565 0.17351283
0.1185 0.1324754 0.17614101
0.119 0.1353589 0.17869411
0.1195 0.1382135 0.18117547
0.12 0.1410372 0.18358839
0.1205 0.1438282 0.18593578
0.121 0.1465851 0.18822064
0.1215 0.1493079 0.19044544
0.122 0.1519969 0.19261284
0.1225 0.1546492 0.19472508
0.123 0.1572631 0.1967846
0.1235 0.1598391 0.1987934
0.124 0.1623671 0.20075344
0.1245 0.1648127 0.20266663
0.125 0.1672123 0.20453489
0.1255 0.1695953 0.2063597
0.126 0.1719679 0.20814292
0.1265 0.1743095 0.2098858
0.127 0.1766177 0.21159
0.1275 0.1789103 0.21325684
0.128 0.1811919 0.21488757
0.1285 0.1834588 0.21648349
0.129 0.1857057 0.21804582
0.1295 0.187928 0.21957567
0.13 0.1901229 0.22107406
0.1305 0.1922886 0.22254197
0.131 0.1944241 0.22398065
0.1315 0.1965036 0.22539076
0.132 0.1985089 0.22677323
0.1325 0.2004672 0.22812921
0.133 0.2024115 0.22945909
0.1335 0.2043515 0.23076396
0.134 0.2062856 0.23204441
0.1345 0.2082071 0.23330119
0.135 0.2101076 0.23453505
0.1355 0.2119591 0.23574665
0.136 0.2137707 0.23693666
0.1365 0.215564 0.23810555
0.137 0.2172666 0.23925407
0.1375 0.2187444 0.24038266
0.138 0.2202603 0.24149196
0.1385 0.2218692 0.2425824
0.139 0.2235465 0.24365456
0.1395 0.2252565 0.24470879
0.14 0.2269709 0.24574573
0.1405 0.2286716 0.2467658
0.141 0.2303484 0.24776928
0.1415 0.2319965 0.24875666
0.142 0.2336138 0.24972846
0.1425 0.2352001 0.25068507
0.143 0.2367561 0.25162676
0.1435 0.2382827 0.2525538
0.144 0.2397812 0.25346676
0.1445 0.2412529 0.25436577
0.145 0.2426969 0.25525132
0.1455 0.2440626 0.25612372
0.146 0.2453403 0.2569831
0.1465 0.2465966 0.25782996
0.147 0.2478655 0.25866446
0.1475 0.2491422 0.25948697
0.148 0.2503748 0.26029766
0.1485 0.2515698 0.26109686
0.149 0.2527651 0.26188484
0.1495 0.2539747 0.26266173
0.15 0.2551905 0.26780477
0.1505 0.2548224 0.2710643
0.151 0.252868 0.27337918
0.1515 0.2513221 0.27512458
0.152 0.250369 0.27644166
0.1525 0.2497768 0.2773824
0.153 0.2493571 0.27797237
0.1535 0.2490062 0.27823457
0.154 0.2486736 0.27819762
0.1545 0.2483367 0.27789602
0.155 0.2479856 0.27736813
0.1555 0.2476167 0.27665284
0.156 0.2472291 0.27578816
0.1565 0.2468229 0.27480936
0.157 0.2463989 0.2737476
0.1575 0.2459572 0.27263018
0.158 0.2454991 0.27148008
0.1585 0.2450264 0.27031633
0.159 0.2445406 0.26915398
0.1595 0.2440428 0.2680054
0.16 0.2435342 0.26687953
0.1605 0.2430156 0.26578322
0.161 0.242488 0.2647217
0.1615 0.241952 0.2636977
0.162 0.2414086 0.2627134
0.1625 0.2408583 0.2617695
0.163 0.240302 0.26086602
0.1635 0.2397402 0.26000243
0.164 0.2391736 0.25917742
0.1645 0.2386026 0.25838938
0.165 0.238028 0.25763682
0.1655 0.2374502 0.2569175
0.166 0.2368699 0.2562295
0.1665 0.2362872 0.25557068
0.167 0.2357023 0.25493872
0.1675 0.2351157 0.25433165
0.168 0.2345283 0.2537474
0.1685 0.2339406 0.25318396
0.169 0.2333529 0.2526393
0.1695 0.2327658 0.2521118
0.17 0.2321794 0.25159952
0.1705 0.2315941 0.25110102
0.171 0.2310101 0.25061485
0.1715 0.2304278 0.25013945
0.172 0.2298473 0.24967362
0.1725 0.229269 0.24921621
0.173 0.228693 0.24876629
0.1735 0.2281196 0.24832277
0.174 0.2275489 0.24788474
0.1745 0.2269812 0.24745153
0.175 0.2264166 0.24702255
0.1755 0.2258554 0.24659695
0.176 0.2252976 0.2461745
0.1765 0.2247435 0.24575461
0.177 0.2241931 0.24533688
0.1775 0.2236466 0.2449211
0.178 0.2231042 0.24450685
0.1785 0.2225659 0.24409391
0.179 0.2220318 0.24368216
0.1795 0.2215021 0.24327157
0.18 0.2209768 0.24286194
0.1805 0.220456 0.24245323
0.181 0.2199398 0.24204527
0.1815 0.2194283 0.24163814
0.182 0.2189215 0.24123196
0.1825 0.2184194 0.24082674
0.183 0.2179222 0.24042232
0.1835 0.2174298 0.24001901
0.184 0.2169424 0.23961662
0.1845 0.2164599 0.23921542
0.185 0.2159824 0.23881544
0.1855 0.2155099 0.23841684
0.186 0.2150424 0.23801954
0.1865 0.2145799 0.23762386
0.187 0.2141225 0.23722963
0.1875 0.2136701 0.23683734
0.188 0.2132228 0.23644681
0.1885 0.2127806 0.23605822
0.189 0.2123434 0.23567171
0.1895 0.2119113 0.23528717
0.19 0.2114843 0.23490496
0.1905 0.2110623 0.23452507
0.191 0.2106453 0.23414753
0.1915 0.2102334 0.2337725
0.192 0.2098264 0.2334
0.1925 0.2094244 0.23303021
0.193 0.2090274 0.23266326
0.1935 0.2086353 0.23229901
0.194 0.2082481 0.23193757
0.1945 0.2078659 0.23157917
0.195 0.2074884 0.23122384
0.1955 0.2071158 0.23087133
0.196 0.206748 0.23052205
0.1965 0.206385 0.2301759
0.197 0.2060266 0.22983296
0.1975 0.205673 0.2294931
0.198 0.205324 0.22915663
0.1985 0.2049797 0.22882344
0.199 0.2046399 0.22849344
0.1995 0.2043047 0.22816701
0.2 0.203974 0.22586419
0.2005 0.2036289 0.22383125
0.201 0.2032426 0.22195657
0.2015 0.2028417 0.22022133
0.202 0.202441 0.21863781
0.2025 0.2020441 0.21722205
0.203 0.2016504 0.21598263
0.2035 0.2012586 0.21491943
0.204 0.2008677 0.21402456
0.2045 0.2004771 0.2132851
0.205 0.2000865 0.21268557
0.2055 0.199696 0.21220858
0.206 0.1993054 0.2118374
0.2065 0.1989148 0.21155615
0.207 0.1985242 0.21135007
0.2075 0.1981338 0.21120603
0.208 0.1977435 0.2111123
0.2085 0.1973535 0.2110586
0.209 0.1969639 0.21103622
0.2095 0.1965746 0.21103762
0.21 0.1961858 0.21105649
0.2105 0.1957975 0.2110871
0.211 0.1954098 0.21112515
0.2115 0.1950228 0.2111666
0.212 0.1946366 0.21120821
0.2125 0.1942511 0.21124719
0.213 0.1938665 0.21128131
0.2135 0.1934828 0.21130882
0.214 0.1931001 0.2113281
0.2145 0.1927185 0.21133782
0.215 0.1923379 0.2113371
0.2155 0.1919585 0.21132524
0.216 0.1915804 0.21130134
0.2165 0.1912034 0.21126543
0.217 0.1908278 0.21121673
0.2175 0.1904536 0.21115549
0.218 0.1900808 0.21108128
0.2185 0.1897094 0.21099444
0.219 0.1893396 0.21089478
0.2195 0.1889713 0.21078272
0.22 0.1886046 0.21065845
0.2205 0.1882395 0.21052213
0.221 0.1878762 0.21037395
0.2215 0.1875145 0.2102146
0.222 0.1871547 0.21004428
0.2225 0.1867966 0.20986332
0.223 0.1864404 0.20967232
0.2235 0.186086 0.20947148
0.224 0.1857335 0.20926143
0.2245 0.185383 0.20904247
0.225 0.1850345 0.20881523
0.2255 0.1846879 0.20858003
0.226 0.1843434 0.20833735
0.2265 0.1840009 0.2080877
0.227 0.1836605 0.20783146
0.2275 0.1833223 0.20756902
0.228 0.1829861 0.20730089
0.2285 0.1826521 0.20702754
0.229 0.1823202 0.20674933
0.2295 0.1819906 0.20646663
0.23 0.1816632 0.20617978
0.2305 0.181338 0.20588936
0.231 0.181015 0.20559569
0.2315 0.1806943 0.20529903
0.232 0.1803759 0.20499973
0.2325 0.1800597 0.20469822
0.233 0.1797459 0.20439471
0.2335 0.1794344 0.20408963
0.234 0.1791252 0.20378314
0.2345 0.1788183 0.20347558
0.235 0.1785138 0.2031674
0.2355 0.1782117 0.20285864
0.236 0.1779119 0.20254956
0.2365 0.1776144 0.20224045
0.237 0.1773193 0.20193164
0.2375 0.1770267 0.2016231
0.238 0.1767363 0.2013153
0.2385 0.1764484 0.20100833
0.239 0.1761629 0.20070232
0.2395 0.1758797 0.20039754
0.24 0.175599 0.20009406
0.2405 0.1753206 0.19979198
0.241 0.1750446 0.19949163
0.2415 0.174771 0.19919302
0.242 0.1744998 0.19889633
0.2425 0.1742309 0.19860171
0.243 0.1739645 0.19830923
0.2435 0.1737004 0.1980189
0.244 0.1734387 0.19773094
0.2445 0.1731794 0.19744544
0.245 0.1729224 0.1971624
0.2455 0.1726678 0.196882
0.246 0.1724155 0.19660424
0.2465 0.1721656 0.1963291
0.247 0.171918 0.19605692
0.2475 0.1716728 0.1957875
0.248 0.1714299 0.19552092
0.2485 0.1711893 0.19525738
0.249 0.170951 0.1949967
0.2495 0.1707149 0.19473903
0.25 0.1704812 0.19448434
0.2505 0.1702498 0.1942328
0.251 0.1700206 0.19398417
0.2515 0.1697937 0.1937388
0.252 0.169569 0.19349648
0.2525 0.1693466 0.19325729
0.253 0.1691264 0.1930212
0.2535 0.1689084 0.19278826
0.254 0.1686926 0.19255848
0.2545 0.168479 0.19233175
0.255 0.1682675 0.19210811
0.2555 0.1680583 0.19188775
0.256 0.1678511 0.19167046
0.2565 0.1676461 0.19145639
0.257 0.1674433 0.19124527
0.2575 0.1672425 0.19103725
0.258 0.1670439 0.1908323
0.2585 0.1668473 0.19063048
0.259 0.1666528 0.1904317
0.2595 0.1664604 0.19023578
0.26 0.16627 0.19004296
0.2605 0.1660816 0.18985315
0.261 0.1658952 0.18966626
0.2615 0.1657108 0.18948229
0.262 0.1655285 0.18930124
0.2625 0.165348 0.18912302
0.263 0.1651696 0.18894772
0.2635 0.1649931 0.18877529
0.264 0.1648184 0.18860556
0.2645 0.1646458 0.18843855
0.265 0.164475 0.18827437
0.2655 0.164306 0.18811284
0.266 0.164139 0.187954
0.2665 0.1639738 0.1877978
0.267 0.1638104 0.18764435
0.2675 0.1636488 0.18749331
0.268 0.1634891 0.18734495
0.2685 0.1633311 0.18719901
0.269 0.1631749 0.18705572
0.2695 0.1630204 0.18691473
0.27 0.1628677 0.18677615
0.2705 0.1627167 0.18664019
0.271 0.1625675 0.1865064
0.2715 0.1624199 0.18637504
0.272 0.162274 0.18624593
0.2725 0.1621298 0.1861191
0.273 0.1619872 0.18599455
0.2735 0.1618462 0.18587221
0.274 0.1617069 0.18575199
0.2745 0.1615691 0.18563391
0.275 0.161433 0.18551795
0.2755 0.1612984 0.18540408
0.276 0.1611654 0.18529238
0.2765 0.1610339 0.18518259
0.277 0.160904 0.18507476
0.2775 0.1607756 0.1849689
0.278 0.1606486 0.18486501
0.2785 0.1605232 0.18476309
0.279 0.1603992 0.1846629
0.2795 0.1602767 0.18456458
0.28 0.1601556 0.1844681
0.2805 0.1600359 0.18437342
0.281 0.1599177 0.18428053
0.2815 0.1598008 0.18418922
0.282 0.1596853 0.18409969
0.2825 0.1595712 0.18401189
0.283 0.1594585 0.18392561
0.2835 0.1593471 0.18384095
0.284 0.159237 0.18375795
0.2845 0.1591282 0.18367662
0.285 0.1590207 0.18359657
0.2855 0.1589145 0.18351813
0.286 0.1588096 0.18344124
0.2865 0.1587059 0.1833658
0.287 0.1586035 0.18329175
0.2875 0.1585023 0.18321915
0.288 0.1584023 0.18314789
0.2885 0.1583036 0.183078
0.289 0.158206 0.1830094
0.2895 0.1581096 0.18294223
0.29 0.1580144 0.18287636
0.2905 0.1579203 0.18281169
0.291 0.1578273 0.18274833
0.2915 0.1577355 0.1826861
0.292 0.1576448 0.18262516
0.2925 0.1575552 0.18256535
0.293 0.1574667 0.18250678
0.2935 0.1573793 0.1824493
0.294 0.1572929 0.18239297
0.2945 0.1572076 0.18233778
0.295 0.1571234 0.18228345
0.2955 0.1570402 0.18223046
0.296 0.1569579 0.18217836
0.2965 0.1568767 0.1821272
0.297 0.1567965 0.18207718
0.2975 0.1567173 0.18202816
0.298 0.1566391 0.18198003
0.2985 0.1565618 0.18193297
0.299 0.1564855 0.18188678
0.2995 0.1564101 0.18184154
0.3 0.1563356 0.16974683
0.3005 0.144905 0.16303094
0.301 0.1327835 0.15858568
0.3015 0.125168 0.15459733
0.302 0.1202516 0.15031146
0.3025 0.1166129 0.14557926
0.303 0.1135541 0.1405226
0.3035 0.1107672 0.13534273
0.304 0.1081194 0.13022767
0.3045 0.1055532 0.12531818
0.305 0.1030427 0.120703176
0.3055 0.1005762 0.1164269
0.306 0.09814786 0.11249982
0.3065 0.09575458 0.10890962
0.307 0.09339468 0.105630085
0.3075 0.09106708 0.10262747
0.308 0.08877105 0.09986551
0.3085 0.08650607 0.09730804
0.309 0.08427168 0.09492114
0.3095 0.08206751 0.09267404
0.31 0.07989323 0.09053962
0.3105 0.07774851 0.088494405
0.311 0.07563306 0.086518705
0.3115 0.07354657 0.08459598
0.312 0.07148875 0.08271297
0.3125 0.06945933 0.08085898
0.313 0.06745801 0.07902582
0.3135 0.06548451 0.077207275
0.314 0.06353855 0.07539886
0.3145 0.06161985 0.07359768
0.315 0.05972811 0.07180185
0.3155 0.05786306 0.07001071
0.316 0.05602441 0.06822422
0.3165 0.05421187 0.066442974
0.317 0.05242516 0.064668074
0.3175 0.050664 0.06290084
0.318 0.04892808 0.06114302
0.3185 0.04721714 0.059396252
0.319 0.04553088 0.05766236
0.3195 0.04386901 0.05594313
0.32 0.04223125 0.05424024
0.3205 0.04061732 0.052555323
0.321 0.03902692 0.050889924
0.3215 0.03745978 0.049245402
0.322 0.03591561 0.04762298
0.3225 0.03439412 0.046023715
0.323 0.03289503 0.04444847
0.3235 0.03141807 0.042898033
0.324 0.02996295 0.041372925
0.3245 0.0285294 0.03987372
0.325 0.02711713 0.0384007
0.3255 0.02572587 0.036954004
0.326 0.02435535 0.035533767
0.3265 0.0230053 0.03413997
0.327 0.02167544 0.032772463
0.3275 0.0203655 0.031431053
0.328 0.01907522 0.030115526
0.3285 0.01780433 0.028825514
0.329 0.01655258 0.027560651
0.3295 0.01531969 0.02632054
0.33 0.01410541 0.02510469
0.3305 0.01290948 0.023912612
0.331 0.01173166 0.022743832
0.3315 0.01057168 0.021597765
0.332 0.009429292 0.020473905
0.3325 0.008304255 0.019371707
0.333 0.007196322 0.018290572
0.3335 0.00610525 0.017230004
0.334 0.005030797 0.016189396
0.3345 0.003972727 0.015168239
0.335 0.002930804 0.014165902
0.3355 0.001904795 0.0131819
0.336 0.0008944683 0.012215697
0.3365 -0.0001004025 0.011266709
0.337 -0.001080043 0.010334489
0.3375 -0.002044677 0.0094185
0.338 -0.002994523 0.008518235
0.3385 -0.003929801 0.0076332362
0.339 -0.004850725 0.0067629637
0.3395 -0.005757507 0.005906987
0.34 -0.006650358 0.0050648777
0.3405 -0.007529485 0.0042361626
0.341 -0.008395093 0.0034204302
0.3415 -0.009247384 0.0026172334
0.342 -0.01008656 0.0018261774
0.3425 -0.01091281 0.001046895
0.343 -0.01172635 0.00027894322
0.3435 -0.01252734 -0.00047797244
0.344 -0.013316 -0.0012242654
0.3445 -0.0140925 -0.0019602487
0.345 -0.01485703 -0.00268625
0.3455 -0.01560977 -0.0034026308
0.346 -0.0163509 -0.0041096425
0.3465 -0.0170806 -0.0048076054
0.347 -0.01779905 -0.005496814
0.3475 -0.01850641 -0.006177525
0.348 -0.01920286 -0.006849964
0.3485 -0.01988856 -0.0075144237
0.349 -0.02056369 -0.00817109
0.3495 -0.02122839 -0.008820201
0.35 -0.02188284 -0.009461981
0.3505 -0.02252719 -0.010096573
0.351 -0.02316161 -0.010724199
0.3515 -0.02378623 -0.0113450205
0.352 -0.02440122 -0.011959185
0.3525 -0.02500672 -0.012566869
0.353 -0.02560289 -0.013168187
0.3535 -0.02618986 -0.013763289
0.354 -0.02676778 -0.014352278
0.3545 -0.0273368 -0.014935275
0.355 -0.02789704 -0.015512404
0.3555 -0.02844865 -0.016083758
0.356 -0.02899177 -0.016649429
0.3565 -0.02952652 -0.017209519
0.357 -0.03005303 -0.017764118
0.3575 -0.03057145 -0.018313289
0.358 -0.03108188 -0.018857114
0.3585 -0.03158446 -0.019395694
0.359 -0.03207931 -0.019929085
0.3595 -0.03256655 -0.02045738
0.36 -0.0330463 -0.020980641
0.3605 -0.03351868 -0.021498948
0.361 -0.03398381 -0.022012394
0.3615 -0.03444179 -0.022521038
0.362 -0.03489275 -0.023024987
0.3625 -0.03533678 -0.023524284
0.363 -0.03577401 -0.024019077
0.3635 -0.03620453 -0.024509408
0.364 -0.03662846 -0.02499539
0.3645 -0.03704589 -0.025477134
0.365 -0.03745693 -0.025954723
0.3655 -0.03786169 -0.026428275
0.366 -0.03826025 -0.026897918
0.3665 -0.03865271 -0.027363747
0.367 -0.03903918 -0.0278259
0.3675 -0.03941974 -0.028284501
0.368 -0.0397945 -0.02873968
0.3685 -0.04016354 -0.029191576
0.369 -0.04052694 -0.029640332
0.3695 -0.04088481 -0.030086093
0.37 -0.04123722 -0.030529015
0.3705 -0.04158427 -0.030969236
0.371 -0.04192604 -0.031406917
0.3715 -0.0422626 -0.03184222
0.372 -0.04259405 -0.03227531
0.3725 -0.04292046 -0.03270634
0.373 -0.04324192 -0.03313547
0.3735 -0.04355849 -0.033562876
0.374 -0.04387026 -0.033988718
0.3745 -0.04417731 -0.03441316
0.375 -0.0444797 -0.03483636
0.3755 -0.04477751 -0.035258476
0.376 -0.04507082 -0.03567968
0.3765 -0.04535969 -0.03610011
0.377 -0.04564419 -0.036519926
0.3775 -0.04592439 -0.036939263
0.378 -0.04620037 -0.03735827
0.3785 -0.04647217 -0.037777063
0.379 -0.04673988 -0.03819577
0.3795 -0.04700356 -0.0386145
0.38 -0.04726326 -0.039033342
0.3805 -0.04751905 -0.039452404
0.381 -0.047771 -0.03987174
0.3815 -0.04801915 -0.04029141
0.382 -0.04826358 -0.04071147
0.3825 -0.04850434 -0.04113193
0.383 -0.04874149 -0.04155279
0.3835 -0.04897508 -0.041974045
0.384 -0.04920517 -0.042395655
0.3845 -0.04943181 -0.042817555
0.385 -0.04965506 -0.04323967
0.3855 -0.04987497 -0.043661874
0.386 -0.0500916 -0.04408405
0.3865 -0.05030499 -0.04450603
0.387 -0.05051519 -0.04492762
0.3875 -0.05072226 -0.045348622
0.388 -0.05092624 -0.04576879
0.3885 -0.05112718 -0.046187866
0.389 -0.05132513 -0.04660555
0.3895 -0.05152014 -0.04702154
0.39 -0.05171225 -0.047435496
0.3905 -0.0519015 -0.04784707
0.391 -0.05208794 -0.04825589
0.3915 -0.05227161 -0.04866156
0.392 -0.05245257 -0.049063705
0.3925 -0.05263084 -0.0494619
0.393 -0.05280647 -0.049855735
0.3935 -0.0529795 -0.050244793
0.394 -0.05314997 -0.050628673
0.3945 -0.05331792 -0.051006958
0.395 -0.0534834 -0.05137926
0.3955 -0.05364643 -0.05174517
0.396 -0.05380705 -0.05210434
0.3965 -0.05396531 -0.052456405
0.397 -0.05412124 -0.05280104
0.3975 -0.05427487 -0.053137936
0.398 -0.05442625 -0.053466816
0.3985 -0.0545754 -0.05378743
0.399 -0.05472235 -0.054099567
0.3995 -0.05486715 -0.054403014
0.4 -0.05500983 -0.054697655
0.4005 -0.05515042 -0.054983344
0.401 -0.05528894 -0.05525999
0.4015 -0.05542544 -0.055527534
0.402 -0.05555994 -0.055785947
0.4025 -0.05569248 -0.05603525
0.403 -0.05582307 -0.05627545
0.4035 -0.05595177 -0.056506634
0.404 -0.05607858 -0.056728862
0.4045 -0.05620355 -0.056942254
0.405 -0.05632669 -0.05714695
0.4055 -0.05644805 -0.05734311
0.406 -0.05656763 -0.057530865
0.4065 -0.05668548 -0.057710428
0.407 -0.05680162 -0.05788198
0.4075 -0.05691607 -0.058045745
0.408 -0.05702885 -0.058201954
0.4085 -0.05714001 -0.058350828
0.409 -0.05724955 -0.05849258
0.4095 -0.05735751 -0.058627456
0.41 -0.0574639 -0.05875571
0.4105 -0.05756875 -0.05887758
0.411 -0.05767209 -0.058993295
0.4115 -0.05777394 -0.059103113
0.412 -0.05787432 -0.059207264
0.4125 -0.05797325 -0.059305985
0.413 -0.05807075 -0.059399508
0.4135 -0.05816685 -0.059488066
0.414 -0.05826156 -0.0595719
0.4145 -0.05835492 -0.059651177
0.415 -0.05844693 -0.05972617
0.4155 -0.05853762 -0.05979702
0.416 -0.058627 -0.059863992
0.4165 -0.05871511 -0.059927236
0.417 -0.05880195 -0.05998695
0.4175 -0.05888755 -0.0600433
0.418 -0.05897192 -0.06009648
0.4185 -0.05905508 -0.06014664
0.419 -0.05913705 -0.060193934
0.4195 -0.05921785 -0.06023852
0.42 -0.0592975 -0.06028056
0.4205 -0.05937601 -0.060320184
0.421 -0.0594534 -0.060357492
0.4215 -0.05952969 -0.060392626
0.422 -0.05960489 -0.060425743
0.4225 -0.05967902 -0.06045691
0.423 -0.0597521 -0.060486242
0.4235 -0.05982413 -0.060513858
0.424 -0.05989515 -0.060539845
0.4245 -0.05996515 -0.060564294
0.425 -0.06003416 -0.0605873
0.4255 -0.06010219 -0.06060894
0.426 -0.06016926 -0.06062931
0.4265 -0.06023537 -0.060648445
0.427 -0.06030055 -0.060666446
0.4275 -0.06036481 -0.06068337
0.428 -0.06042816 -0.06069929
0.4285 -0.06049062 -0.060714237
0.429 -0.06055219 -0.060728326
0.4295 -0.06061289 -0.060741544
0.43 -0.06067274 -0.060753964
0.4305 -0.06073174 -0.06076563
0.431 -0.06078991 -0.06077662
0.4315 -0.06084726 -0.060786925
0.432 -0.06090381 -0.060796626
0.4325 -0.06095956 -0.060805727
0.433 -0.06101452 -0.06081428
0.4335 -0.06106871 -0.060822327
0.434 -0.06112215 -0.060829878
0.4345 -0.06117483 -0.060836975
0.435 -0.06122677 -0.06084364
0.4355 -0.06127799 -0.06084989
0.436 -0.06132849 -0.060855776
0.4365 -0.06137828 -0.06086129
0.437 -0.06142737 -0.060866486
0.4375 -0.06147578 -0.060871363
0.438 -0.06152351 -0.060875934
0.4385 -0.06157058 -0.060880236
0.439 -0.06161698 -0.060884282
0.4395 -0.06166274 -0.060888067
0.44 -0.06170787 -0.060891636
0.4405 -0.06175236 -0.06089497
0.441 -0.06179623 -0.0608981
0.4415 -0.0618395 -0.06090106
0.442 -0.06188216 -0.060903825
0.4425 -0.06192422 -0.06090642
0.443 -0.06196571 -0.06090887
0.4435 -0.06200661 -0.06091116
0.444 -0.06204695 -0.060913313
0.4445 -0.06208673 -0.060915336
0.445 -0.06212596 -0.06091724
0.4455 -0.06216464 -0.060919017
0.446 -0.06220279 -0.060920693
0.4465 -0.06224041 -0.060922276
0.447 -0.06227751 -0.06092374
0.4475 -0.06231409 -0.060925126
0.448 -0.06235017 -0.060926434
0.4485 -0.06238575 -0.060927644
0.449 -0.06242084 -0.06092879
0.4495 -0.06245545 -0.060929872
0.45 -0.06248958 -0.060930874
0.4505 -0.06252323 -0.06093182
0.451 -0.06255643 -0.060932714
0.4515 -0.06258916 -0.060933545
0.452 -0.06262145 -0.060934342
0.4525 -0.06265329 -0.06093508
0.453 -0.06268469 -0.060935773
0.4535 -0.06271566 -0.06093643
0.454 -0.06274621 -0.060937036
0.4545 -0.06277634 -0.060937613
0.455 -0.06280605 -0.060938142
0.4555 -0.06283536 -0.06093864
0.456 -0.06286426 -0.06093912
0.4565 -0.06289277 -0.060939565
0.457 -0.06292088 -0.060939983
0.4575 -0.06294861 -0.06094037
0.458 -0.06297597 -0.060940735
0.4585 -0.06300294 -0.060941085
0.459 -0.06302955 -0.060941428
0.4595 -0.0630558 -0.060941726
0.46 -0.06308169 -0.060942005
0.4605 -0.06310722 -0.060942285
0.461 -0.0631324 -0.060942516
0.4615 -0.06315725 -0.060942754
0.462 -0.06318175 -0.060942978
0.4625 -0.06320592 -0.060943197
0.463 -0.06322976 -0.06094339
0.4635 -0.06325327 -0.060943574
0.464 -0.06327647 -0.060943753
0.4645 -0.06329935 -0.060943916
0.465 -0.06332191 -0.060944065
0.4655 -0.06334417 -0.060944214
0.466 -0.06336613 -0.060944345
0.4665 -0.06338779 -0.060944464
0.467 -0.06340916 -0.060944594
0.4675 -0.06343024 -0.0609447
0.468 -0.06345103 -0.060944803
0.4685 -0.06347154 -0.0609449
0.469 -0.06349177 -0.06094499
0.4695 -0.06351173 -0.06094508
0.47 -0.06353141 -0.060945153
0.4705 -0.06355083 -0.06094523
0.471 -0.06356999 -0.060945317
0.4715 -0.06358889 -0.060945384
0.472 -0.06360753 -0.06094544
0.4725 -0.06362592 -0.06094549
0.473 -0.06364407 -0.060945556
0.4735 -0.06366197 -0.0609456
0.474 -0.06367962 -0.060945645
0.4745 -0.06369704 -0.060945686
0.475 -0.06371422 -0.060945734
0.4755 -0.06373118 -0.060945775
0.476 -0.0637479 -0.060945813
0.4765 -0.0637644 -0.060945846
0.477 -0.06378067 -0.06094589
0.4775 -0.06379673 -0.060945928
0.478 -0.06381257 -0.06094595
0.4785 -0.0638282 -0.06094598
0.479 -0.06384362 -0.060946003
0.4795 -0.06385883 -0.06094604
0.48 -0.06387384 -0.060946047
0.4805 -0.06388864 -0.06094607
0.481 -0.06390325 -0.060946092
0.4815 -0.06391766 -0.06094612
0.482 -0.06393188 -0.06094613
0.4825 -0.06394591 -0.06094614
0.483 -0.06395974 -0.06094616
0.4835 -0.0639734 -0.06094618
0.484 -0.06398687 -0.06094619
0.4845 -0.06400016 -0.060946196
0.485 -0.06401327 -0.06094622
0.4855 -0.06402621 -0.060946234
0.486 -0.06403897 -0.06094624
0.4865 -0.06405157 -0.06094625
0.487 -0.06406399 -0.060946256
0.4875 -0.06407625 -0.06094627
0.488 -0.06408835 -0.060946282
0.4885 -0.06410028 -0.060946286
0.489 -0.06411206 -0.06094627
0.4895 -0.06412368 -0.060946293
0.49 -0.06413514 -0.060946308
0.4905 -0.06414645 -0.060946304
0.491 -0.06415761 -0.0609463
0.4915 -0.06416862 -0.060946316
0.492 -0.06417949 -0.060946323
0.4925 -0.06419021 -0.060946345
0.493 -0.06420079 -0.06094634
0.4935 -0.06421122 -0.060946338
0.494 -0.06422152 -0.060946345
0.4945 -0.06423168 -0.060946338
0.495 -0.06424171 -0.060946338
0.4955 -0.0642516 -0.060946357
0.496 -0.06426136 -0.060946357
0.4965 -0.064271 -0.060946357
0.497 -0.0642805 -0.060946353
0.4975 -0.06428988 -0.06094636
0.498 -0.06429913 -0.060946368
0.4985 -0.06430826 -0.060946368
0.499 -0.06431727 -0.060946368
0.4995 -0.06432617 -0.060946364
