0.0 -0.065 -0.062440313
0.0005 -0.065 -0.06398492
0.001 -0.065 -0.0662252
0.0015 -0.065 -0.06878415
0.002 -0.065 -0.07137212
0.0025 -0.065 -0.07381188
0.003 -0.065 -0.07600923
0.0035 -0.065 -0.07792322
0.004 -0.065 -0.079545215
0.0045 -0.065 -0.080884844
0.005 -0.065 -0.08196175
0.0055 -0.065 -0.08280009
0.006 -0.065 -0.08342543
0.0065 -0.065 -0.08386302
0.007 -0.065 -0.084136754
0.0075 -0.065 -0.08426866
0.008 -0.065 -0.084278524
0.0085 -0.065 -0.084184244
0.009 -0.065 -0.08400148
0.0095 -0.065 -0.08374411
0.01 -0.065 -0.08342427
0.0105 -0.065 -0.08305241
0.011 -0.065 -0.08263782
0.0115 -0.065 -0.08218831
0.012 -0.065 -0.0817108
0.0125 -0.065 -0.081211135
0.013 -0.065 -0.08069439
0.0135 -0.065 -0.080164954
0.014 -0.065 -0.07962641
0.0145 -0.065 -0.07908212
0.015 -0.065 -0.07853466
0.0155 -0.065 -0.077986434
0.016 -0.065 -0.07743932
0.0165 -0.065 -0.07689506
0.017 -0.065 -0.07635498
0.0175 -0.065 -0.07582021
0.018 -0.065 -0.07529181
0.0185 -0.065 -0.07477054
0.019 -0.065 -0.074257076
0.0195 -0.065 -0.0737519
0.02 -0.065 -0.073255405
0.0205 -0.065 -0.07276806
0.021 -0.065 -0.07229008
0.0215 -0.065 -0.07182154
0.022 -0.065 -0.071362734
0.0225 -0.065 -0.07091364
0.023 -0.065 -0.0704743
0.0235 -0.065 -0.07004467
0.024 -0.065 -0.06962475
0.0245 -0.065 -0.06921452
0.025 -0.065 -0.06881383
0.0255 -0.065 -0.068422645
0.026 -0.065 -0.06804079
0.0265 -0.065 -0.0676682
0.027 -0.065 -0.0673047
0.0275 -0.065 -0.06695011
0.028 -0.065 -0.066604346
0.0285 -0.065 -0.06626707
0.029 -0.065 -0.065938294
0.0295 -0.065 -0.06561783
0.03 -0.065 -0.06530535
0.0305 -0.065 -0.06500095
0.031 -0.065 -0.06470421
0.0315 -0.065 -0.06441501
0.032 -0.065 -0.06413326
0.0325 -0.065 -0.06385881
0.033 -0.065 -0.06359136
0.0335 -0.065 -0.0633308
0.034 -0.065 -0.06307694
0.0345 -0.065 -0.0628297
0.035 -0.065 -0.06258884
0.0355 -0.065 -0.062354207
0.036 -0.065 -0.062125623
0.0365 -0.065 -0.06190306
0.037 -0.065 -0.06168616
0.0375 -0.065 -0.06147495
0.038 -0.065 -0.061269194
0.0385 -0.065 -0.061068833
0.039 -0.065 -0.060873628
0.0395 -0.065 -0.06068352
0.04 -0.065 -0.060498327
0.0405 -0.065 -0.060317993
0.041 -0.065 -0.06014225
0.0415 -0.065 -0.059971094
0.042 -0.065 -0.05980444
0.0425 -0.065 -0.059642047
0.043 -0.065 -0.059483886
0.0435 -0.065 -0.059329838
0.044 -0.065 -0.059179753
0.0445 -0.065 -0.059033543
0.045 -0.065 -0.058891118
0.0455 -0.065 -0.058752388
0.046 -0.065 -0.058617204
0.0465 -0.065 -0.058485568
0.047 -0.065 -0.05835727
0.0475 -0.065 -0.058232307
0.048 -0.065 -0.058110535
0.0485 -0.065 -0.05799195
0.049 -0.065 -0.057876408
0.0495 -0.065 -0.057763815
0.05 -0.065 -0.057654083
0.0505 -0.065 -0.057547152
0.051 -0.065 -0.057442993
0.0515 -0.065 -0.057341546
0.052 -0.065 -0.05724266
0.0525 -0.065 -0.05714625
0.053 -0.065 -0.057052374
0.0535 -0.065 -0.05696082
0.054 -0.065 -0.056871682
0.0545 -0.065 -0.05678466
0.055 -0.065 -0.05669999
0.0555 -0.065 -0.05661747
0.056 -0.065 -0.056537002
0.0565 -0.065 -0.056458592
0.057 -0.065 -0.05638215
0.0575 -0.065 -0.056307673
0.058 -0.065 -0.056235105
0.0585 -0.065 -0.056164324
0.059 -0.065 -0.05609536
0.0595 -0.065 -0.056028187
0.06 -0.065 -0.055962622
0.0605 -0.065 -0.055898726
0.061 -0.065 -0.05583647
0.0615 -0.065 -0.055775672
0.062 -0.065 -0.055716485
0.0625 -0.065 -0.055658787
0.063 -0.065 -0.05560255
0.0635 -0.065 -0.055547684
0.064 -0.065 -0.05549428
0.0645 -0.065 -0.055442154
0.065 -0.065 -0.05539128
0.0655 -0.065 -0.05534181
0.066 -0.065 -0.05529344
0.0665 -0.065 -0.055246264
0.067 -0.065 -0.05520037
0.0675 -0.065 -0.055155575
0.068 -0.065 -0.055111885
0.0685 -0.065 -0.055069327
0.069 -0.065 -0.055027783
0.0695 -0.065 -0.05498728
0.07 -0.065 -0.054947704
0.0705 -0.065 -0.0549092
0.071 -0.065 -0.05487165
0.0715 -0.065 -0.054834962
0.072 -0.065 -0.05479926
0.0725 -0.065 -0.05476436
0.073 -0.065 -0.054730386
0.0735 -0.065 -0.054697186
0.074 -0.065 -0.05466488
0.0745 -0.065 -0.05463335
0.075 -0.065 -0.054602623
0.0755 -0.065 -0.054572582
0.076 -0.065 -0.054543316
0.0765 -0.065 -0.054514796
0.077 -0.065 -0.0544869
0.0775 -0.065 -0.05445975
0.078 -0.065 -0.054433256
0.0785 -0.065 -0.05440736
0.079 -0.065 -0.054382116
0.0795 -0.065 -0.05435756
0.08 -0.065 -0.054333597
0.0805 -0.065 -0.054310173
0.081 -0.065 -0.054287404
0.0815 -0.065 -0.05426511
0.082 -0.065 -0.054243356
0.0825 -0.065 -0.054222196
0.083 -0.065 -0.054201514
0.0835 -0.065 -0.054181308
0.084 -0.065 -0.054161638
0.0845 -0.065 -0.054142386
0.085 -0.065 -0.05412364
0.0855 -0.065 -0.05410534
0.086 -0.065 -0.05408746
0.0865 -0.065 -0.054069996
0.087 -0.065 -0.05405301
0.0875 -0.065 -0.05403647
0.088 -0.065 -0.054020286
0.0885 -0.065 -0.05400446
0.089 -0.065 -0.053989083
0.0895 -0.065 -0.053974092
0.09 -0.065 -0.05395937
0.0905 -0.065 -0.053945094
0.091 -0.065 -0.053931087
0.0915 -0.065 -0.053917438
0.092 -0.065 -0.053904146
0.0925 -0.065 -0.053891182
0.093 -0.065 -0.053878516
0.0935 -0.065 -0.053866178
0.094 -0.065 -0.053854108
0.0945 -0.065 -0.053842336
0.095 -0.065 -0.053830862
0.0955 -0.065 -0.053819627
0.096 -0.065 -0.05380863
0.0965 -0.065 -0.05379793
0.097 -0.065 -0.05378753
0.0975 -0.065 -0.053777337
0.098 -0.065 -0.053767443
0.0985 -0.065 -0.053757727
0.099 -0.065 -0.05374828
0.0995 -0.065 -0.05373907
0.1 -0.065 -0.053737253
0.1005 -0.06496807 -0.054086775
0.101 -0.06484004 -0.054678977
0.1015 -0.06463358 -0.055430084
0.102 -0.0643744 -0.05627516
0.1025 -0.06407712 -0.057164043
0.103 -0.06374872 -0.058057398
0.1035 -0.06339242 -0.058924556
0.104 -0.06300969 -0.059741497
0.1045 -0.06260124 -0.060489446
0.105 -0.06216747 -0.0611538
0.1055 -0.06170859 -0.061723232
0.106 -0.06122241 -0.06218919
0.1065 -0.06070707 -0.06254518
0.107 -0.06016815 -0.0627867
0.1075 -0.05960715 -0.06291035
0.108 -0.05902374 -0.06291437
0.1085 -0.05841731 -0.062797785
0.109 -0.05778738 -0.06256062
0.1095 -0.05713345 -0.062203556
0.11 -0.0564552 -0.061727762
0.1105 -0.05575312 -0.061135203
0.111 -0.05502752 -0.060427994
0.1115 -0.05427849 -0.059608668
0.112 -0.05350616 -0.058680177
0.1125 -0.05271049 -0.0576455
0.113 -0.05188836 -0.056507975
0.1135 -0.05104118 -0.05527082
0.114 -0.05017247 -0.053937554
0.1145 -0.04928298 -0.052511662
0.115 -0.04837247 -0.05099678
0.1155 -0.04744061 -0.049396396
0.116 -0.04648716 -0.047714174
0.1165 -0.04551202 -0.04595357
0.117 -0.04451356 -0.044118136
0.1175 -0.04349266 -0.042211175
0.118 -0.0424514 -0.040236115
0.1185 -0.04138998 -0.038196266
0.119 -0.04030824 -0.036094874
0.1195 -0.03920523 -0.03393492
0.12 -0.03808108 -0.031719595
0.1205 -0.03693714 -0.029451698
0.121 -0.03577362 -0.0271343
0.1215 -0.0345904 -0.024769962
0.122 -0.0333874 -0.022361398
0.1225 -0.03216465 -0.01991114
0.123 -0.03092275 -0.017421752
0.1235 -0.02966661 -0.014895618
0.124 -0.02839516 -0.012334973
0.1245 -0.02710469 -0.009742022
0.125 -0.02579402 -0.0071189106
0.1255 -0.0244653 -0.004467815
0.126 -0.02311766 -0.0017904639
0.1265 -0.02175018 0.000911057
0.127 -0.02036417 0.003635019
0.1275 -0.01895866 0.006379783
0.128 -0.01753335 0.009143591
0.1285 -0.01608883 0.011924803
0.129 -0.01462588 0.01472196
0.1295 -0.0131452 0.017533481
0.13 -0.01164734 0.020358175
0.1305 -0.01013274 0.023194522
0.131 -0.008601705 0.026041359
0.1315 -0.007054477 0.028897196
0.132 -0.00549126 0.03176126
0.1325 -0.003912237 0.034631997
0.133 -0.002317572 0.037508488
0.1335 -0.0007074105 0.040389627
0.134 0.0009181714 0.04327461
0.1345 0.002550018 0.046162218
0.135 0.004186734 0.049051613
0.1355 0.005837241 0.05194205
0.136 0.007502173 0.05483249
0.1365 0.009186974 0.05772224
0.137 0.01089304 0.060610503
0.1375 0.01261881 0.06349644
0.138 0.01436192 0.0663794
0.1385 0.01611409 0.06925878
0.139 0.01787578 0.07213375
0.1395 0.01965305 0.07500383
0.14 0.02144751 0.07786837
0.1405 0.02325847 0.08072677
0.141 0.02508465 0.0835785
0.1415 0.02692494 0.08642292
0.142 0.02877852 0.089259714
0.1425 0.03064478 0.09208825
0.143 0.03252328 0.09490803
0.1435 0.0344138 0.097718805
0.144 0.03631623 0.100519985
0.1445 0.03823045 0.10331115
0.145 0.04014893 0.106092036
0.1455 0.04206713 0.10886213
0.146 0.04399514 0.11162114
0.1465 0.0459182 0.11436871
0.147 0.0478442 0.11710438
0.1475 0.04979087 0.119828135
0.148 0.05176275 0.12253949
0.1485 0.05375751 0.12523818
0.149 0.05577121 0.127924
0.1495 0.05780031 0.13059649
0.15 0.05983892 0.13325506
0.1505 0.06180605 0.1358437
0.151 0.0635821 0.13836527
0.1515 0.06521557 0.14082193
0.152 0.06676123 0.1432155
0.1525 0.06824688 0.14554751
0.153 0.06968528 0.14781913
0.1535 0.07108109 0.15003172
0.154 0.07243563 0.15218607
0.1545 0.07374905 0.15428296
0.155 0.07502129 0.1563234
0.1555 0.07625229 0.15830788
0.156 0.0774421 0.16023704
0.1565 0.07859079 0.16211149
0.157 0.07969853 0.16393152
0.1575 0.08076549 0.1656976
0.158 0.0817918 0.16741022
0.1585 0.08277748 0.16906944
0.159 0.08372276 0.17067567
0.1595 0.08462799 0.1722292
0.16 0.0854934 0.17373016
0.1605 0.08631906 0.17517868
0.161 0.08710525 0.17657486
0.1615 0.08784614 0.17791876
0.162 0.08852795 0.17921045
0.1625 0.08917099 0.18044999
0.163 0.08978444 0.18163726
0.1635 0.09036864 0.18277243
0.164 0.09092136 0.18385515
0.1645 0.09144031 0.18488547
0.165 0.09192384 0.1858634
0.1655 0.09237095 0.18678853
0.166 0.09278117 0.18766096
0.1665 0.09315434 0.18848056
0.167 0.09349055 0.18924683
0.1675 0.09378985 0.18995988
0.168 0.09405236 0.19061944
0.1685 0.09427852 0.1912252
0.169 0.09446882 0.19177708
0.1695 0.09462366 0.19227454
0.17 0.09474345 0.19271776
0.1705 0.09482854 0.19310614
0.171 0.09487924 0.19343957
0.1715 0.09489564 0.1937179
0.172 0.09486856 0.19394073
0.1725 0.09479935 0.1941078
0.173 0.09469868 0.19421878
0.1735 0.09456964 0.1942738
0.174 0.09441183 0.19427237
0.1745 0.09422464 0.19421431
0.175 0.09400761 0.19409928
0.1755 0.09376049 0.19392732
0.176 0.09348317 0.19369799
0.1765 0.09317562 0.19341135
0.177 0.09283792 0.1930672
0.1775 0.09247019 0.19266537
0.178 0.09207129 0.19220579
0.1785 0.09163979 0.19168857
0.179 0.09117865 0.19111356
0.1795 0.09068914 0.1904808
0.18 0.09017168 0.18979043
0.1805 0.08962641 0.18904251
0.181 0.08905341 0.1882371
0.1815 0.08845278 0.18737456
0.182 0.08782467 0.18645507
0.1825 0.08716925 0.18547899
0.183 0.08648676 0.18444672
0.1835 0.08577742 0.18335867
0.184 0.0850415 0.18221548
0.1845 0.08427927 0.18101785
0.185 0.08349101 0.17976633
0.1855 0.08267699 0.1784617
0.186 0.0818375 0.17710486
0.1865 0.08097283 0.17569685
0.187 0.08008325 0.17423877
0.1875 0.07916904 0.17273167
0.188 0.07823049 0.17117706
0.1885 0.07726787 0.16957626
0.189 0.07628146 0.16793075
0.1895 0.07527153 0.16624239
0.19 0.07423835 0.16451278
0.1905 0.07318219 0.16274408
0.191 0.07210331 0.16093817
0.1915 0.07100199 0.15909752
0.192 0.06987847 0.15722439
0.1925 0.06873303 0.15532124
0.193 0.06756592 0.15339097
0.1935 0.06637739 0.15143648
0.194 0.0651677 0.14946058
0.1945 0.0639371 0.14746678
0.195 0.06268584 0.14545846
0.1955 0.06141416 0.14343908
0.196 0.06012231 0.14141247
0.1965 0.05881054 0.13938275
0.197 0.05747907 0.13735405
0.1975 0.05612815 0.1353307
0.198 0.05475802 0.13331735
0.1985 0.0533689 0.13131869
0.199 0.05196103 0.12933964
0.1995 0.05053465 0.12738565
0.2 0.04908996 0.1254619
0.2005 0.04765913 0.123508066
0.201 0.04630656 0.12153584
0.2015 0.04501478 0.11955422
0.202 0.04375832 0.117569625
0.2025 0.04252276 0.11558685
0.203 0.04130134 0.113609046
0.2035 0.04009105 0.11163846
0.204 0.03889062 0.1096763
0.2045 0.03769955 0.107723325
0.205 0.03651767 0.10577977
0.2055 0.03534493 0.10384545
0.206 0.03418139 0.101920575
0.2065 0.03302709 0.100004464
0.207 0.03188212 0.098097116
0.2075 0.03074654 0.09619799
0.208 0.02962043 0.094306976
0.2085 0.02850384 0.0924238
0.209 0.02739684 0.090548486
0.2095 0.02629949 0.08868107
0.21 0.02521182 0.086821586
0.2105 0.02413389 0.08497003
0.211 0.02306572 0.08312681
0.2115 0.02200735 0.08129209
0.212 0.0209588 0.07946649
0.2125 0.01992009 0.07765004
0.213 0.01889124 0.0758436
0.2135 0.01787225 0.07404736
0.214 0.01686313 0.0722619
0.2145 0.01586387 0.07048771
0.215 0.01487448 0.0687252
0.2155 0.01389494 0.06697506
0.216 0.01292524 0.06523764
0.2165 0.01196537 0.06351343
0.217 0.0110153 0.061802894
0.2175 0.01007501 0.060106546
0.218 0.009144477 0.05842474
0.2185 0.008223665 0.056757838
0.219 0.007312543 0.055106252
0.2195 0.006411076 0.053470314
0.22 0.005519224 0.05185029
0.2205 0.004636947 0.050246447
0.221 0.0037642 0.048659116
0.2215 0.002900939 0.047088414
0.222 0.002047114 0.04553458
0.2225 0.001202677 0.043997765
0.223 0.0003675741 0.042478174
0.2235 -0.0004582478 0.04097584
0.224 -0.001274844 0.03949079
0.2245 -0.002082272 0.038023323
0.225 -0.002880591 0.03657323
0.2255 -0.003669861 0.035140693
0.226 -0.004450142 0.03372565
0.2265 -0.005221499 0.0323281
0.227 -0.005983994 0.030948013
0.2275 -0.006737693 0.02958545
0.228 -0.007482661 0.028240174
0.2285 -0.008218966 0.026912272
0.229 -0.008946674 0.025601596
0.2295 -0.009665856 0.024308056
0.23 -0.01037658 0.023031503
0.2305 -0.01107891 0.021771938
0.231 -0.01177293 0.02052918
0.2315 -0.0124587 0.019303143
0.232 -0.01313629 0.018093735
0.2325 -0.01380578 0.016900867
0.233 -0.01446724 0.015724182
0.2335 -0.01512074 0.014563799
0.234 -0.01576635 0.01341939
0.2345 -0.01640415 0.012290865
0.235 -0.01703421 0.011178136
0.2355 -0.01765661 0.010081053
0.236 -0.01827141 0.008999407
0.2365 -0.01887869 0.00793305
0.237 -0.01947852 0.0068817735
0.2375 -0.02007098 0.005845636
0.238 -0.02065615 0.004824251
0.2385 -0.02123408 0.0038175285
0.239 -0.02180487 0.0028253496
0.2395 -0.02236857 0.001847595
0.24 -0.02292527 0.0008840859
0.2405 -0.02347503 -6.5386295e-05
0.241 -0.02401793 -0.0010009706
0.2415 -0.02455405 -0.001922667
0.242 -0.02508344 -0.0028308332
0.2425 -0.0256062 -0.0037254095
0.243 -0.02612238 -0.0046067536
0.2435 -0.02663205 -0.0054748654
0.244 -0.0271353 -0.0063299537
0.2445 -0.02763219 -0.0071721673
0.245 -0.02812278 -0.008001596
0.2455 -0.02860716 -0.008818507
0.246 -0.02908538 -0.009622902
0.2465 -0.02955752 -0.010414988
0.247 -0.03002365 -0.011194915
0.2475 -0.03048383 -0.011962771
0.248 -0.03093813 -0.012718767
0.2485 -0.03138662 -0.0134629905
0.249 -0.03182937 -0.014195532
0.2495 -0.03226644 -0.014916688
0.25 -0.0326979 -0.0156264
0.2505 -0.03312381 -0.016324997
0.251 -0.03354424 -0.017012417
0.2515 -0.03395925 -0.01768902
0.252 -0.03436891 -0.018354565
0.2525 -0.03477328 -0.01900953
0.253 -0.03517242 -0.019653946
0.2535 -0.03556639 -0.020287901
0.254 -0.03595526 -0.020911545
0.2545 -0.03633909 -0.021525025
0.255 -0.03671793 -0.022128522
0.2555 -0.03709185 -0.022722036
0.256 -0.03746091 -0.023305684
0.2565 -0.03782517 -0.023879766
0.257 -0.03818468 -0.024444133
0.2575 -0.0385395 -0.024999171
0.258 -0.03888969 -0.025544822
0.2585 -0.03923531 -0.026081294
0.259 -0.03957642 -0.026608735
0.2595 -0.03991306 -0.027127177
0.26 -0.04024529 -0.027636737
0.2605 -0.04057317 -0.028137594
0.261 -0.04089676 -0.028629899
0.2615 -0.0412161 -0.02911359
0.262 -0.04153125 -0.029588968
0.2625 -0.04184226 -0.030056
0.263 -0.04214918 -0.030514926
0.2635 -0.04245207 -0.030965865
0.264 -0.04275098 -0.031408876
0.2645 -0.04304594 -0.03184396
0.265 -0.04333703 -0.032271475
0.2655 -0.04362427 -0.03269121
0.266 -0.04390773 -0.033103496
0.2665 -0.04418745 -0.03350842
0.267 -0.04446348 -0.033906102
0.2675 -0.04473587 -0.034296513
0.268 -0.04500465 -0.03467998
0.2685 -0.04526989 -0.035056442
0.269 -0.04553161 -0.03542599
0.2695 -0.04578988 -0.035788834
0.27 -0.04604472 -0.036145
0.2705 -0.0462962 -0.036494553
0.271 -0.04654434 -0.036837727
0.2715 -0.04678919 -0.037174493
0.272 -0.0470308 -0.037505
0.2725 -0.04726921 -0.03782934
0.273 -0.04750446 -0.03814763
0.2735 -0.04773658 -0.038459927
0.274 -0.04796563 -0.038766354
0.2745 -0.04819163 -0.03906691
0.275 -0.04841463 -0.039361805
0.2755 -0.04863468 -0.039651126
0.276 -0.0488518 -0.039934963
0.2765 -0.04906603 -0.040213317
0.277 -0.04927742 -0.040486425
0.2775 -0.04948599 -0.04075426
0.278 -0.0496918 -0.041016877
0.2785 -0.04989486 -0.0412744
0.279 -0.05009523 -0.041526973
0.2795 -0.05029292 -0.04177463
0.28 -0.05048799 -0.04201743
0.2805 -0.05068046 -0.04225549
0.281 -0.05087037 -0.042488903
0.2815 -0.05105775 -0.042717725
0.282 -0.05124264 -0.042942077
0.2825 -0.05142506 -0.04316193
0.283 -0.05160505 -0.04337755
0.2835 -0.05178264 -0.043588787
0.284 -0.05195787 -0.043795884
0.2845 -0.05213076 -0.043998778
0.285 -0.05230135 -0.04419768
0.2855 -0.05246967 -0.044392616
0.286 -0.05263574 -0.04458359
0.2865 -0.05279959 -0.044770747
0.287 -0.05296127 -0.04495412
0.2875 -0.05312078 -0.04513377
0.288 -0.05327817 -0.04530984
0.2885 -0.05343346 -0.045482397
0.289 -0.05358668 -0.045651287
0.2895 -0.05373786 -0.04581684
0.29 -0.05388702 -0.045978904
0.2905 -0.05403419 -0.04613781
0.291 -0.05417939 -0.046293378
0.2915 -0.05432266 -0.046445787
0.292 -0.05446402 -0.046595007
0.2925 -0.0546035 -0.046741217
0.293 -0.05474111 -0.046884418
0.2935 -0.05487688 -0.047024578
0.294 -0.05501085 -0.047161907
0.2945 -0.05514303 -0.047296405
0.295 -0.05527344 -0.04742807
0.2955 -0.05540211 -0.047557056
0.296 -0.05552907 -0.04768327
0.2965 -0.05565434 -0.04780683
0.297 -0.05577793 -0.047927827
0.2975 -0.05589987 -0.04804632
0.298 -0.05602019 -0.04816231
0.2985 -0.0561389 -0.04827583
0.299 -0.05625603 -0.04838699
0.2995 -0.0563716 -0.04849586
0.3 -0.05648562 -0.048602372
0.3005 -0.05659813 -0.04870665
0.301 -0.05670913 -0.048808783
0.3015 -0.05681865 -0.04890868
0.302 -0.05692671 -0.049006492
0.3025 -0.05703334 -0.049102157
0.303 -0.05713854 -0.049195856
0.3035 -0.05724233 -0.049287558
0.304 -0.05734475 -0.049377292
0.3045 -0.05744579 -0.04946509
0.305 -0.05754549 -0.0495511
0.3055 -0.05764387 -0.049635142
0.306 -0.05774093 -0.049717396
0.3065 -0.05783669 -0.049797952
0.307 -0.05793118 -0.04987678
0.3075 -0.05802441 -0.049953878
0.308 -0.0581164 -0.050029308
0.3085 -0.05820717 -0.050103128
0.309 -0.05829672 -0.05017537
0.3095 -0.05838508 -0.05024597
0.31 -0.05847226 -0.05031514
0.3105 -0.05855829 -0.050382823
0.311 -0.05864317 -0.050448954
0.3115 -0.05872691 -0.050513685
0.312 -0.05880954 -0.050577074
0.3125 -0.05889108 -0.050639063
0.313 -0.05897152 -0.05069968
0.3135 -0.0590509 -0.050758928
0.314 -0.05912922 -0.050816923
0.3145 -0.0592065 -0.050873637
0.315 -0.05928274 -0.05092922
0.3155 -0.05935798 -0.05098352
0.316 -0.05943221 -0.051036537
0.3165 -0.05950546 -0.051088482
0.317 -0.05957773 -0.051139325
0.3175 -0.05964904 -0.051188946
0.318 -0.0597194 -0.051237583
0.3185 -0.05978883 -0.051285088
0.319 -0.05985734 -0.05133161
0.3195 -0.05992493 -0.051377058
0.32 -0.05999163 -0.051421523
0.3205 -0.06005744 -0.051465005
0.321 -0.06012237 -0.051507533
0.3215 -0.06018644 -0.051549196
0.322 -0.06024966 -0.051589847
0.3225 -0.06031205 -0.051629633
0.323 -0.0603736 -0.051668465
0.3235 -0.06043434 -0.051706493
0.324 -0.06049427 -0.051743686
0.3245 -0.0605534 -0.051780075
0.325 -0.06061175 -0.05181563
0.3255 -0.06066932 -0.05185038
0.326 -0.06072614 -0.051884383
0.3265 -0.06078219 -0.051917613
0.327 -0.06083751 -0.051950216
0.3275 -0.06089209 -0.051981956
0.328 -0.06094594 -0.05201304
0.3285 -0.06099909 -0.052043468
0.329 -0.06105153 -0.05207309
0.3295 -0.06110327 -0.05210215
0.33 -0.06115433 -0.05213055
0.3305 -0.06120471 -0.052158356
0.331 -0.06125442 -0.052185446
0.3315 -0.06130348 -0.052212
0.332 -0.06135188 -0.052237958
0.3325 -0.06139965 -0.05226332
0.333 -0.06144678 -0.052288145
0.3335 -0.06149329 -0.052312464
0.334 -0.06153918 -0.052336097
0.3345 -0.06158446 -0.052359283
0.335 -0.06162915 -0.052381963
0.3355 -0.06167324 -0.052404106
0.336 -0.06171675 -0.052425772
0.3365 -0.06175969 -0.05244693
0.337 -0.06180206 -0.052467614
0.3375 -0.06184387 -0.05248785
0.338 -0.06188512 -0.05250758
0.3385 -0.06192583 -0.05252692
0.339 -0.061966 -0.052545726
0.3395 -0.06200564 -0.052564293
0.34 -0.06204476 -0.052582324
0.3405 -0.06208336 -0.052599907
0.341 -0.06212145 -0.052617192
0.3415 -0.06215904 -0.05263406
0.342 -0.06219613 -0.0526506
0.3425 -0.06223273 -0.052666694
0.343 -0.06226885 -0.05268249
0.3435 -0.06230449 -0.052697867
0.344 -0.06233967 -0.052712917
0.3445 -0.06237437 -0.05272764
0.345 -0.06240862 -0.052742004
0.3455 -0.06244242 -0.05275604
0.346 -0.06247577 -0.05276975
0.3465 -0.06250869 -0.05278319
0.347 -0.06254117 -0.052796364
0.3475 -0.06257322 -0.05280912
0.348 -0.06260485 -0.052821696
0.3485 -0.06263606 -0.052833915
0.349 -0.06266686 -0.052845925
0.3495 -0.06269725 -0.052857608
0.35 -0.06272725 -0.05286905
0.3505 -0.06275685 -0.052880168
0.351 -0.06278606 -0.052891105
0.3515 -0.06281488 -0.052901745
0.352 -0.06284333 -0.052912235
0.3525 -0.0628714 -0.052922398
0.353 -0.0628991 -0.05293235
0.3535 -0.06292644 -0.052942097
0.354 -0.06295342 -0.052951604
0.3545 -0.06298005 -0.052960932
0.355 -0.06300632 -0.052969992
0.3555 -0.06303225 -0.052978903
0.356 -0.06305784 -0.052987605
0.3565 -0.06308309 -0.05299607
0.357 -0.06310801 -0.053004384
0.3575 -0.0631326 -0.05301252
0.358 -0.06315687 -0.053020358
0.3585 -0.06318082 -0.053028136
0.359 -0.06320446 -0.053035706
0.3595 -0.06322778 -0.053043097
0.36 -0.0632508 -0.05305028
0.3605 -0.06327352 -0.053057343
0.361 -0.06329594 -0.053064257
0.3615 -0.06331806 -0.053070992
0.362 -0.0633399 -0.05307752
0.3625 -0.06336145 -0.053084016
0.363 -0.06338271 -0.053090334
0.3635 -0.0634037 -0.053096414
0.364 -0.06342441 -0.053102463
0.3645 -0.06344485 -0.053108335
0.365 -0.06346502 -0.053114086
0.3655 -0.06348493 -0.05311975
0.366 -0.06350458 -0.053125173
0.3665 -0.06352397 -0.053130537
0.367 -0.06354311 -0.053135693
0.3675 -0.06356199 -0.05314088
0.368 -0.06358063 -0.053145796
0.3685 -0.06359902 -0.053150684
0.369 -0.06361718 -0.05315548
0.3695 -0.06363509 -0.0531601
0.37 -0.06365277 -0.05316466
0.3705 -0.06367022 -0.0531691
0.371 -0.06368745 -0.053173482
0.3715 -0.06370444 -0.053177744
0.372 -0.06372122 -0.053181857
0.3725 -0.06373777 -0.05318588
0.373 -0.06375411 -0.053189874
0.3735 -0.06377024 -0.05319372
0.374 -0.06378615 -0.053197503
0.3745 -0.06380186 -0.05320123
0.375 -0.06381736 -0.053204834
0.3755 -0.06383266 -0.05320835
0.376 -0.06384776 -0.053211838
0.3765 -0.06386266 -0.053215206
0.377 -0.06387736 -0.053218514
0.3775 -0.06389188 -0.053221703
0.378 -0.0639062 -0.05322483
0.3785 -0.06392034 -0.05322787
0.379 -0.0639343 -0.05323097
0.3795 -0.06394807 -0.053233802
0.38 -0.06396166 -0.053236663
0.3805 -0.06397508 -0.053239435
0.381 -0.06398832 -0.053242207
0.3815 -0.06400139 -0.05324489
0.382 -0.06401428 -0.05324751
0.3825 -0.06402701 -0.053250045
0.383 -0.06403957 -0.05325252
0.3835 -0.06405197 -0.053254932
0.384 -0.06406421 -0.053257346
0.3845 -0.06407629 -0.05325964
0.385 -0.06408821 -0.053261966
0.3855 -0.06409998 -0.05326411
0.386 -0.06411159 -0.053266257
0.3865 -0.06412305 -0.053268403
0.387 -0.06413436 -0.05327049
0.3875 -0.06414553 -0.053272575
0.388 -0.06415655 -0.053274542
0.3885 -0.06416742 -0.05327648
0.389 -0.06417816 -0.053278357
0.3895 -0.06418875 -0.053280175
0.39 -0.06419921 -0.053282052
0.3905 -0.06420953 -0.05328381
0.391 -0.06421972 -0.05328551
0.3915 -0.06422977 -0.05328712
0.392 -0.0642397 -0.053288788
0.3925 -0.06424949 -0.053290457
0.393 -0.06425916 -0.053291947
0.3935 -0.0642687 -0.053293556
0.394 -0.06427812 -0.053294986
0.3945 -0.06428742 -0.053296477
0.395 -0.06429659 -0.053297907
0.3955 -0.06430565 -0.053299367
0.396 -0.06431459 -0.05330074
0.3965 -0.06432341 -0.05330208
0.397 -0.06433212 -0.0533033
0.3975 -0.06434071 -0.053304583
0.398 -0.06434919 -0.053305835
0.3985 -0.06435757 -0.053306997
0.399 -0.06436583 -0.05330822
0.3995 -0.06437399 -0.05330941
0.4 -0.06438204 -0.053310484
0.4005 -0.06438999 -0.053311616
0.401 -0.06439783 -0.05331269
0.4015 -0.06440557 -0.053313702
0.402 -0.06441321 -0.053314775
0.4025 -0.06442076 -0.05331573
0.403 -0.0644282 -0.053316742
0.4035 -0.06443555 -0.053317696
0.404 -0.0644428 -0.05331853
0.4045 -0.06444996 -0.053319514
0.405 -0.06445703 -0.053320438
0.4055 -0.064464 -0.053321272
0.406 -0.06447089 -0.053322136
0.4065 -0.06447769 -0.053323
0.407 -0.06448439 -0.053323805
0.4075 -0.06449101 -0.05332461
0.408 -0.06449755 -0.053325355
0.4085 -0.064504 -0.05332616
0.409 -0.06451037 -0.053326845
0.4095 -0.06451665 -0.05332759
0.41 -0.06452285 -0.053328305
0.4105 -0.06452898 -0.05332902
0.411 -0.06453502 -0.053329736
0.4115 -0.06454099 -0.05333036
0.412 -0.06454688 -0.053331017
0.4125 -0.06455269 -0.053331733
0.413 -0.06455843 -0.0533323
0.4135 -0.06456409 -0.053332835
0.414 -0.06456968 -0.05333343
0.4145 -0.0645752 -0.053334057
0.415 -0.06458064 -0.053334624
0.4155 -0.06458602 -0.05333519
0.416 -0.06459133 -0.053335637
0.4165 -0.06459656 -0.053336203
0.417 -0.06460173 -0.05333674
0.4175 -0.06460684 -0.053337246
0.418 -0.06461188 -0.053337693
0.4185 -0.06461685 -0.05333823
0.419 -0.06462176 -0.053338647
0.4195 -0.0646266 -0.053339064
0.42 -0.06463139 -0.05333951
0.4205 -0.06463611 -0.05333993
0.421 -0.06464077 -0.053340405
0.4215 -0.06464537 -0.053340822
0.422 -0.06464991 -0.05334124
0.4225 -0.06465439 -0.053341597
0.423 -0.06465881 -0.053342015
0.4235 -0.06466318 -0.053342372
0.424 -0.06466749 -0.05334279
0.4245 -0.06467175 -0.053343087
0.425 -0.06467595 -0.053343445
0.4255 -0.06468009 -0.053343743
0.426 -0.06468419 -0.0533441
0.4265 -0.06468823 -0.05334443
0.427 -0.06469222 -0.053344786
0.4275 -0.06469615 -0.053345144
0.428 -0.06470004 -0.053345412
0.4285 -0.06470387 -0.05334565
0.429 -0.06470766 -0.05334595
0.4295 -0.0647114 -0.053346246
0.43 -0.06471509 -0.053346574
0.4305 -0.06471873 -0.053346843
0.431 -0.06472233 -0.05334705
0.4315 -0.06472588 -0.05334732
0.432 -0.06472938 -0.053347528
0.4325 -0.06473284 -0.053347826
0.433 -0.06473625 -0.053348094
0.4335 -0.06473962 -0.053348333
0.434 -0.06474295 -0.05334857
0.4345 -0.06474623 -0.05334884
0.435 -0.06474947 -0.053349048
0.4355 -0.06475267 -0.053349316
0.436 -0.06475583 -0.053349435
0.4365 -0.06475895 -0.053349644
0.437 -0.06476203 -0.053349912
0.4375 -0.06476507 -0.05335012
0.438 -0.06476807 -0.0533503
0.4385 -0.06477103 -0.05335039
0.439 -0.06477395 -0.053350598
0.4395 -0.06477683 -0.053350806
0.44 -0.06477968 -0.053351015
0.4405 -0.06478249 -0.053351194
0.441 -0.06478527 -0.053351432
0.4415 -0.06478801 -0.05335158
0.442 -0.06479071 -0.05335173
0.4425 -0.06479338 -0.05335182
0.443 -0.06479602 -0.053352028
0.4435 -0.06479862 -0.053352118
0.444 -0.06480119 -0.053352326
0.4445 -0.06480373 -0.053352416
0.445 -0.06480623 -0.053352565
0.4455 -0.0648087 -0.053352714
0.446 -0.06481114 -0.053352892
0.4465 -0.06481355 -0.05335304
0.447 -0.06481592 -0.05335313
0.4475 -0.06481827 -0.05335325
0.448 -0.06482059 -0.05335337
0.4485 -0.06482287 -0.05335352
0.449 -0.06482513 -0.053353578
0.4495 -0.06482736 -0.053353697
0.45 -0.06482956 -0.053353816
0.4505 -0.06483173 -0.053353906
0.451 -0.06483387 -0.053354025
0.4515 -0.06483599 -0.053354114
0.452 -0.06483808 -0.053354174
0.4525 -0.06484014 -0.053354234
0.453 -0.06484218 -0.053354412
0.4535 -0.06484419 -0.0533545
0.454 -0.06484617 -0.05335459
0.4545 -0.06484813 -0.05335468
0.455 -0.06485006 -0.05335474
0.4555 -0.06485197 -0.05335486
0.456 -0.06485386 -0.05335492
0.4565 -0.06485572 -0.05335501
0.457 -0.06485755 -0.053355068
0.4575 -0.06485937 -0.053355128
0.458 -0.06486116 -0.053355187
0.4585 -0.06486292 -0.053355306
0.459 -0.06486467 -0.053355366
0.4595 -0.06486639 -0.053355485
0.46 -0.06486809 -0.053355575
0.4605 -0.06486977 -0.053355634
0.461 -0.06487142 -0.053355664
0.4615 -0.06487306 -0.053355783
0.462 -0.06487467 -0.053355813
0.4625 -0.06487627 -0.053355843
0.463 -0.06487784 -0.053355932
0.4635 -0.0648794 -0.05335599
0.464 -0.06488093 -0.05335602
0.4645 -0.06488244 -0.05335608
0.465 -0.06488394 -0.05335614
0.4655 -0.06488541 -0.05335623
0.466 -0.06488687 -0.05335626
0.4665 -0.06488831 -0.05335632
0.467 -0.06488973 -0.05335641
0.4675 -0.06489113 -0.05335647
0.468 -0.06489251 -0.05335644
0.4685 -0.06489388 -0.05335647
0.469 -0.06489523 -0.0533565
0.4695 -0.06489656 -0.05335653
0.47 -0.06489787 -0.053356618
0.4705 -0.06489917 -0.053356677
0.471 -0.06490045 -0.053356737
0.4715 -0.06490171 -0.053356767
0.472 -0.06490296 -0.053356797
0.4725 -0.0649042 -0.053356826
0.473 -0.06490541 -0.053356886
0.4735 -0.06490661 -0.053356946
0.474 -0.0649078 -0.053356946
0.4745 -0.06490897 -0.053356946
0.475 -0.06491013 -0.053356975
0.4755 -0.06491127 -0.053357035
0.476 -0.06491239 -0.053357095
0.4765 -0.06491351 -0.053357035
0.477 -0.0649146 -0.053357095
0.4775 -0.06491569 -0.053357124
0.478 -0.06491676 -0.053357154
0.4785 -0.06491781 -0.053357154
0.479 -0.06491886 -0.053357214
0.4795 -0.06491989 -0.053357273
0.48 -0.0649209 -0.053357303
0.4805 -0.06492191 -0.053357333
0.481 -0.0649229 -0.053357393
0.4815 -0.06492387 -0.053357363
0.482 -0.06492484 -0.053357422
0.4825 -0.06492579 -0.053357452
0.483 -0.06492673 -0.053357452
0.4835 -0.06492766 -0.053357452
0.484 -0.06492858 -0.053357482
0.4845 -0.06492949 -0.05335754
0.485 -0.06493038 -0.05335751
0.4855 -0.06493126 -0.05335751
0.486 -0.06493214 -0.053357452
0.4865 -0.064933 -0.053357482
0.487 -0.06493385 -0.05335754
0.4875 -0.06493468 -0.05335751
0.488 -0.06493551 -0.05335757
0.4885 -0.06493633 -0.05335763
0.489 -0.06493714 -0.05335766
0.4895 -0.06493793 -0.05335766
0.49 -0.06493872 -0.05335766
0.4905 -0.0649395 -0.05335769
0.491 -0.06494026 -0.05335769
0.4915 -0.06494102 -0.05335781
0.492 -0.06494177 -0.05335781
0.4925 -0.0649425 -0.05335787
0.493 -0.06494323 -0.05335793
0.4935 -0.06494395 -0.05335793
0.494 -0.06494466 -0.0533579
0.4945 -0.06494536 -0.0533579
0.495 -0.06494605 -0.05335793
0.4955 -0.06494674 -0.0533579
0.496 -0.06494741 -0.05335784
0.4965 -0.06494808 -0.0533579
0.497 -0.06494874 -0.05335787
0.4975 -0.06494938 -0.05335787
0.498 -0.06495003 -0.0533579
0.4985 -0.06495066 -0.0533579
0.499 -0.06495128 -0.0533579
0.4995 -0.0649519 -0.05335793
