0.0 -0.065 -0.062443383
0.0005 -0.06499992 -0.0641297
0.001 -0.06499933 -0.06659958
0.0015 -0.06499795 -0.06946558
0.002 -0.06499573 -0.07243327
0.0025 -0.06499264 -0.07531957
0.003 -0.06498865 -0.07802285
0.0035 -0.06498373 -0.08049391
0.004 -0.06497784 -0.08271569
0.0045 -0.06497091 -0.08468963
0.005 -0.0649629 -0.08642754
0.0055 -0.06495376 -0.087946385
0.006 -0.06494342 -0.0892653
0.0065 -0.06493185 -0.09040366
0.007 -0.06491898 -0.091380075
0.0075 -0.06490477 -0.09221196
0.008 -0.06488916 -0.09291518
0.0085 -0.06487211 -0.09350404
0.009 -0.06485211 -0.093991205
0.0095 -0.06482499 -0.094387874
0.01 -0.06479652 -0.09470406
0.0105 -0.06476903 -0.09494847
0.011 -0.06474225 -0.095128685
0.0115 -0.06471536 -0.09525144
0.012 -0.06468765 -0.09532255
0.0125 -0.06465858 -0.09534711
0.013 -0.0646243 -0.09532964
0.0135 -0.0645843 -0.095274
0.014 -0.06454346 -0.09518376
0.0145 -0.06450291 -0.09506178
0.015 -0.06446234 -0.09491086
0.0155 -0.06442108 -0.09473327
0.016 -0.06437854 -0.09453106
0.0165 -0.06433427 -0.09430608
0.017 -0.064288 -0.09406003
0.0175 -0.06423934 -0.0937942
0.018 -0.06418821 -0.09350997
0.0185 -0.06413479 -0.09320852
0.019 -0.06407915 -0.09289089
0.0195 -0.06402129 -0.09255797
0.02 -0.06396034 -0.09221062
0.0205 -0.06389239 -0.091849625
0.021 -0.06382207 -0.091475636
0.0215 -0.0637516 -0.09108934
0.022 -0.06368087 -0.0906913
0.0225 -0.0636092 -0.09028202
0.023 -0.06353598 -0.08986196
0.0235 -0.06345964 -0.08943164
0.024 -0.06337194 -0.0889914
0.0245 -0.06327887 -0.08854163
0.025 -0.0631861 -0.08808282
0.0255 -0.06309482 -0.08761513
0.026 -0.06300441 -0.08713901
0.0265 -0.06291385 -0.08665475
0.027 -0.06282221 -0.08616254
0.0275 -0.06272883 -0.08566278
0.028 -0.06263329 -0.085155606
0.0285 -0.06253532 -0.08464125
0.029 -0.06243479 -0.084120005
0.0295 -0.06233162 -0.08359218
0.03 -0.06221431 -0.08305779
0.0305 -0.06208124 -0.08251712
0.031 -0.06194679 -0.081970364
0.0315 -0.06181625 -0.08141777
0.032 -0.06168975 -0.08085933
0.0325 -0.06156575 -0.080295354
0.033 -0.06144263 -0.07972607
0.0335 -0.06131706 -0.07915154
0.034 -0.06117749 -0.078571826
0.0345 -0.06103137 -0.07798728
0.035 -0.06088602 -0.07739797
0.0355 -0.06074324 -0.07680401
0.036 -0.06060239 -0.07620555
0.0365 -0.06046226 -0.07560271
0.037 -0.06032174 -0.07499561
0.0375 -0.06018 -0.07438451
0.038 -0.0600365 -0.07376939
0.0385 -0.05989089 -0.07315037
0.039 -0.05974296 -0.07252771
0.0395 -0.05959262 -0.07190126
0.04 -0.0594398 -0.07127136
0.0405 -0.05928451 -0.07063806
0.041 -0.05912675 -0.07000145
0.0415 -0.05896654 -0.06936175
0.042 -0.0588039 -0.06871894
0.0425 -0.05863885 -0.068073064
0.043 -0.05847142 -0.06742436
0.0435 -0.05830163 -0.06677291
0.044 -0.05812951 -0.06611866
0.0445 -0.05795509 -0.06546196
0.045 -0.05777848 -0.06480256
0.0455 -0.05759966 -0.064140886
0.046 -0.05741857 -0.06347692
0.0465 -0.05723513 -0.06281063
0.047 -0.05704919 -0.062142283
0.0475 -0.0568608 -0.0614717
0.048 -0.05667011 -0.06079927
0.0485 -0.05647723 -0.060124874
0.049 -0.05628223 -0.05944869
0.0495 -0.05608512 -0.058770716
0.05 -0.05588592 -0.058092207
0.0505 -0.05568472 -0.05751854
0.051 -0.05548203 -0.057033718
0.0515 -0.05527804 -0.056623638
0.052 -0.0550728 -0.05627635
0.0525 -0.05486632 -0.055981696
0.053 -0.05465868 -0.05573091
0.0535 -0.05444993 -0.05551651
0.054 -0.05424078 -0.055332005
0.0545 -0.05403426 -0.055171847
0.055 -0.0538285 -0.055031657
0.0555 -0.05362124 -0.054907143
0.056 -0.05341179 -0.054795265
0.0565 -0.05320029 -0.054692954
0.057 -0.05298717 -0.054597914
0.0575 -0.05277287 -0.05450797
0.058 -0.05255776 -0.054421604
0.0585 -0.0523421 -0.054337204
0.059 -0.0521261 -0.054253757
0.0595 -0.05190991 -0.054170042
0.06 -0.05169363 -0.054085374
0.0605 -0.05147734 -0.053999007
0.061 -0.05126114 -0.053910375
0.0615 -0.05104507 -0.05381891
0.062 -0.05082894 -0.05372432
0.0625 -0.05061201 -0.05362612
0.063 -0.05039496 -0.053524256
0.0635 -0.05017851 -0.05341828
0.064 -0.04996207 -0.05330804
0.0645 -0.04974596 -0.05319336
0.065 -0.04953092 -0.05307421
0.0655 -0.04931718 -0.052950352
0.066 -0.04910467 -0.052821636
0.0665 -0.04889322 -0.052687973
0.067 -0.04868271 -0.052549213
0.0675 -0.04847307 -0.052405387
0.068 -0.04826427 -0.052256137
0.0685 -0.04805633 -0.052101433
0.069 -0.04784927 -0.051941186
0.0695 -0.04764313 -0.051775277
0.07 -0.04743795 -0.051603466
0.0705 -0.04723413 -0.051425576
0.071 -0.04703236 -0.051241577
0.0715 -0.04683168 -0.05105111
0.072 -0.04663172 -0.050854176
0.0725 -0.04643251 -0.05065033
0.073 -0.04623423 -0.050439537
0.0735 -0.04603701 -0.050221354
0.074 -0.04584098 -0.04999578
0.0745 -0.04564624 -0.04976237
0.075 -0.04545283 -0.04952085
0.0755 -0.04526082 -0.049270988
0.076 -0.04507025 -0.049012452
0.0765 -0.04488115 -0.048744887
0.077 -0.04469354 -0.048468024
0.0775 -0.04450745 -0.048181385
0.078 -0.04432291 -0.047884822
0.0785 -0.04413994 -0.04757774
0.079 -0.04395855 -0.047259837
0.0795 -0.04377876 -0.04693073
0.08 -0.0436006 -0.04658991
0.0805 -0.04342408 -0.04623705
0.081 -0.04324922 -0.045871735
0.0815 -0.04307604 -0.045493484
0.082 -0.04290455 -0.04510191
0.0825 -0.04273476 -0.04469645
0.083 -0.0425667 -0.044276655
0.0835 -0.04240037 -0.043842107
0.084 -0.04223578 -0.04339233
0.0845 -0.04207296 -0.042926878
0.085 -0.04191191 -0.042445213
0.0855 -0.04175263 -0.04194686
0.086 -0.04159515 -0.041431278
0.0865 -0.04143947 -0.040898085
0.087 -0.04128561 -0.04034689
0.0875 -0.04113355 -0.03977695
0.088 -0.04098333 -0.039188057
0.0885 -0.04083493 -0.038579732
0.089 -0.04068837 -0.03795144
0.0895 -0.04054366 -0.03730291
0.09 -0.04040079 -0.03663367
0.0905 -0.04025977 -0.03594324
0.091 -0.04012061 -0.03523135
0.0915 -0.0399833 -0.03449768
0.092 -0.03984775 -0.03374186
0.0925 -0.03971394 -0.032963723
0.093 -0.03958195 -0.032162935
0.0935 -0.03945299 -0.031339377
0.094 -0.03933345 -0.030492842
0.0945 -0.03921805 -0.02962318
0.095 -0.03910212 -0.028730571
0.0955 -0.03898463 -0.027814746
0.096 -0.03886614 -0.026875883
0.0965 -0.03874757 -0.025914043
0.097 -0.03862974 -0.024929494
0.0975 -0.03851323 -0.023922533
0.098 -0.0383984 -0.022893399
0.0985 -0.03828544 -0.02184257
0.099 -0.03817438 -0.020770624
0.0995 -0.03806521 -0.019678116
0.1 -0.03795801 -0.016132176
0.1005 -0.02651215 -0.011394948
0.101 -0.01440865 -0.0059551895
0.1015 -0.006815788 -0.00033164024
0.102 -0.001914781 0.005066663
0.1025 0.001711048 0.010002732
0.103 0.004752436 0.014389604
0.1035 0.007520941 0.018237472
0.104 0.01014686 0.021605521
0.1045 0.01269938 0.024570614
0.105 0.0152046 0.02720964
0.1055 0.01766276 0.02959168
0.106 0.02008187 0.031775087
0.1065 0.02247913 0.033807486
0.107 0.02485836 0.035726756
0.1075 0.02721745 0.037562758
0.108 0.02955353 0.0393385
0.1085 0.03186447 0.041071564
0.109 0.0341491 0.042775333
0.1095 0.03640661 0.04446
0.11 0.03863642 0.046132833
0.1105 0.04083949 0.04779941
0.111 0.04301503 0.04946348
0.1115 0.04514976 0.051127672
0.112 0.04725278 0.05279383
0.1125 0.04933638 0.05446294
0.113 0.05140387 0.056135535
0.1135 0.05345444 0.057811797
0.114 0.05547207 0.059491456
0.1145 0.05744451 0.061174095
0.115 0.05939675 0.06285921
0.1155 0.06134014 0.06454635
0.116 0.06327522 0.06623456
0.1165 0.06519889 0.0679231
0.117 0.06710789 0.06961128
0.1175 0.06899983 0.0712983
0.118 0.07087332 0.072983354
0.1185 0.07272778 0.074665725
0.119 0.07456298 0.0763447
0.1195 0.07637888 0.07801956
0.12 0.07817545 0.07968956
0.1205 0.07995312 0.08135423
0.121 0.08171243 0.08301288
0.1215 0.08345389 0.08466491
0.122 0.08517798 0.08630991
0.1225 0.08688513 0.08794728
0.123 0.08857575 0.08957651
0.1235 0.09025023 0.09119725
0.124 0.09190891 0.09280914
0.1245 0.09355216 0.09441179
0.125 0.09518031 0.096004754
0.1255 0.09679367 0.09758788
0.126 0.09839256 0.09916076
0.1265 0.09997729 0.10072321
0.127 0.1015481 0.102275014
0.1275 0.1031052 0.103815734
0.128 0.1046488 0.1053454
0.1285 0.1061791 0.10686377
0.129 0.1076966 0.10837069
0.1295 0.1092014 0.10986602
0.13 0.1106938 0.11134964
0.1305 0.1121688 0.11282143
0.131 0.1136112 0.114281386
0.1315 0.1150377 0.1157293
0.132 0.1164609 0.11716515
0.1325 0.1178831 0.118588924
0.133 0.1193023 0.12000045
0.1335 0.1207154 0.12139991
0.134 0.1221207 0.12278715
0.1345 0.1235174 0.12416199
0.135 0.1249047 0.12552464
0.1355 0.1262822 0.12687513
0.136 0.12765 0.12821329
0.1365 0.1290082 0.12953934
0.137 0.130348 0.13085309
0.1375 0.1316609 0.13215479
0.138 0.1329651 0.13344416
0.1385 0.1342697 0.13472158
0.139 0.135575 0.13598695
0.1395 0.1368783 0.13724026
0.14 0.1381754 0.13848168
0.1405 0.1394609 0.13971117
0.141 0.1407372 0.1409289
0.1415 0.1420069 0.14213482
0.142 0.143271 0.143329
0.1425 0.1445298 0.14451161
0.143 0.1457822 0.1456826
0.1435 0.1470242 0.14684206
0.144 0.148259 0.1479902
0.1445 0.149489 0.14912686
0.145 0.1507147 0.15025234
0.1455 0.1519362 0.15136662
0.146 0.1531531 0.15246972
0.1465 0.1543654 0.15356189
0.147 0.1555729 0.15464303
0.1475 0.1567754 0.15571335
0.148 0.1579727 0.15677294
0.1485 0.1591623 0.1578218
0.149 0.1603245 0.15886006
0.1495 0.1614619 0.15988779
0.15 0.1625805 0.16090512
0.1505 0.1637042 0.16191858
0.151 0.164842 0.16292521
0.1515 0.1659919 0.16392332
0.152 0.1671442 0.16491175
0.1525 0.1682735 0.16588995
0.153 0.1693921 0.16685763
0.1535 0.1705148 0.16781476
0.154 0.1716447 0.16876149
0.1545 0.1727766 0.16969797
0.155 0.1739061 0.17062435
0.1555 0.1750331 0.17154089
0.156 0.1761577 0.17244807
0.1565 0.177279 0.17334613
0.157 0.1783963 0.17423555
0.1575 0.179509 0.17511663
0.158 0.1806166 0.17598966
0.1585 0.1817191 0.17685506
0.159 0.1828162 0.17771325
0.1595 0.1839081 0.17856467
0.16 0.1849907 0.17940941
0.1605 0.1860429 0.18024826
0.161 0.1870805 0.18108127
0.1615 0.188121 0.18190917
0.162 0.1891687 0.18273184
0.1625 0.1902219 0.18354979
0.163 0.1912755 0.18436363
0.1635 0.1921557 0.18517342
0.164 0.1929476 0.18597937
0.1645 0.1938241 0.18678203
0.165 0.1947947 0.18758169
0.1655 0.1958306 0.18837857
0.166 0.1969021 0.18917292
0.1665 0.1979879 0.18996507
0.167 0.1990632 0.19075522
0.1675 0.2001066 0.19154367
0.168 0.2011408 0.19233063
0.1685 0.2021751 0.19311628
0.169 0.2032095 0.19390106
0.1695 0.2042414 0.19468501
0.17 0.2052687 0.19546834
0.1705 0.2062894 0.19625139
0.171 0.2073018 0.19703409
0.1715 0.208306 0.19781676
0.172 0.2093031 0.19859967
0.1725 0.2102938 0.19938275
0.173 0.2112788 0.20016629
0.1735 0.2122582 0.20095047
0.174 0.2132319 0.2017354
0.1745 0.2142003 0.20252112
0.175 0.2151638 0.20330787
0.1755 0.2161225 0.20409569
0.176 0.2170766 0.20488453
0.1765 0.2180262 0.2056748
0.177 0.2189716 0.20646635
0.1775 0.2199129 0.20725939
0.178 0.2208501 0.20805395
0.1785 0.2217833 0.20885018
0.179 0.2227126 0.20964798
0.1795 0.2236379 0.21044776
0.18 0.2245593 0.21124914
0.1805 0.2254768 0.21205238
0.181 0.2263904 0.21285754
0.1815 0.2273002 0.21366462
0.182 0.2282062 0.21447366
0.1825 0.2291014 0.21528473
0.183 0.2299639 0.21609774
0.1835 0.2308146 0.21691296
0.184 0.2316713 0.21773016
0.1845 0.2325373 0.21854946
0.185 0.2334104 0.21937081
0.1855 0.2342872 0.22019446
0.186 0.2351649 0.22102019
0.1865 0.2360414 0.22184792
0.187 0.2369152 0.22267792
0.1875 0.2377614 0.22351006
0.188 0.2385503 0.22434443
0.1885 0.239335 0.22518086
0.189 0.240141 0.22601956
0.1895 0.2409685 0.22686026
0.19 0.2418104 0.2277031
0.1905 0.2426583 0.22854814
0.191 0.2435071 0.22939524
0.1915 0.2443536 0.23024458
0.192 0.245197 0.23109591
0.1925 0.2460343 0.23194942
0.193 0.2468442 0.23280486
0.1935 0.2476418 0.23366266
0.194 0.2484433 0.23452225
0.1945 0.2492514 0.23538408
0.195 0.2500647 0.23624793
0.1955 0.2508803 0.23711362
0.196 0.2516958 0.23798141
0.1965 0.25251 0.23885122
0.197 0.2533221 0.23972288
0.1975 0.2541314 0.24059656
0.198 0.2549376 0.24147213
0.1985 0.2557404 0.2423496
0.199 0.2565399 0.243229
0.1995 0.2573358 0.24411026
0.2 0.2581279 0.24303308
0.2005 0.2573617 0.24206382
0.201 0.2549975 0.24117532
0.2015 0.2530251 0.24034753
0.202 0.2516377 0.23956689
0.2025 0.2506108 0.23882347
0.203 0.2497605 0.23811105
0.2035 0.2489857 0.23742542
0.204 0.2482378 0.23676392
0.2045 0.2474947 0.23612496
0.205 0.2467471 0.23550782
0.2055 0.245991 0.23491183
0.206 0.2452254 0.23433658
0.2065 0.24445 0.23378214
0.207 0.2436655 0.23324811
0.2075 0.2428723 0.23273447
0.208 0.2420715 0.23224077
0.2085 0.2412637 0.23176679
0.209 0.2404498 0.23131213
0.2095 0.2396306 0.23087627
0.21 0.2388068 0.23045883
0.2105 0.2379793 0.230059
0.211 0.2371486 0.22967651
0.2115 0.2363155 0.22931048
0.212 0.2354807 0.22896025
0.2125 0.2346448 0.22862512
0.213 0.2338083 0.2283046
0.2135 0.2329717 0.2279976
0.214 0.2321358 0.22770372
0.2145 0.2313009 0.22742209
0.215 0.2304675 0.2271519
0.2155 0.2296361 0.22689274
0.216 0.2288072 0.22664371
0.2165 0.2279811 0.22640416
0.217 0.2271582 0.22617343
0.2175 0.2263389 0.22595087
0.218 0.2255236 0.22573584
0.2185 0.2247126 0.2255278
0.219 0.2239062 0.22532612
0.2195 0.2231047 0.22513005
0.22 0.2223084 0.2249392
0.2205 0.2215176 0.22475299
0.221 0.2207324 0.2245709
0.2215 0.2199532 0.22439244
0.222 0.2191801 0.22421709
0.2225 0.2184135 0.22404435
0.223 0.2176533 0.22387382
0.2235 0.2168999 0.2237052
0.224 0.2161535 0.22353783
0.2245 0.2154141 0.22337142
0.225 0.2146819 0.22320548
0.2255 0.213957 0.22303998
0.226 0.2132397 0.22287416
0.2265 0.2125299 0.22270793
0.227 0.2118278 0.22254089
0.2275 0.2111336 0.22237277
0.228 0.2104472 0.22220317
0.2285 0.2097687 0.22203201
0.229 0.2090983 0.22185895
0.2295 0.2084361 0.22168359
0.23 0.2077819 0.22150579
0.2305 0.207136 0.22132525
0.231 0.2064984 0.22114184
0.2315 0.205869 0.22095537
0.232 0.205248 0.22076544
0.2325 0.2046353 0.22057214
0.233 0.204031 0.220375
0.2335 0.2034351 0.2201738
0.234 0.2028476 0.21996862
0.2345 0.2022685 0.21975914
0.235 0.2016979 0.2195451
0.2355 0.2011356 0.21932653
0.236 0.2005817 0.21910307
0.2365 0.2000363 0.21887472
0.237 0.1994992 0.21864137
0.2375 0.1989705 0.2184028
0.238 0.1984501 0.21815878
0.2385 0.197938 0.21790937
0.239 0.1974343 0.2176542
0.2395 0.1969388 0.2173934
0.24 0.1964515 0.21712667
0.2405 0.1959724 0.21685377
0.241 0.1955015 0.21657494
0.2415 0.1950387 0.21628985
0.242 0.1945839 0.21599844
0.2425 0.1941373 0.21570048
0.243 0.1936986 0.21539602
0.2435 0.1932678 0.21508491
0.244 0.1928449 0.21476695
0.2445 0.1924299 0.21444222
0.245 0.1920227 0.21411043
0.2455 0.1916232 0.21377167
0.246 0.1912313 0.21342573
0.2465 0.1908472 0.21307245
0.247 0.1904705 0.2127119
0.2475 0.1901014 0.21234408
0.248 0.1897398 0.21196845
0.2485 0.1893856 0.21158549
0.249 0.1890386 0.21119478
0.2495 0.188699 0.21079639
0.25 0.1883666 0.21039036
0.2505 0.1880438 0.20998272
0.251 0.1877404 0.20957586
0.2515 0.1874583 0.2091716
0.252 0.1871944 0.20877126
0.2525 0.1869461 0.20837602
0.253 0.1867119 0.20798662
0.2535 0.1864912 0.20760384
0.254 0.1862835 0.20722815
0.2545 0.1860885 0.20685992
0.255 0.1859061 0.20649943
0.2555 0.1857362 0.20614687
0.256 0.1855785 0.20580229
0.2565 0.185433 0.20546588
0.257 0.1852996 0.20513752
0.2575 0.1851781 0.20481732
0.258 0.1850684 0.20450503
0.2585 0.1849704 0.20420048
0.259 0.1848839 0.20390382
0.2595 0.1848088 0.20361456
0.26 0.1847451 0.20333269
0.2605 0.1846924 0.20305803
0.261 0.1846508 0.20279026
0.2615 0.18462 0.20252928
0.262 0.1846 0.20227519
0.2625 0.1845905 0.20202729
0.263 0.1845915 0.20178583
0.2635 0.1846028 0.20155051
0.264 0.1846243 0.20132121
0.2645 0.1846558 0.2010977
0.265 0.1846971 0.20088023
0.2655 0.1847482 0.2006683
0.266 0.1848088 0.20046222
0.2665 0.1848789 0.20026162
0.267 0.1849583 0.20006663
0.2675 0.1850468 0.19987723
0.268 0.1851443 0.19969362
0.2685 0.1852508 0.19951549
0.269 0.1853659 0.19934314
0.2695 0.1854896 0.19917664
0.27 0.1856218 0.19901592
0.2705 0.1857623 0.19886127
0.271 0.1859109 0.19871262
0.2715 0.1860676 0.19857031
0.272 0.1862322 0.19843447
0.2725 0.1864046 0.19830522
0.273 0.1865845 0.19818267
0.2735 0.186772 0.19806716
0.274 0.1869668 0.19795868
0.2745 0.1871689 0.19785765
0.275 0.1873781 0.19776407
0.2755 0.1875942 0.19767842
0.276 0.187817 0.19760069
0.2765 0.1880462 0.19753131
0.277 0.1882818 0.19747034
0.2775 0.1885204 0.197418
0.278 0.1887447 0.19737467
0.2785 0.1889725 0.1973404
0.279 0.1892148 0.19731566
0.2795 0.189472 0.19730037
0.28 0.189742 0.19729492
0.2805 0.1900219 0.19729948
0.281 0.1903098 0.19731432
0.2815 0.1906042 0.19733956
0.282 0.1909043 0.19737557
0.2825 0.1912097 0.19742218
0.283 0.1915199 0.19747981
0.2835 0.1918348 0.19754875
0.284 0.1921543 0.19762886
0.2845 0.1924783 0.19772053
0.285 0.1928069 0.1978238
0.2855 0.1931399 0.19793874
0.286 0.1934772 0.19806567
0.2865 0.193819 0.19820446
0.287 0.194165 0.1983555
0.2875 0.1945153 0.19851857
0.288 0.1948697 0.19869396
0.2885 0.1952282 0.19888166
0.289 0.1955908 0.19908181
0.2895 0.1959573 0.19929436
0.29 0.1963277 0.19951946
0.2905 0.1967019 0.19975701
0.291 0.1970798 0.20000708
0.2915 0.1974614 0.20026976
0.292 0.1978466 0.20054483
0.2925 0.1982354 0.20083258
0.293 0.1986275 0.20113286
0.2935 0.1990228 0.20144543
0.294 0.1994212 0.20177075
0.2945 0.1998227 0.20210835
0.295 0.2002275 0.20245829
0.2955 0.2006354 0.2028206
0.296 0.2010464 0.20319515
0.2965 0.2014605 0.2035819
0.297 0.2018775 0.20398071
0.2975 0.2022973 0.20439166
0.298 0.2027199 0.20481452
0.2985 0.2031446 0.20524916
0.299 0.2035716 0.20569572
0.2995 0.2040009 0.20615375
0.3 0.2044329 0.20196116
0.3005 0.1935104 0.19737378
0.301 0.181899 0.19266343
0.3015 0.1747956 0.18798563
0.302 0.1703933 0.1834304
0.3025 0.1672704 0.17904934
0.303 0.1647294 0.17487046
0.3035 0.1624621 0.17090699
0.304 0.1603358 0.16716239
0.3045 0.1582927 0.16363439
0.305 0.1563073 0.16031662
0.3055 0.1543676 0.1572006
0.306 0.1524677 0.15427616
0.3065 0.1506047 0.15153268
0.307 0.1487768 0.14895901
0.3075 0.146983 0.14654419
0.308 0.1452225 0.1442776
0.3085 0.1434947 0.142149
0.309 0.1417993 0.14014861
0.3095 0.1401359 0.13826707
0.31 0.138504 0.13649574
0.3105 0.1369034 0.13482681
0.311 0.1353338 0.13325253
0.3115 0.1337949 0.13176605
0.312 0.1322864 0.13036105
0.3125 0.130808 0.12903145
0.313 0.1293593 0.12777206
0.3135 0.1279403 0.1265777
0.314 0.1265504 0.125444
0.3145 0.1251895 0.12436676
0.315 0.1238573 0.12334204
0.3155 0.1225534 0.12236652
0.316 0.1212776 0.12143698
0.3165 0.1200297 0.12055048
0.317 0.1188092 0.119704336
0.3175 0.117616 0.11889616
0.318 0.1164497 0.1181238
0.3185 0.11531 0.11738521
0.319 0.1141967 0.116678566
0.3195 0.1131094 0.11600208
0.32 0.1120479 0.11535421
0.3205 0.1110119 0.11473358
0.321 0.1100011 0.1141389
0.3215 0.1090152 0.11356893
0.322 0.1080539 0.113022715
0.3225 0.1071169 0.11249885
0.323 0.106204 0.11199662
0.3235 0.1053148 0.11151528
0.324 0.104449 0.111053914
0.3245 0.1036065 0.110611826
0.325 0.1027869 0.11018816
0.3255 0.1019898 0.1097824
0.326 0.1012152 0.109393805
0.3265 0.1004625 0.10902196
0.327 0.09973169 0.10866618
0.3275 0.09902235 0.10832605
0.328 0.09833426 0.108000964
0.3285 0.09766713 0.1076906
0.329 0.09702069 0.107394665
0.3295 0.09639468 0.10711241
0.33 0.09578883 0.10684371
0.3305 0.09520288 0.106588215
0.331 0.09463657 0.106345534
0.3315 0.09408964 0.10611525
0.332 0.09356182 0.1058971
0.3325 0.09305287 0.105690956
0.333 0.09256254 0.1054962
0.3335 0.09209056 0.105312884
0.334 0.0916367 0.10514057
0.3345 0.09120072 0.10497913
0.335 0.09078235 0.10482827
0.3355 0.09038137 0.10468769
0.336 0.08999754 0.10455719
0.3365 0.08963062 0.104436636
0.337 0.08928037 0.10432583
0.3375 0.08894658 0.10422447
0.338 0.08862899 0.10413244
0.3385 0.0883274 0.104049444
0.339 0.08804158 0.103975475
0.3395 0.08777131 0.1039103
0.34 0.08751636 0.10385358
0.3405 0.08727652 0.10380551
0.341 0.08705158 0.10376567
0.3415 0.08684133 0.10373381
0.342 0.08664556 0.103710026
0.3425 0.08646406 0.10369411
0.343 0.08629663 0.103685886
0.3435 0.08614307 0.10368529
0.344 0.08600317 0.103692025
0.3445 0.08587675 0.10370615
0.345 0.0857636 0.10372749
0.3455 0.08566355 0.10375571
0.346 0.08557639 0.10379112
0.3465 0.08550194 0.10383323
0.347 0.08544002 0.103882104
0.3475 0.08539045 0.103937596
0.348 0.08535304 0.103999764
0.3485 0.08532762 0.10406807
0.349 0.08531401 0.104142815
0.3495 0.08531205 0.1042237
0.35 0.08532156 0.09794524
0.3505 0.08378753 0.09276876
0.351 0.0806694 0.08854735
0.3515 0.07795615 0.08514586
0.352 0.07584079 0.082440704
0.3525 0.07409852 0.08031985
0.353 0.07254528 0.07868314
0.3535 0.07107977 0.077441335
0.354 0.06965308 0.076515704
0.3545 0.06824294 0.07583782
0.355 0.06683959 0.07534838
0.3555 0.06543899 0.07499659
0.356 0.06403965 0.074739456
0.3565 0.06264128 0.074541
0.357 0.0612441 0.074371696
0.3575 0.05984859 0.07420704
0.358 0.05845532 0.07402769
0.3585 0.05706489 0.07381818
0.359 0.05567791 0.073566884
0.3595 0.05429497 0.07326499
0.36 0.05291663 0.072906286
0.3605 0.05154344 0.07248664
0.361 0.0501759 0.07200375
0.3615 0.04881452 0.07145679
0.362 0.04745973 0.07084575
0.3625 0.04611197 0.07017204
0.363 0.04477164 0.069437355
0.3635 0.04343913 0.06864402
0.364 0.04211479 0.06779495
0.3645 0.04079894 0.06689322
0.365 0.03949191 0.06594208
0.3655 0.03819397 0.06494495
0.366 0.0369054 0.06390515
0.3665 0.03562645 0.062826216
0.367 0.03435735 0.06171146
0.3675 0.03309831 0.06056419
0.368 0.03184953 0.059387714
0.3685 0.0306112 0.05818492
0.369 0.02938347 0.056958973
0.3695 0.02816651 0.055712402
0.37 0.02696044 0.054448158
0.3705 0.0257654 0.053168654
0.371 0.02458149 0.051876217
0.3715 0.02340881 0.05057317
0.372 0.02224746 0.04926151
0.3725 0.02109751 0.047943264
0.373 0.01995902 0.04662025
0.3735 0.01883206 0.045294017
0.374 0.01771666 0.043966323
0.3745 0.01661287 0.04263848
0.375 0.01552071 0.04131201
0.3755 0.01444021 0.03998801
0.376 0.01337138 0.03866759
0.3765 0.01231423 0.037351876
0.377 0.01126875 0.036041766
0.3775 0.01023493 0.034738153
0.378 0.009212762 0.03344184
0.3785 0.008202226 0.032153457
0.379 0.007203292 0.030873895
0.3795 0.006215931 0.029603481
0.38 0.005240105 0.028342873
0.3805 0.004275773 0.027092576
0.381 0.003322888 0.025853038
0.3815 0.0023814 0.024624467
0.382 0.001451255 0.0234074
0.3825 0.0005323946 0.022202015
0.383 -0.0003752428 0.02100858
0.3835 -0.001271722 0.019827396
0.384 -0.002157112 0.018658757
0.3845 -0.003031484 0.017502576
0.385 -0.003894911 0.01635918
0.3855 -0.004747469 0.0152287185
0.386 -0.005589238 0.014111221
0.3865 -0.006420299 0.013006657
0.387 -0.007240734 0.011915296
0.3875 -0.008050628 0.0108370185
0.388 -0.008850068 0.009772003
0.3885 -0.009639143 0.008720219
0.389 -0.01041794 0.0076815784
0.3895 -0.01118655 0.0066561103
0.39 -0.01194507 0.005643815
0.3905 -0.01269359 0.004644692
0.391 -0.01343221 0.0036586523
0.3915 -0.01416101 0.002685696
0.392 -0.0148801 0.0017257333
0.3925 -0.01558957 0.0007786453
0.393 -0.01628952 -0.00015544891
0.3935 -0.01698005 -0.0010768175
0.394 -0.01766125 -0.0019854903
0.3945 -0.01833323 -0.0028814077
0.395 -0.01899607 -0.003764838
0.3955 -0.01964989 -0.004635781
0.396 -0.02029478 -0.0054942966
0.3965 -0.02093084 -0.006340593
0.397 -0.02155816 -0.0071745813
0.3975 -0.02217685 -0.007996649
0.398 -0.022787 -0.008806586
0.3985 -0.02338872 -0.009604663
0.399 -0.0239821 -0.010390937
0.3995 -0.02456724 -0.011165559
0.4 -0.02514423 -0.0119282305
0.4005 -0.02571064 -0.012664944
0.401 -0.02625609 -0.013397247
0.4015 -0.02677872 -0.014138728
0.402 -0.02728153 -0.014896989
0.4025 -0.02776707 -0.015675455
0.403 -0.02823681 -0.016474724
0.4035 -0.02869147 -0.017293215
0.404 -0.02913145 -0.018128127
0.4045 -0.02955696 -0.018975884
0.405 -0.02996811 -0.01983264
0.4055 -0.03036503 -0.020694196
0.406 -0.03074779 -0.021556586
0.4065 -0.03111646 -0.022416145
0.407 -0.03147022 -0.023269147
0.4075 -0.03180927 -0.024112433
0.408 -0.03213463 -0.024943024
0.4085 -0.03244674 -0.025758266
0.409 -0.03274569 -0.026555896
0.4095 -0.03303143 -0.027333856
0.41 -0.03330396 -0.028090447
0.4105 -0.03356328 -0.02882424
0.411 -0.03380944 -0.029533833
0.4115 -0.03404251 -0.030218393
0.412 -0.03426259 -0.030876935
0.4125 -0.03446976 -0.031508833
0.413 -0.03466414 -0.03211376
0.4135 -0.03484583 -0.03269109
0.414 -0.03501497 -0.033240676
0.4145 -0.03517165 -0.033762366
0.415 -0.03531601 -0.03425613
0.4155 -0.03544815 -0.03472194
0.416 -0.03556821 -0.035160005
0.4165 -0.0356763 -0.035570353
0.417 -0.03577255 -0.035953254
0.4175 -0.03585707 -0.036309034
0.418 -0.03592999 -0.03663799
0.4185 -0.03599144 -0.036940306
0.419 -0.03604153 -0.037216455
0.4195 -0.03608038 -0.037466943
0.42 -0.03610813 -0.03769204
0.4205 -0.03612489 -0.037892193
0.421 -0.03613078 -0.038067788
0.4215 -0.03612593 -0.038219303
0.422 -0.03611047 -0.038347334
0.4225 -0.0360845 -0.038452208
0.423 -0.03604816 -0.038534462
0.4235 -0.03600157 -0.038594514
0.424 -0.03594484 -0.03863284
0.4245 -0.0358781 -0.038649976
0.425 -0.03580147 -0.03864631
0.4255 -0.03571507 -0.03862247
0.426 -0.03561901 -0.038578898
0.4265 -0.03551341 -0.038515836
0.427 -0.0353984 -0.03843397
0.4275 -0.03527408 -0.038333654
0.428 -0.03514058 -0.03821546
0.4285 -0.034998 -0.03807971
0.429 -0.03484647 -0.037926853
0.4295 -0.0346861 -0.037757427
0.43 -0.034517 -0.03757173
0.4305 -0.03433928 -0.037370294
0.431 -0.03415306 -0.037153333
0.4315 -0.03395844 -0.03692159
0.432 -0.03375553 -0.036675215
0.4325 -0.03354445 -0.036414593
0.433 -0.03332529 -0.036140114
0.4335 -0.03309815 -0.035852224
0.434 -0.03286311 -0.03555134
0.4345 -0.03262029 -0.03523767
0.435 -0.03236979 -0.034911662
0.4355 -0.03211174 -0.034573585
0.436 -0.03184621 -0.034223884
0.4365 -0.0315733 -0.03386283
0.437 -0.03129315 -0.033490658
0.4375 -0.03100566 -0.033107877
0.438 -0.03071017 -0.032714576
0.4385 -0.03040734 -0.03231114
0.439 -0.03009766 -0.031897783
0.4395 -0.02978136 -0.031474978
0.44 -0.02945859 -0.031042814
0.4405 -0.02912948 -0.03060171
0.441 -0.02879413 -0.030151814
0.4415 -0.02845264 -0.029693395
0.442 -0.02810507 -0.02922672
0.4425 -0.02775146 -0.028752029
0.443 -0.02739185 -0.02826953
0.4435 -0.02702639 -0.02777949
0.444 -0.02665921 -0.027282149
0.4445 -0.02629083 -0.026777655
0.445 -0.02591745 -0.026266336
0.4455 -0.02553682 -0.025748253
0.446 -0.02514876 -0.025223732
0.4465 -0.024755 -0.024692923
0.447 -0.0243555 -0.024155825
0.4475 -0.02395145 -0.023612946
0.448 -0.02354237 -0.023064226
0.4485 -0.02312677 -0.022509992
0.449 -0.0227042 -0.021950394
0.4495 -0.0222749 -0.021385372
0.45 -0.02183936 -0.020815343
0.4505 -0.02139807 -0.020240396
0.451 -0.0209514 -0.019660681
0.4515 -0.02049965 -0.019076377
0.452 -0.02004303 -0.018487483
0.4525 -0.01958169 -0.017894417
0.453 -0.01911574 -0.017297
0.4535 -0.01864527 -0.01669553
0.454 -0.01817035 -0.016090095
0.4545 -0.01769105 -0.015480846
0.455 -0.01720743 -0.014867812
0.4555 -0.01671955 -0.014251143
0.456 -0.01622745 -0.013631076
0.4565 -0.01573121 -0.013007611
0.457 -0.01523086 -0.012380928
0.4575 -0.01472649 -0.0117510855
0.458 -0.01421816 -0.011118203
0.4585 -0.0137059 -0.010482311
0.459 -0.01318977 -0.0098434985
0.4595 -0.0126698 -0.009202033
0.46 -0.01214606 -0.0085577965
0.4605 -0.0116186 -0.007911056
0.461 -0.01108726 -0.0072616935
0.4615 -0.01055217 -0.0066099763
0.462 -0.0100136 -0.0059559345
0.4625 -0.009471638 -0.005299568
0.463 -0.008926327 -0.0046409667
0.4635 -0.00837773 -0.003980398
0.464 -0.007828189 -0.0033177137
0.4645 -0.007278708 -0.0026530921
0.465 -0.006726451 -0.0019866526
0.4655 -0.006169666 -0.0013182461
0.466 -0.005608032 -0.0006479919
0.4665 -0.005041877 2.3841858e-05
0.467 -0.004471719 0.00069734454
0.4675 -0.003897911 0.0013724864
0.468 -0.003320275 0.0020491183
0.4685 -0.002739092 0.0027272403
0.469 -0.002154825 0.003406763
0.4695 -0.001567819 0.0040877163
0.47 -0.0009782627 0.004769951
0.4705 -0.0003862308 0.005453378
0.471 0.0002082646 0.006138116
0.4715 0.0008052562 0.0068240166
0.472 0.001404796 0.00751099
0.4725 0.002006887 0.0081991255
0.473 0.00261151 0.008888155
0.4735 0.003218633 0.009578258
0.474 0.003828225 0.010269314
0.4745 0.004440255 0.010961384
0.475 0.005054691 0.011654228
0.4755 0.005671501 0.012347847
0.476 0.006290654 0.01304242
0.4765 0.006912117 0.013737589
0.477 0.007535858 0.014433563
0.4775 0.008161843 0.015130192
0.478 0.008790024 0.015827566
0.4785 0.009420214 0.016525507
0.479 0.01005235 0.017224044
0.4795 0.01068649 0.017923146
0.48 0.01132271 0.018622786
0.4805 0.01196104 0.019322991
0.481 0.01260148 0.020023584
0.4815 0.013244 0.020724624
0.482 0.01388853 0.021426111
0.4825 0.01453504 0.022128135
0.483 0.01518353 0.022830337
0.4835 0.01583396 0.023532987
0.484 0.01648629 0.024235874
0.4845 0.01714046 0.02493915
0.485 0.01779643 0.025642604
0.4855 0.01845417 0.026346415
0.486 0.01911365 0.027050346
0.4865 0.01977487 0.027754605
0.487 0.02043789 0.028459042
0.4875 0.02110266 0.029163688
0.488 0.02176907 0.029868335
0.4885 0.02243707 0.030573249
0.489 0.02310661 0.031278193
0.4895 0.02377766 0.031983286
0.49 0.02445021 0.0326885
0.4905 0.02512425 0.03339377
0.491 0.02579975 0.03409913
0.4915 0.02647672 0.034804434
0.492 0.02715513 0.035509855
0.4925 0.02783496 0.036215097
0.493 0.02851618 0.036920518
0.4935 0.02919851 0.03762576
0.494 0.02988183 0.03833103
0.4945 0.03056633 0.039036304
0.495 0.03125214 0.039741486
0.4955 0.03193935 0.04044646
0.496 0.03262794 0.041151434
0.4965 0.03331791 0.04185629
0.497 0.03400922 0.042561084
0.4975 0.03470184 0.04326573
0.498 0.03539574 0.043970257
0.4985 0.03609089 0.044674546
0.499 0.03678727 0.045378715
0.4995 0.03748485 0.046082705
