0.0 -0.065 -0.030240504
0.0005 -0.0634469 -0.049725372
0.001 -0.06030991 -0.05799159
0.0015 -0.05758211 -0.061234087
0.002 -0.05545435 -0.06258466
0.0025 -0.05369937 -0.06313158
0.003 -0.05213161 -0.06319806
0.0035 -0.05064904 -0.0628784
0.004 -0.0492025 -0.062215656
0.0045 -0.04776965 -0.061249405
0.005 -0.04634087 -0.060023054
0.0055 -0.04491655 -0.058581203
0.006 -0.04349625 -0.05696591
0.0065 -0.04207909 -0.055214517
0.007 -0.04066177 -0.05335886
0.0075 -0.03924156 -0.05142513
0.008 -0.03782048 -0.049434647
0.0085 -0.03640094 -0.04740443
0.009 -0.03498444 -0.045348078
0.0095 -0.03357123 -0.043276504
0.01 -0.03215909 -0.041198306
0.0105 -0.03074739 -0.039120503
0.011 -0.02933701 -0.03704883
0.0115 -0.02792938 -0.034987845
0.012 -0.02652583 -0.03294132
0.0125 -0.02512748 -0.030912519
0.013 -0.02373493 -0.028903976
0.0135 -0.02234849 -0.02691792
0.014 -0.02096891 -0.024956115
0.0145 -0.01959715 -0.023020074
0.015 -0.01823397 -0.0211111
0.0155 -0.01687992 -0.01923015
0.016 -0.01553532 -0.017378002
0.0165 -0.01420042 -0.01555533
0.017 -0.0128754 -0.013762459
0.0175 -0.01156024 -0.01199992
0.018 -0.01025512 -0.010267697
0.0185 -0.008960472 -0.008566059
0.019 -0.007676511 -0.0068948637
0.0195 -0.00640338 -0.0052541415
0.02 -0.005141198 -0.0036436687
0.0205 -0.003890083 -0.0020632367
0.021 -0.002650154 -0.000512592
0.0215 -0.001421511 0.0010086228
0.022 -0.0002041706 0.0025007804
0.0225 0.001001668 0.0039641787
0.023 0.002195892 0.0053993096
0.0235 0.003378441 0.0068065603
0.024 0.004549216 0.008186452
0.0245 0.005708076 0.0095393285
0.025 0.006854967 0.01086586
0.0255 0.007989839 0.012166388
0.026 0.009112587 0.013441466
0.0265 0.01022322 0.014691569
0.027 0.01132179 0.01591719
0.0275 0.01240831 0.017118879
0.028 0.01348279 0.018297099
0.0285 0.01454523 0.019452296
0.029 0.01559564 0.020584963
0.0295 0.01663405 0.021695666
0.03 0.01766059 0.022784717
0.0305 0.01867528 0.023852743
0.031 0.01967808 0.024900205
0.0315 0.02066896 0.02592741
0.032 0.02164795 0.0269349
0.0325 0.02261509 0.02792307
0.033 0.02357044 0.02889245
0.0335 0.02451406 0.029843278
0.034 0.02544604 0.030776024
0.0345 0.02636641 0.031691186
0.035 0.02727497 0.032589093
0.0355 0.02817167 0.033470035
0.036 0.02905685 0.034334607
0.0365 0.02993075 0.035182886
0.037 0.03079356 0.036015503
0.0375 0.03164539 0.036832593
0.038 0.03248632 0.037634566
0.0385 0.03331642 0.038421795
0.039 0.03413577 0.039194517
0.0395 0.03494446 0.039953172
0.04 0.03574255 0.04069797
0.0405 0.03653013 0.041429207
0.041 0.0373073 0.042147227
0.0415 0.03807415 0.04285232
0.042 0.03883076 0.043544672
0.0425 0.03957723 0.044224642
0.043 0.04031367 0.044892438
0.0435 0.04104016 0.045548357
0.044 0.04175681 0.04619258
0.0445 0.04246371 0.046825476
0.045 0.04316097 0.04744719
0.0455 0.04384869 0.04805795
0.046 0.04452698 0.048658036
0.0465 0.04519592 0.049247652
0.047 0.04585563 0.04982698
0.0475 0.04650621 0.050396256
0.048 0.04714777 0.050955728
0.0485 0.04778039 0.051505506
0.049 0.04840419 0.052045807
0.0495 0.04901926 0.05257695
0.05 0.04962549 0.053098895
0.0505 0.05022284 0.053612046
0.051 0.05081157 0.05411651
0.0515 0.05136931 0.05461231
0.052 0.05188873 0.055099823
0.0525 0.05240056 0.05557911
0.053 0.0529178 0.05605033
0.0535 0.05344155 0.056513682
0.054 0.05396879 0.056969292
0.0545 0.05449596 0.057417333
0.055 0.05502031 0.057857886
0.0555 0.05553993 0.05829119
0.056 0.05605362 0.058717363
0.0565 0.05656065 0.059136473
0.057 0.05706062 0.0595487
0.0575 0.0575533 0.05995418
0.058 0.05803868 0.06035305
0.0585 0.05851684 0.060745418
0.059 0.05898788 0.061131395
0.0595 0.05945193 0.061511114
0.06 0.05990911 0.061884753
0.0605 0.06035954 0.062252305
0.061 0.06080335 0.062613904
0.0615 0.06124064 0.06296973
0.062 0.06167151 0.06331985
0.0625 0.06209608 0.06366439
0.063 0.06251445 0.06400344
0.0635 0.06292671 0.0643371
0.064 0.06333295 0.064665474
0.0645 0.06373326 0.06498862
0.065 0.06412775 0.06530664
0.0655 0.06451648 0.06561964
0.066 0.06489954 0.065927796
0.0665 0.06527702 0.06623107
0.067 0.065649 0.0665296
0.0675 0.06601556 0.06682345
0.068 0.06637677 0.06711273
0.0685 0.06673271 0.067397475
0.069 0.06708346 0.0676779
0.0695 0.06742909 0.06795388
0.07 0.06776958 0.06822565
0.0705 0.06810031 0.06849311
0.071 0.06841609 0.06875656
0.0715 0.06872488 0.06901593
0.072 0.06903253 0.0692713
0.0725 0.0693403 0.069522776
0.073 0.06964739 0.06977037
0.0735 0.06995262 0.07001421
0.074 0.07025496 0.07025435
0.0745 0.07055372 0.07049087
0.075 0.07084849 0.07072376
0.0755 0.07113902 0.07095309
0.076 0.07142486 0.07117904
0.0765 0.07170591 0.071401455
0.077 0.07198251 0.07162056
0.0775 0.07225505 0.071836434
0.078 0.07252385 0.072048925
0.0785 0.072789 0.0722584
0.079 0.07305042 0.07246459
0.0795 0.07330809 0.0726678
0.08 0.07356198 0.0728679
0.0805 0.07381212 0.073065035
0.081 0.07405857 0.073259264
0.0815 0.07430138 0.07345061
0.082 0.07454044 0.07363908
0.0825 0.07477184 0.07382482
0.083 0.07499695 0.07400778
0.0835 0.07521991 0.07418804
0.084 0.07544006 0.07436562
0.0845 0.07565389 0.07454065
0.085 0.07586526 0.074713
0.0855 0.07607629 0.07488286
0.086 0.07628691 0.07505026
0.0865 0.07649635 0.0752152
0.087 0.07670387 0.07537771
0.0875 0.07690893 0.07553787
0.088 0.07711122 0.07569564
0.0885 0.07731056 0.07585118
0.089 0.07750689 0.0760044
0.0895 0.07770021 0.07615537
0.09 0.0778902 0.076304205
0.0905 0.07807271 0.07645089
0.091 0.07824999 0.07659544
0.0915 0.07842588 0.07673792
0.092 0.07860143 0.0768783
0.0925 0.07877632 0.07701668
0.093 0.07894994 0.077153064
0.0935 0.07912176 0.07728743
0.094 0.0792914 0.07741993
0.0945 0.07945859 0.07755054
0.095 0.07962327 0.07767928
0.0955 0.07978546 0.077806145
0.096 0.07994517 0.07793118
0.0965 0.08010247 0.07805449
0.097 0.08025739 0.07817594
0.0975 0.08040999 0.0782958
0.098 0.08056031 0.07841383
0.0985 0.0807084 0.07853026
0.099 0.08085431 0.078645006
0.0995 0.08099806 0.07875808
0.1 0.08113968 0.09827738
0.1005 0.07979075 0.09334553
0.101 0.07700991 0.08542156
0.1015 0.074728 0.07924146
0.102 0.07310283 0.07495502
0.1025 0.07189563 0.071912244
0.103 0.07091343 0.06956863
0.1035 0.07003487 0.06759776
0.104 0.06920084 0.0658345
0.1045 0.06840543 0.0642078
0.105 0.06765364 0.06269437
0.1055 0.06694275 0.061291173
0.106 0.06626536 0.060001448
0.1065 0.06559725 0.05882769
0.107 0.06494547 0.05776979
0.1075 0.06432411 0.056824297
0.108 0.06373727 0.055985488
0.1085 0.0631842 0.055245757
0.109 0.06266292 0.05459679
0.1095 0.06217166 0.054030277
0.11 0.06170924 0.053537898
0.1105 0.06127498 0.05311221
0.111 0.06086858 0.052746415
0.1115 0.06049001 0.052434653
0.112 0.06013936 0.05217199
0.1125 0.05981682 0.05195429
0.113 0.05952258 0.05177801
0.1135 0.05925684 0.051640622
0.114 0.05901979 0.051539913
0.1145 0.05881159 0.05147425
0.115 0.05863237 0.051442496
0.1155 0.05848221 0.05144377
0.116 0.05836109 0.051477503
0.1165 0.05826911 0.051543355
0.117 0.05820636 0.051641062
0.1175 0.05817289 0.05177073
0.118 0.05816868 0.051932268
0.1185 0.05819372 0.05212563
0.119 0.05824426 0.052351035
0.1195 0.05831575 0.052608583
0.12 0.05841571 0.05289829
0.1205 0.05854742 0.053220324
0.121 0.05870339 0.053574633
0.1215 0.05888651 0.053961344
0.122 0.05910245 0.054380327
0.1225 0.05935212 0.054831576
0.123 0.05963422 0.055315062
0.1235 0.05994709 0.055830576
0.124 0.06028934 0.05637785
0.1245 0.06065994 0.056956865
0.125 0.06105819 0.05756726
0.1255 0.0614836 0.05820877
0.126 0.06193584 0.05888111
0.1265 0.06241465 0.05958388
0.127 0.0629198 0.060316734
0.1275 0.06345111 0.061079286
0.128 0.06400838 0.06187121
0.1285 0.06459143 0.06269211
0.129 0.06520004 0.06354141
0.1295 0.06583402 0.06441871
0.13 0.06649316 0.06983771
0.1305 0.06716059 0.07462754
0.131 0.06783117 0.0775106
0.1315 0.06852324 0.07900671
0.132 0.06923853 0.079660766
0.1325 0.06997603 0.079878055
0.133 0.07073472 0.079931185
0.1335 0.07151384 0.07999091
0.134 0.07231293 0.08015471
0.1345 0.07313162 0.080469914
0.135 0.07396957 0.08095109
0.1355 0.0748266 0.08159297
0.136 0.07570262 0.08237957
0.1365 0.07659745 0.0832902
0.137 0.07751089 0.08430315
0.1375 0.07844272 0.08539788
0.138 0.07939272 0.08655626
0.1385 0.08036067 0.08776262
0.139 0.08134619 0.08900417
0.1395 0.08234902 0.0902706
0.14 0.08336912 0.09155401
0.1405 0.08440641 0.09284807
0.141 0.08546077 0.094148345
0.1415 0.08653206 0.0954513
0.142 0.08762009 0.09675478
0.1425 0.0887245 0.09805735
0.143 0.08984501 0.099358134
0.1435 0.09098156 0.100656755
0.144 0.09213413 0.101953305
0.1445 0.09330262 0.1032482
0.145 0.09448689 0.10454171
0.1455 0.0956866 0.10583461
0.146 0.09690077 0.10712757
0.1465 0.09812998 0.10842138
0.147 0.09937456 0.10971678
0.1475 0.1006344 0.11101454
0.148 0.1019091 0.11231551
0.1485 0.1031983 0.113620184
0.149 0.1045017 0.114929594
0.1495 0.1058191 0.11624416
0.15 0.1071501 0.117566876
0.1505 0.1083996 0.11927164
0.151 0.1093863 0.12047873
0.1515 0.1101833 0.12112755
0.152 0.110877 0.121351905
0.1525 0.111508 0.12129369
0.153 0.1120927 0.121060066
0.1535 0.1126364 0.120723136
0.154 0.1131375 0.12032922
0.1545 0.1135952 0.119906925
0.155 0.114013 0.119474165
0.1555 0.1143931 0.11904178
0.156 0.114723 0.11861614
0.1565 0.115012 0.11820086
0.157 0.1152729 0.11779804
0.1575 0.1155086 0.11740818
0.158 0.1157176 0.1170314
0.1585 0.1158978 0.11666713
0.159 0.1160472 0.11631446
0.1595 0.1161648 0.11597242
0.16 0.1162501 0.11563971
0.1605 0.116303 0.11531518
0.161 0.1163236 0.114997216
0.1615 0.1163122 0.11468471
0.162 0.1162691 0.11437633
0.1625 0.1161949 0.11407069
0.163 0.11609 0.1137666
0.1635 0.1159548 0.11346301
0.164 0.1157898 0.113158725
0.1645 0.1155953 0.11285267
0.165 0.1153719 0.1125438
0.1655 0.1151199 0.11223122
0.166 0.1148398 0.11191402
0.1665 0.1145319 0.11159139
0.167 0.1141966 0.11126252
0.1675 0.1138343 0.110926785
0.168 0.1134454 0.11058337
0.1685 0.1130303 0.11023169
0.169 0.1125893 0.10987126
0.1695 0.1121228 0.1095014
0.17 0.1116312 0.10912166
0.1705 0.1111148 0.108731546
0.171 0.110574 0.10833056
0.1715 0.1100091 0.10791828
0.172 0.1094204 0.10749445
0.1725 0.1088084 0.10705862
0.173 0.1081733 0.106610484
0.1735 0.1075154 0.10614964
0.174 0.1068351 0.105675764
0.1745 0.1061327 0.105188645
0.175 0.1054085 0.10468807
0.1755 0.1046629 0.10417368
0.176 0.1038961 0.10364524
0.1765 0.1031085 0.1031025
0.177 0.1023003 0.1025453
0.1775 0.1014719 0.10197341
0.178 0.1006235 0.101386614
0.1785 0.09975548 0.10078461
0.179 0.09886807 0.10016733
0.1795 0.09796157 0.09953455
0.18 0.09703627 0.09888614
0.1805 0.09609244 0.098221846
0.181 0.09513036 0.09754152
0.1815 0.09415029 0.096844964
0.182 0.0931525 0.09613209
0.1825 0.09213726 0.095402665
0.183 0.09110482 0.09465655
0.1835 0.09005544 0.093893625
0.184 0.08898937 0.0931137
0.1845 0.08790687 0.092316635
0.185 0.08680818 0.09150227
0.1855 0.08569353 0.0906705
0.186 0.08456318 0.08982114
0.1865 0.08341736 0.08895408
0.187 0.08225629 0.08806913
0.1875 0.08108022 0.08716615
0.188 0.07988936 0.08624507
0.1885 0.07868394 0.08530571
0.189 0.07746418 0.084347956
0.1895 0.0762303 0.08337165
0.19 0.07498251 0.08237661
0.1905 0.07372102 0.08136279
0.191 0.07244604 0.08033005
0.1915 0.07115777 0.07927821
0.192 0.06985642 0.07820716
0.1925 0.06854219 0.077116765
0.193 0.06721527 0.07600688
0.1935 0.06587585 0.07487745
0.194 0.06452413 0.0737283
0.1945 0.0631603 0.072559305
0.195 0.06178453 0.07137034
0.1955 0.06039701 0.070161216
0.196 0.05899792 0.06893187
0.1965 0.05758744 0.06768217
0.197 0.05616575 0.066411905
0.1975 0.054733 0.06512106
0.198 0.05328938 0.06380937
0.1985 0.05183505 0.06247679
0.199 0.05037018 0.0611232
0.1995 0.04889492 0.05974827
0.2 0.04740943 0.05133509
0.2005 0.0459422 0.046332218
0.201 0.04455013 0.04239898
0.2015 0.04322626 0.039671548
0.202 0.04194911 0.03806811
0.2025 0.04070318 0.03728611
0.203 0.03947927 0.03699168
0.2035 0.03827224 0.0369165
0.204 0.03707933 0.036878772
0.2045 0.03589911 0.03677111
0.205 0.03473081 0.036539666
0.2055 0.03357405 0.036164857
0.206 0.03242858 0.035647012
0.2065 0.03129425 0.034997053
0.207 0.03017097 0.03423027
0.2075 0.02905865 0.03336308
0.208 0.02795722 0.032411315
0.2085 0.0268666 0.03138935
0.209 0.02578675 0.030309789
0.2095 0.02471759 0.02918347
0.21 0.02365906 0.028019764
0.2105 0.0226111 0.026826642
0.211 0.02157365 0.02561108
0.2115 0.02054664 0.024379037
0.212 0.01953001 0.023135684
0.2125 0.01852371 0.021885581
0.213 0.01752766 0.020632781
0.2135 0.0165418 0.019380786
0.214 0.01556608 0.018132783
0.2145 0.01460042 0.016891636
0.215 0.01364475 0.015659817
0.2155 0.01269903 0.014439575
0.216 0.01176317 0.013232954
0.2165 0.01083712 0.012041621
0.217 0.009920804 0.010867111
0.2175 0.009014161 0.009710796
0.218 0.008117122 0.008573823
0.2185 0.00722962 0.00745713
0.219 0.006351588 0.0063615073
0.2195 0.005482958 0.0052876105
0.22 0.004623662 0.004235976
0.2205 0.003773632 0.0032069464
0.221 0.002932799 0.0022008051
0.2215 0.002101094 0.0012176116
0.222 0.001278449 0.00025754469
0.2225 0.0004647946 -0.00067958934
0.223 -0.000339939 -0.0015938352
0.2235 -0.001135821 -0.0024854164
0.224 -0.001922921 -0.003354601
0.2245 -0.002701309 -0.0042016874
0.225 -0.003471055 -0.005027167
0.2255 -0.004232229 -0.005831368
0.226 -0.004984901 -0.0066147815
0.2265 -0.00572914 -0.007377885
0.227 -0.006465018 -0.00812123
0.2275 -0.007192603 -0.008845367
0.228 -0.007911968 -0.009550877
0.2285 -0.00862318 -0.010238372
0.229 -0.009326312 -0.010908373
0.2295 -0.01002143 -0.011561535
0.23 -0.01070861 -0.012198441
0.2305 -0.01138792 -0.01281973
0.231 -0.01205943 -0.013425954
0.2315 -0.01272321 -0.014017783
0.232 -0.01337932 -0.014595799
0.2325 -0.01402784 -0.015160568
0.233 -0.01466884 -0.015712686
0.2335 -0.01530239 -0.016252734
0.234 -0.01592856 -0.016781293
0.2345 -0.0165474 -0.017298825
0.235 -0.01715901 -0.017805956
0.2355 -0.01776343 -0.018303268
0.236 -0.01836075 -0.018791117
0.2365 -0.01895102 -0.019270055
0.237 -0.01953432 -0.019740619
0.2375 -0.02011072 -0.020203225
0.238 -0.02068028 -0.020658277
0.2385 -0.02124307 -0.021106295
0.239 -0.02179915 -0.021547608
0.2395 -0.0223486 -0.021982662
0.24 -0.02289147 -0.022411771
0.2405 -0.02342784 -0.022835337
0.241 -0.02395777 -0.023253761
0.2415 -0.02448133 -0.023667313
0.242 -0.02499857 -0.02407623
0.2425 -0.02550957 -0.024480902
0.243 -0.0260144 -0.024881594
0.2435 -0.0265131 -0.025278553
0.244 -0.02700575 -0.025672056
0.2445 -0.02749242 -0.026062287
0.245 -0.02797316 -0.026449502
0.2455 -0.02844803 -0.02683384
0.246 -0.0289171 -0.027215548
0.2465 -0.02938043 -0.027594805
0.247 -0.02983809 -0.027971692
0.2475 -0.03029012 -0.028346486
0.248 -0.0307366 -0.02871921
0.2485 -0.03117758 -0.029090062
0.249 -0.03161312 -0.029459052
0.2495 -0.03204329 -0.02982644
0.25 -0.03246813 -0.030192189
0.2505 -0.03288772 -0.030556425
0.251 -0.0333021 -0.030919231
0.2515 -0.03371133 -0.031280644
0.252 -0.03411548 -0.031640716
0.2525 -0.0345146 -0.03199955
0.253 -0.03490874 -0.03235711
0.2535 -0.03529796 -0.032713473
0.254 -0.03568232 -0.033068642
0.2545 -0.03606187 -0.033422634
0.255 -0.03643666 -0.03377544
0.2555 -0.03680676 -0.034127116
0.256 -0.0371722 -0.034477673
0.2565 -0.03753306 -0.03482706
0.257 -0.03788937 -0.035175256
0.2575 -0.03824119 -0.03552229
0.258 -0.03858858 -0.035868123
0.2585 -0.03893158 -0.036212742
0.259 -0.03927025 -0.036556117
0.2595 -0.03960463 -0.036898203
0.26 -0.03993478 -0.037239023
0.2605 -0.04026074 -0.0375785
0.261 -0.04058257 -0.037916616
0.2615 -0.04090031 -0.038253352
0.262 -0.04121401 -0.03858863
0.2625 -0.04152372 -0.03892243
0.263 -0.04182948 -0.039254703
0.2635 -0.04213135 -0.039585456
0.264 -0.04242937 -0.039914563
0.2645 -0.04272358 -0.04024204
0.265 -0.04301403 -0.040567823
0.2655 -0.04330077 -0.040891886
0.266 -0.04358384 -0.041214176
0.2665 -0.04386328 -0.041534625
0.267 -0.04413914 -0.041853234
0.2675 -0.04441147 -0.04216995
0.268 -0.04468029 -0.04248467
0.2685 -0.04494567 -0.042797424
0.269 -0.04520763 -0.043108165
0.2695 -0.04546622 -0.04341679
0.27 -0.04572148 -0.043723293
0.2705 -0.04597346 -0.044027656
0.271 -0.04622218 -0.0443298
0.2715 -0.0464677 -0.044629693
0.272 -0.04671005 -0.04492732
0.2725 -0.04694927 -0.04522264
0.273 -0.0471854 -0.04551556
0.2735 -0.04741847 -0.04580611
0.274 -0.04764854 -0.04609423
0.2745 -0.04787562 -0.04637988
0.275 -0.04809976 -0.046663024
0.2755 -0.048321 -0.046943665
0.276 -0.04853936 -0.047221705
0.2765 -0.0487549 -0.04749716
0.277 -0.04896764 -0.04777
0.2775 -0.04917762 -0.04804021
0.278 -0.04938486 -0.048307724
0.2785 -0.04958942 -0.048572533
0.279 -0.04979131 -0.048834614
0.2795 -0.04999058 -0.049093932
0.28 -0.05018726 -0.049350478
0.2805 -0.05038137 -0.04960423
0.281 -0.05057296 -0.049855188
0.2815 -0.05076205 -0.0501033
0.282 -0.05094867 -0.050348546
0.2825 -0.05113287 -0.05059093
0.283 -0.05131465 -0.050830416
0.2835 -0.05149407 -0.051067017
0.284 -0.05167114 -0.05130069
0.2845 -0.0518459 -0.05153146
0.285 -0.05201838 -0.051759284
0.2855 -0.0521886 -0.051984157
0.286 -0.0523566 -0.052206077
0.2865 -0.0525224 -0.05242504
0.287 -0.05268604 -0.052641034
0.2875 -0.05284753 -0.052854065
0.288 -0.0530069 -0.053064127
0.2885 -0.05316419 -0.05327119
0.289 -0.05331943 -0.053475298
0.2895 -0.05347262 -0.05367643
0.29 -0.05362381 -0.053874575
0.2905 -0.05377302 -0.05406976
0.291 -0.05392027 -0.05426198
0.2915 -0.05406559 -0.054451216
0.292 -0.05420901 -0.054637525
0.2925 -0.05435054 -0.054820877
0.293 -0.05449022 -0.055001274
0.2935 -0.05462806 -0.05517875
0.294 -0.0547641 -0.05535331
0.2945 -0.05489834 -0.055524968
0.295 -0.05503083 -0.055693727
0.2955 -0.05516157 -0.05585961
0.296 -0.0552906 -0.056022637
0.2965 -0.05541793 -0.056182787
0.297 -0.05554359 -0.056340143
0.2975 -0.0556676 -0.056494668
0.298 -0.05578998 -0.0566464
0.2985 -0.05591074 -0.056795366
0.299 -0.05602992 -0.0569416
0.2995 -0.05614754 -0.057085104
0.3 -0.0562636 -0.057225887
0.3005 -0.05637814 -0.057363983
0.301 -0.05649117 -0.057499453
0.3015 -0.05660272 -0.057632282
0.302 -0.05671279 -0.057762492
0.3025 -0.05682142 -0.057890132
0.303 -0.05692862 -0.05801523
0.3035 -0.05703441 -0.058137808
0.304 -0.0571388 -0.05825787
0.3045 -0.05724183 -0.05837549
0.305 -0.05734349 -0.058490656
0.3055 -0.05744382 -0.05860343
0.306 -0.05754282 -0.058713812
0.3065 -0.05764052 -0.058821872
0.307 -0.05773694 -0.058927625
0.3075 -0.05783208 -0.0590311
0.308 -0.05792597 -0.059132308
0.3085 -0.05801863 -0.05923132
0.309 -0.05811006 -0.059328124
0.3095 -0.05820029 -0.0594228
0.31 -0.05828933 -0.05951537
0.3105 -0.0583772 -0.05960584
0.311 -0.05846391 -0.05969426
0.3115 -0.05854948 -0.059780672
0.312 -0.05863392 -0.05986508
0.3125 -0.05871725 -0.059947547
0.313 -0.05879948 -0.060028102
0.3135 -0.05888062 -0.060106777
0.314 -0.0589607 -0.060183607
0.3145 -0.05903972 -0.060258605
0.315 -0.0591177 -0.060331833
0.3155 -0.05919466 -0.060403302
0.316 -0.0592706 -0.06047304
0.3165 -0.05934554 -0.06054111
0.317 -0.05941949 -0.06060753
0.3175 -0.05949247 -0.06067233
0.318 -0.05956449 -0.060735524
0.3185 -0.05963555 -0.060797166
0.319 -0.05970569 -0.060857285
0.3195 -0.05977489 -0.060915895
0.32 -0.05984319 -0.060973056
0.3205 -0.05991059 -0.061028782
0.321 -0.05997709 -0.06108311
0.3215 -0.06004273 -0.061136037
0.322 -0.06010749 -0.06118764
0.3225 -0.06017141 -0.061237916
0.323 -0.06023448 -0.06128693
0.3235 -0.06029673 -0.06133467
0.324 -0.06035815 -0.061381184
0.3245 -0.06041876 -0.061426498
0.325 -0.06047858 -0.06147062
0.3255 -0.06053761 -0.06151361
0.326 -0.06059586 -0.06155546
0.3265 -0.06065334 -0.061596215
0.327 -0.06071007 -0.061635908
0.3275 -0.06076605 -0.061674558
0.328 -0.0608213 -0.06171217
0.3285 -0.06087581 -0.061748795
0.329 -0.06092961 -0.06178444
0.3295 -0.0609827 -0.06181914
0.33 -0.0610351 -0.061852917
0.3305 -0.0610868 -0.061885774
0.331 -0.06113782 -0.061917756
0.3315 -0.06118818 -0.061948895
0.332 -0.06123787 -0.06197916
0.3325 -0.0612869 -0.06200862
0.333 -0.06133529 -0.06203729
0.3335 -0.06138305 -0.06206516
0.334 -0.06143017 -0.062092282
0.3345 -0.06147668 -0.062118664
0.335 -0.06152258 -0.062144328
0.3355 -0.06156787 -0.062169284
0.336 -0.06161257 -0.062193554
0.3365 -0.06165668 -0.06221715
0.337 -0.06170021 -0.06224011
0.3375 -0.06174316 -0.062262446
0.338 -0.06178556 -0.062284138
0.3385 -0.06182739 -0.06230524
0.339 -0.06186868 -0.062325776
0.3395 -0.06190942 -0.0623457
0.34 -0.06194963 -0.062365092
0.3405 -0.06198931 -0.06238395
0.341 -0.06202847 -0.06240227
0.3415 -0.06206712 -0.0624201
0.342 -0.06210526 -0.062437408
0.3425 -0.0621429 -0.06245423
0.343 -0.06218004 -0.062470607
0.3435 -0.0622167 -0.062486485
0.344 -0.06225287 -0.062501945
0.3445 -0.06228857 -0.062516965
0.345 -0.0623238 -0.06253155
0.3455 -0.06235857 -0.06254574
0.346 -0.06239289 -0.06255953
0.3465 -0.06242675 -0.06257293
0.347 -0.06246017 -0.062585935
0.3475 -0.06249315 -0.06259858
0.348 -0.0625257 -0.06261086
0.3485 -0.06255782 -0.06262278
0.349 -0.06258952 -0.06263439
0.3495 -0.06262081 -0.06264565
0.35 -0.06265169 -0.062656604
0.3505 -0.06268216 -0.06266724
0.351 -0.06271223 -0.06267758
0.3515 -0.06274191 -0.06268759
0.352 -0.0627712 -0.06269736
0.3525 -0.0628001 -0.062706836
0.353 -0.06282863 -0.06271602
0.3535 -0.06285678 -0.062724955
0.354 -0.06288457 -0.062733635
0.3545 -0.06291199 -0.062742084
0.355 -0.06293905 -0.062750265
0.3555 -0.06296576 -0.06275823
0.356 -0.06299212 -0.062765956
0.3565 -0.06301814 -0.06277346
0.357 -0.06304381 -0.06278076
0.3575 -0.06306915 -0.062787846
0.358 -0.06309416 -0.062794715
0.3585 -0.06311884 -0.062801406
0.359 -0.06314319 -0.06280788
0.3595 -0.06316723 -0.06281418
0.36 -0.06319096 -0.062820286
0.3605 -0.06321437 -0.06282624
0.361 -0.06323748 -0.062832005
0.3615 -0.06326029 -0.06283761
0.362 -0.06328279 -0.06284305
0.3625 -0.06330501 -0.06284833
0.363 -0.06332693 -0.06285347
0.3635 -0.06334857 -0.06285844
0.364 -0.06336993 -0.06286328
0.3645 -0.063391 -0.06286798
0.365 -0.06341181 -0.062872544
0.3655 -0.06343234 -0.062876984
0.366 -0.0634526 -0.062881276
0.3665 -0.0634726 -0.06288545
0.367 -0.06349233 -0.06288952
0.3675 -0.06351181 -0.06289344
0.368 -0.06353104 -0.06289727
0.3685 -0.06355001 -0.062901
0.369 -0.06356874 -0.0629046
0.3695 -0.06358723 -0.0629081
0.37 -0.06360547 -0.0629115
0.3705 -0.06362347 -0.0629148
0.371 -0.06364124 -0.06291801
0.3715 -0.06365878 -0.06292112
0.372 -0.06367609 -0.06292413
0.3725 -0.06369318 -0.06292707
0.373 -0.06371004 -0.06292991
0.3735 -0.06372668 -0.06293269
0.374 -0.06374311 -0.06293537
0.3745 -0.06375932 -0.06293798
0.375 -0.06377532 -0.062940516
0.3755 -0.06379111 -0.06294297
0.376 -0.0638067 -0.06294536
0.3765 -0.06382208 -0.06294767
0.377 -0.06383727 -0.06294992
0.3775 -0.06385225 -0.062952116
0.378 -0.06386705 -0.06295423
0.3785 -0.06388165 -0.06295629
0.379 -0.06389605 -0.06295828
0.3795 -0.06391028 -0.062960245
0.38 -0.06392431 -0.06296212
0.3805 -0.06393817 -0.06296395
0.381 -0.06395184 -0.06296571
0.3815 -0.06396534 -0.06296745
0.382 -0.06397866 -0.06296912
0.3825 -0.06399181 -0.06297073
0.383 -0.06400479 -0.06297231
0.3835 -0.0640176 -0.06297383
0.384 -0.06403024 -0.06297531
0.3845 -0.06404272 -0.062976755
0.385 -0.06405504 -0.062978156
0.3855 -0.06406719 -0.06297953
0.386 -0.06407919 -0.06298086
0.3865 -0.06409104 -0.062982135
0.387 -0.06410273 -0.06298336
0.3875 -0.06411427 -0.062984586
0.388 -0.06412565 -0.06298575
0.3885 -0.06413689 -0.062986895
0.389 -0.06414799 -0.06298801
0.3895 -0.06415894 -0.062989086
0.39 -0.06416975 -0.06299013
0.3905 -0.06418042 -0.062991135
0.391 -0.06419095 -0.062992096
0.3915 -0.06420134 -0.062993065
0.392 -0.0642116 -0.06299399
0.3925 -0.06422173 -0.06299489
0.393 -0.06423173 -0.062995754
0.3935 -0.06424159 -0.062996574
0.394 -0.06425133 -0.06299742
0.3945 -0.06426094 -0.06299821
0.395 -0.06427043 -0.06299898
0.3955 -0.0642798 -0.06299973
0.396 -0.06428904 -0.06300047
0.3965 -0.06429816 -0.06300117
0.397 -0.06430717 -0.06300186
0.3975 -0.06431606 -0.063002534
0.398 -0.06432484 -0.06300318
0.3985 -0.0643335 -0.06300381
0.399 -0.06434205 -0.06300441
0.3995 -0.06435048 -0.063005015
0.4 -0.06435881 -0.06300558
0.4005 -0.06436704 -0.06300614
0.401 -0.06437515 -0.06300669
0.4015 -0.06438316 -0.06300721
0.402 -0.06439107 -0.06300773
0.4025 -0.06439887 -0.06300822
0.403 -0.06440658 -0.06300871
0.4035 -0.06441418 -0.063009165
0.404 -0.06442169 -0.06300963
0.4045 -0.0644291 -0.06301006
0.405 -0.06443641 -0.0630105
0.4055 -0.06444363 -0.06301091
0.406 -0.06445076 -0.06301129
0.4065 -0.06445779 -0.063011706
0.407 -0.06446473 -0.06301208
0.4075 -0.06447159 -0.06301244
0.408 -0.06447835 -0.06301281
0.4085 -0.06448503 -0.06301316
0.409 -0.06449162 -0.06301349
0.4095 -0.06449813 -0.06301383
0.41 -0.06450455 -0.06301414
0.4105 -0.06451089 -0.06301444
0.411 -0.06451715 -0.06301474
0.4115 -0.06452333 -0.06301503
0.412 -0.06452943 -0.06301532
0.4125 -0.06453545 -0.06301558
0.413 -0.06454139 -0.06301586
0.4135 -0.06454725 -0.06301611
0.414 -0.06455304 -0.06301636
0.4145 -0.06455876 -0.06301661
0.415 -0.0645644 -0.06301685
0.4155 -0.06456997 -0.06301708
0.416 -0.06457546 -0.063017294
0.4165 -0.06458089 -0.06301751
0.417 -0.06458625 -0.06301773
0.4175 -0.06459153 -0.06301793
0.418 -0.06459675 -0.06301813
0.4185 -0.06460191 -0.063018315
0.419 -0.06460699 -0.0630185
0.4195 -0.06461201 -0.06301868
0.42 -0.06461697 -0.06301885
0.4205 -0.06462186 -0.06301903
0.421 -0.06462669 -0.063019186
0.4215 -0.06463146 -0.06301936
0.422 -0.06463616 -0.06301951
0.4225 -0.06464081 -0.06301967
0.423 -0.06464539 -0.06301981
0.4235 -0.06464992 -0.063019946
0.424 -0.06465439 -0.063020095
0.4245 -0.0646588 -0.06302023
0.425 -0.06466315 -0.063020356
0.4255 -0.06466745 -0.06302048
0.426 -0.06467169 -0.0630206
0.4265 -0.06467588 -0.063020736
0.427 -0.06468002 -0.06302084
0.4275 -0.0646841 -0.06302094
0.428 -0.06468813 -0.06302106
0.4285 -0.06469211 -0.063021176
0.429 -0.06469603 -0.063021265
0.4295 -0.06469991 -0.06302137
0.43 -0.06470374 -0.06302146
0.4305 -0.06470751 -0.06302155
0.431 -0.06471124 -0.06302163
0.4315 -0.06471492 -0.06302173
0.432 -0.06471856 -0.06302182
0.4325 -0.06472214 -0.063021906
0.433 -0.06472568 -0.06302197
0.4335 -0.06472918 -0.063022055
0.434 -0.06473263 -0.06302214
0.4345 -0.06473604 -0.063022204
0.435 -0.0647394 -0.063022286
0.4355 -0.06474272 -0.06302236
0.436 -0.064746 -0.06302243
0.4365 -0.06474923 -0.06302248
0.437 -0.06475242 -0.063022554
0.4375 -0.06475558 -0.063022606
0.438 -0.06475869 -0.063022666
0.4385 -0.06476176 -0.063022725
0.439 -0.0647648 -0.063022785
0.4395 -0.06476779 -0.06302285
0.44 -0.06477075 -0.0630229
0.4405 -0.06477366 -0.06302295
0.441 -0.06477654 -0.06302299
0.4415 -0.06477939 -0.06302304
0.442 -0.06478219 -0.06302308
0.4425 -0.06478497 -0.06302314
0.443 -0.0647877 -0.06302318
0.4435 -0.0647904 -0.06302321
0.444 -0.06479307 -0.06302328
0.4445 -0.0647957 -0.06302331
0.445 -0.0647983 -0.06302334
0.4455 -0.06480087 -0.06302339
0.446 -0.0648034 -0.063023426
0.4465 -0.0648059 -0.063023455
0.447 -0.06480837 -0.0630235
0.4475 -0.0648108 -0.06302353
0.448 -0.06481321 -0.063023575
0.4485 -0.06481558 -0.06302361
0.449 -0.06481793 -0.06302364
0.4495 -0.06482024 -0.063023664
0.45 -0.06482253 -0.063023694
0.4505 -0.06482478 -0.06302372
0.451 -0.06482701 -0.06302376
0.4515 -0.06482921 -0.06302378
0.452 -0.06483138 -0.063023806
0.4525 -0.06483352 -0.06302383
0.453 -0.06483563 -0.06302384
0.4535 -0.06483772 -0.06302387
0.454 -0.06483978 -0.063023895
0.4545 -0.06484182 -0.06302392
0.455 -0.06484383 -0.06302394
0.4555 -0.06484581 -0.06302395
0.456 -0.06484777 -0.06302398
0.4565 -0.0648497 -0.06302399
0.457 -0.06485161 -0.06302403
0.4575 -0.06485349 -0.06302405
0.458 -0.06485535 -0.06302407
0.4585 -0.06485719 -0.06302408
0.459 -0.064859 -0.063024096
0.4595 -0.06486079 -0.06302412
0.46 -0.06486256 -0.06302415
0.4605 -0.0648643 -0.06302415
0.461 -0.06486602 -0.06302416
0.4615 -0.06486772 -0.063024186
0.462 -0.0648694 -0.06302419
0.4625 -0.06487106 -0.0630242
0.463 -0.06487269 -0.0630242
0.4635 -0.06487431 -0.06302422
0.464 -0.0648759 -0.06302424
0.4645 -0.06487748 -0.06302426
0.465 -0.06487903 -0.06302427
0.4655 -0.06488057 -0.063024275
0.466 -0.06488208 -0.06302428
0.4665 -0.06488357 -0.0630243
0.467 -0.06488505 -0.06302431
0.4675 -0.06488651 -0.063024305
0.468 -0.06488795 -0.06302432
0.4685 -0.06488937 -0.06302434
0.469 -0.06489077 -0.063024335
0.4695 -0.06489215 -0.06302435
0.47 -0.06489352 -0.06302437
0.4705 -0.06489487 -0.06302438
0.471 -0.0648962 -0.06302439
0.4715 -0.06489752 -0.063024394
0.472 -0.06489882 -0.063024394
0.4725 -0.0649001 -0.06302442
0.473 -0.06490136 -0.06302442
0.4735 -0.06490261 -0.06302442
0.474 -0.06490385 -0.063024424
0.4745 -0.06490507 -0.063024424
0.475 -0.06490627 -0.06302444
0.4755 -0.06490746 -0.06302445
0.476 -0.06490863 -0.063024454
0.4765 -0.06490978 -0.06302446
0.477 -0.06491093 -0.06302447
0.4775 -0.06491205 -0.06302448
0.478 -0.06491317 -0.063024476
0.4785 -0.06491427 -0.063024476
0.479 -0.06491535 -0.06302449
0.4795 -0.06491642 -0.06302449
0.48 -0.06491748 -0.06302448
0.4805 -0.06491853 -0.063024506
0.481 -0.06491956 -0.0630245
0.4815 -0.06492058 -0.06302451
0.482 -0.06492158 -0.06302452
0.4825 -0.06492257 -0.06302452
0.483 -0.06492355 -0.063024536
0.4835 -0.06492452 -0.06302453
0.484 -0.06492548 -0.063024536
0.4845 -0.06492642 -0.063024536
0.485 -0.06492735 -0.06302455
0.4855 -0.06492827 -0.06302455
0.486 -0.06492918 -0.06302455
0.4865 -0.06493007 -0.06302455
0.487 -0.06493096 -0.063024566
0.4875 -0.06493183 -0.06302456
0.488 -0.06493269 -0.06302457
0.4885 -0.06493354 -0.063024566
0.489 -0.06493438 -0.063024566
0.4895 -0.06493521 -0.06302458
0.49 -0.06493603 -0.06302458
0.4905 -0.06493684 -0.06302458
0.491 -0.06493764 -0.06302458
0.4915 -0.06493843 -0.063024595
0.492 -0.06493921 -0.063024595
0.4925 -0.06493997 -0.063024595
0.493 -0.06494073 -0.06302459
0.4935 -0.06494148 -0.06302461
0.494 -0.06494222 -0.06302461
0.4945 -0.06494295 -0.06302462
0.495 -0.06494367 -0.063024625
0.4955 -0.06494438 -0.06302462
0.496 -0.06494509 -0.06302463
0.4965 -0.06494578 -0.06302462
0.497 -0.06494647 -0.06302462
0.4975 -0.06494714 -0.06302462
0.498 -0.06494781 -0.06302462
0.4985 -0.06494847 -0.063024625
0.499 -0.06494912 -0.063024625
0.4995 -0.06494976 -0.063024625
