0.0 -0.065 -0.014886055
0.0005 -0.05364287 -0.020917542
0.001 -0.04159344 -0.024035595
0.0015 -0.03404892 -0.025549918
0.002 -0.02920272 -0.026134074
0.0025 -0.02563345 -0.026091851
0.003 -0.02264344 -0.025530912
0.0035 -0.01992458 -0.024481095
0.004 -0.01734406 -0.022965796
0.0045 -0.01484419 -0.021027274
0.005 -0.0124046 -0.01872573
0.0055 -0.01001886 -0.016129903
0.006 -0.007670595 -0.013308786
0.0065 -0.005351384 -0.010325443
0.007 -0.003059248 -0.0072345394
0.0075 -0.0007958913 -0.0040815356
0.008 0.00142278 -0.0009029838
0.0085 0.00360312 0.0022720774
0.009 0.005757585 0.005421382
0.0095 0.007880903 0.0085281655
0.01 0.00997466 0.011579748
0.0105 0.01204763 0.01456726
0.011 0.01410114 0.01748436
0.0115 0.01613214 0.020327028
0.012 0.01813839 0.023092706
0.0125 0.02011935 0.02578041
0.013 0.02207418 0.028389793
0.0135 0.02400231 0.03092165
0.014 0.02590353 0.033377018
0.0145 0.02777735 0.035757396
0.015 0.02962383 0.038064595
0.0155 0.03144331 0.04030075
0.016 0.03323623 0.04246796
0.0165 0.03500302 0.044568405
0.017 0.03674408 0.04660441
0.0175 0.03845981 0.048578195
0.018 0.04015059 0.05049198
0.0185 0.04181677 0.052347966
0.019 0.04345869 0.054148406
0.0195 0.04507669 0.055895336
0.02 0.04667106 0.057590798
0.0205 0.04824211 0.059236683
0.021 0.04979015 0.060834862
0.0215 0.05131547 0.062387228
0.022 0.05281834 0.06389562
0.0225 0.05429906 0.06536144
0.023 0.05575791 0.066786535
0.0235 0.05719515 0.06817231
0.024 0.05861107 0.0695202
0.0245 0.06000593 0.0708317
0.025 0.06138002 0.07210808
0.0255 0.06273359 0.0733506
0.026 0.06406692 0.07456055
0.0265 0.06538026 0.07573901
0.027 0.06667389 0.07688724
0.0275 0.06794807 0.07800614
0.028 0.06920306 0.07909692
0.0285 0.07043911 0.08016037
0.029 0.07165648 0.081197575
0.0295 0.07285543 0.08220924
0.03 0.07403619 0.0831964
0.0305 0.07519899 0.0841598
0.031 0.0763348 0.08510025
0.0315 0.07743132 0.08601853
0.032 0.07851018 0.08691531
0.0325 0.07958205 0.08779125
0.033 0.0806477 0.08864702
0.0335 0.08170464 0.089483276
0.034 0.08275017 0.09030068
0.0345 0.08378228 0.09109977
0.035 0.08479974 0.09188111
0.0355 0.08580192 0.092645176
0.036 0.08678868 0.09339259
0.0365 0.08776004 0.094123796
0.037 0.0887161 0.0948393
0.0375 0.089657 0.09553947
0.038 0.09058297 0.09622493
0.0385 0.09149426 0.096895896
0.039 0.09239113 0.0975529
0.0395 0.09327385 0.09819632
0.04 0.09414268 0.09882653
0.0405 0.09499787 0.09944385
0.041 0.09583968 0.100048795
0.0415 0.09666833 0.10064155
0.042 0.09748406 0.10122245
0.0425 0.09828707 0.10179195
0.043 0.09907759 0.102350175
0.0435 0.09985582 0.102897525
0.044 0.100622 0.10343423
0.0445 0.1013762 0.10396062
0.045 0.1021187 0.10447693
0.0455 0.1028497 0.1049834
0.046 0.1035693 0.105480365
0.0465 0.1042778 0.105968006
0.047 0.1049753 0.1064465
0.0475 0.1056619 0.10691617
0.048 0.1063379 0.10737715
0.0485 0.1070035 0.10782979
0.049 0.1076586 0.108274095
0.0495 0.1083034 0.1087104
0.05 0.108937 0.10913894
0.0505 0.1095602 0.10955974
0.051 0.1101737 0.1099731
0.0515 0.1107781 0.11037913
0.052 0.1113735 0.110778034
0.0525 0.1119597 0.111169994
0.053 0.1125369 0.11155521
0.0535 0.1131053 0.11193369
0.054 0.113665 0.11230578
0.0545 0.1142161 0.11267141
0.055 0.1147589 0.113030925
0.0555 0.1152935 0.11338431
0.056 0.1158168 0.113731764
0.0565 0.1162869 0.114073366
0.057 0.1167249 0.11440936
0.0575 0.1171656 0.1147398
0.058 0.1176188 0.115064785
0.0585 0.1180739 0.11538443
0.059 0.1185171 0.1156989
0.0595 0.1189607 0.11600816
0.06 0.1194094 0.11631256
0.0605 0.1198615 0.11661202
0.061 0.1203139 0.11690675
0.0615 0.1207635 0.11719678
0.062 0.1212083 0.1174822
0.0625 0.121647 0.117763154
0.063 0.1220789 0.118039735
0.0635 0.1225038 0.11831192
0.064 0.1229215 0.11857991
0.0645 0.1233322 0.118843764
0.065 0.1237359 0.119103536
0.0655 0.1241329 0.11935938
0.066 0.1245234 0.11961124
0.0665 0.1249076 0.119859345
0.067 0.1252855 0.120103724
0.0675 0.1256575 0.12034435
0.068 0.1260235 0.120581396
0.0685 0.1263839 0.12081493
0.069 0.1267386 0.121044956
0.0695 0.1270878 0.1212716
0.07 0.1274316 0.12149487
0.0705 0.1277701 0.12171484
0.071 0.1281035 0.12193165
0.0715 0.1284317 0.12214527
0.072 0.1287547 0.122355856
0.0725 0.1290726 0.122563355
0.073 0.1293857 0.12276789
0.0735 0.129694 0.122969486
0.074 0.1299977 0.12316824
0.0745 0.1302968 0.12336413
0.075 0.1305913 0.12355722
0.0755 0.1308814 0.123747595
0.076 0.1311669 0.12393544
0.0765 0.1314318 0.12412048
0.077 0.1316406 0.12430299
0.0775 0.1318243 0.124483
0.078 0.1320207 0.12466047
0.0785 0.1322393 0.12483547
0.079 0.1324764 0.12500815
0.0795 0.1327251 0.12517844
0.08 0.1329794 0.12534644
0.0805 0.133235 0.12551211
0.081 0.1334892 0.12567554
0.0815 0.1337404 0.12583682
0.082 0.1339876 0.12599589
0.0825 0.1342306 0.12615284
0.083 0.1344693 0.12630768
0.0835 0.1347038 0.12646048
0.084 0.1349341 0.12661122
0.0845 0.1351605 0.12675996
0.085 0.135383 0.12690689
0.0855 0.1356018 0.12705185
0.086 0.135817 0.12719484
0.0865 0.1360288 0.12733595
0.087 0.1362372 0.1274753
0.0875 0.1364423 0.12761278
0.088 0.1366443 0.12774868
0.0885 0.1368432 0.12788264
0.089 0.137039 0.128015
0.0895 0.1372318 0.12814564
0.09 0.1374212 0.12827463
0.0905 0.1376074 0.12840195
0.091 0.1377909 0.12852769
0.0915 0.1379716 0.12865183
0.092 0.1381499 0.12877445
0.0925 0.1383256 0.1288955
0.093 0.1384945 0.12901504
0.0935 0.1386588 0.12913306
0.094 0.1388214 0.12924965
0.0945 0.1389827 0.12936486
0.095 0.139142 0.12947865
0.0955 0.1392987 0.12959105
0.096 0.1394529 0.12970205
0.0965 0.1396053 0.12981175
0.097 0.139756 0.12992005
0.0975 0.1399053 0.13002701
0.098 0.1400532 0.13013276
0.0985 0.1401995 0.13023724
0.099 0.1403442 0.13034047
0.0995 0.1404872 0.13044247
0.1 0.1406284 0.12616865
0.1005 0.1309794 0.12778123
0.101 0.1222313 0.12278188
0.1015 0.1175617 0.11693688
0.102 0.1149879 0.11254392
0.1025 0.1133285 0.10973518
0.103 0.1120713 0.10800099
0.1035 0.1109846 0.1068204
0.104 0.1099825 0.10583369
0.1045 0.1090547 0.1048437
0.105 0.1081866 0.10377031
0.1055 0.1073741 0.102604434
0.106 0.1066173 0.101372965
0.1065 0.1059101 0.10011665
0.107 0.1052457 0.09887678
0.1075 0.1046189 0.09768898
0.108 0.1040257 0.09658075
0.1085 0.1034636 0.09557084
0.109 0.1029306 0.09467045
0.1095 0.1024244 0.09388427
0.11 0.1019435 0.099599324
0.1105 0.09993593 0.09491896
0.111 0.09637215 0.092184775
0.1115 0.09324109 0.09171934
0.112 0.09073235 0.09198914
0.1125 0.0886185 0.091987334
0.113 0.0867138 0.091335304
0.1135 0.08491583 0.090011306
0.114 0.08317486 0.08814069
0.1145 0.08146793 0.085883655
0.115 0.07978468 0.08338655
0.1155 0.07812038 0.08076557
0.116 0.07647014 0.078105755
0.1165 0.07483144 0.0754657
0.117 0.07320899 0.0728833
0.1175 0.07160504 0.07038107
0.118 0.07001974 0.06797121
0.1185 0.06845255 0.06565835
0.119 0.06690055 0.063442715
0.1195 0.06536173 0.061321333
0.12 0.06384018 0.05928977
0.1205 0.06233784 0.05734253
0.121 0.0608548 0.055473715
0.1215 0.05939057 0.053677797
0.122 0.05794465 0.05194924
0.1225 0.05651669 0.050282754
0.123 0.0551065 0.04867371
0.1235 0.05371402 0.047117643
0.124 0.05233922 0.045610808
0.1245 0.05098213 0.044149615
0.125 0.04964276 0.04273106
0.1255 0.04832116 0.041352272
0.126 0.04701732 0.040010944
0.1265 0.04573128 0.038704768
0.127 0.044463 0.037432022
0.1275 0.04321248 0.036191024
0.128 0.04197968 0.0349802
0.1285 0.04076455 0.03379839
0.129 0.03956704 0.032644346
0.1295 0.03838709 0.03151708
0.13 0.03722462 0.030415803
0.1305 0.03607954 0.029339701
0.131 0.03495177 0.028287977
0.1315 0.0338412 0.027260058
0.132 0.03274774 0.026255436
0.1325 0.03167126 0.02527354
0.133 0.03061167 0.024313882
0.1335 0.02956882 0.023376048
0.134 0.02854261 0.022459708
0.1345 0.02753289 0.021564372
0.135 0.02653954 0.020689808
0.1355 0.02556241 0.019835621
0.136 0.02460137 0.019001447
0.1365 0.02365627 0.018187098
0.137 0.02272696 0.017392151
0.1375 0.02181329 0.01661633
0.138 0.02091512 0.015859447
0.1385 0.02003228 0.0151211545
0.139 0.01916462 0.014401108
0.1395 0.01831199 0.013699181
0.14 0.01747423 0.013014987
0.1405 0.01665117 0.012348242
0.141 0.01584265 0.011698708
0.1415 0.01504851 0.011066116
0.142 0.01426859 0.010450162
0.1425 0.01350273 0.0098506585
0.143 0.01275075 0.009267189
0.1435 0.0120125 0.0086996555
0.144 0.01128781 0.00814759
0.1445 0.01057652 0.0076108654
0.145 0.009878461 0.0070891907
0.1455 0.009193467 0.0065822084
0.146 0.008521376 0.0060897996
0.1465 0.007862023 0.005611569
0.147 0.007215246 0.0051472713
0.1475 0.00658088 0.0046966528
0.148 0.005958764 0.00425946
0.1485 0.005348735 0.0038354178
0.149 0.004750634 0.003424265
0.1495 0.004164299 0.0030258228
0.15 0.003589571 0.003135391
0.1505 0.003009648 0.0004873206
0.151 0.002419454 -0.0014911811
0.1515 0.001837415 -0.002578042
0.152 0.001265341 -0.003234155
0.1525 0.000702323 -0.003780968
0.153 0.0001474077 -0.0043373923
0.1535 -0.0004000383 -0.004910044
0.154 -0.000940396 -0.005467675
0.1545 -0.001473898 -0.005978606
0.155 -0.002000698 -0.0064235847
0.1555 -0.002520912 -0.0067969183
0.156 -0.003034635 -0.007102899
0.1565 -0.00354195 -0.0073518376
0.157 -0.004042936 -0.007556669
0.1575 -0.004537669 -0.0077305953
0.158 -0.005026219 -0.007885493
0.1585 -0.005508656 -0.008031733
0.159 -0.005985107 -0.008177392
0.1595 -0.006456567 -0.00832852
0.16 -0.006922515 -0.008489631
0.1605 -0.007382247 -0.008663453
0.161 -0.007835717 -0.008851744
0.1615 -0.008283087 -0.00905516
0.162 -0.008724545 -0.009273581
0.1625 -0.009160244 -0.009506531
0.163 -0.009590307 -0.009752981
0.1635 -0.01001483 -0.010011785
0.164 -0.01043387 -0.010281585
0.1645 -0.01084752 -0.010561056
0.165 -0.0112558 -0.010848664
0.1655 -0.01165878 -0.011143021
0.166 -0.0120565 -0.011442922
0.1665 -0.012449 -0.011747055
0.167 -0.01283632 -0.0120541975
0.1675 -0.01321852 -0.012363382
0.168 -0.01359562 -0.012673609
0.1685 -0.01396766 -0.012984015
0.169 -0.0143347 -0.0132937655
0.1695 -0.01469676 -0.0136022195
0.17 -0.01505389 -0.013908796
0.1705 -0.01540612 -0.014212914
0.171 -0.0157535 -0.014514141
0.1715 -0.01609606 -0.014812075
0.172 -0.01643383 -0.015106373
0.1725 -0.01676686 -0.015396751
0.173 -0.01709518 -0.015683033
0.1735 -0.01741883 -0.015964963
0.174 -0.01773785 -0.016242363
0.1745 -0.01805226 -0.016515099
0.175 -0.0183621 -0.016783156
0.1755 -0.01866742 -0.017046414
0.176 -0.01896824 -0.017304786
0.1765 -0.01926459 -0.017558344
0.177 -0.01955652 -0.017807044
0.1775 -0.01984405 -0.018050842
0.178 -0.02012722 -0.018289767
0.1785 -0.02040606 -0.018523864
0.179 -0.02068061 -0.018753134
0.1795 -0.02095089 -0.01897762
0.18 -0.02121694 -0.019197457
0.1805 -0.02148029 -0.01941257
0.181 -0.0217459 -0.019623108
0.1815 -0.02200857 -0.019829057
0.182 -0.0222648 -0.02003052
0.1825 -0.02251402 -0.0202275
0.183 -0.02275687 -0.020420171
0.1835 -0.02299417 -0.020608492
0.184 -0.02322663 -0.020792566
0.1845 -0.02345474 -0.020972438
0.185 -0.02367882 -0.021148138
0.1855 -0.02389907 -0.0213198
0.186 -0.02411558 -0.021487497
0.1865 -0.02432843 -0.021651216
0.187 -0.02453764 -0.021811046
0.1875 -0.02474323 -0.021966971
0.188 -0.02494521 -0.022119217
0.1885 -0.02514359 -0.022267722
0.189 -0.02533839 -0.02241256
0.1895 -0.02552962 -0.022553734
0.19 -0.02571728 -0.022691406
0.1905 -0.02590141 -0.022825502
0.191 -0.02608202 -0.0229562
0.1915 -0.02625913 -0.023083441
0.192 -0.02643277 -0.02320733
0.1925 -0.02660295 -0.023327924
0.193 -0.02676971 -0.023445182
0.1935 -0.02693307 -0.023559295
0.194 -0.02709306 -0.023670174
0.1945 -0.0272497 -0.02377791
0.195 -0.02740302 -0.023882546
0.1955 -0.02755304 -0.023984112
0.196 -0.0276998 -0.024082728
0.1965 -0.02784333 -0.024178304
0.197 -0.02798364 -0.024271019
0.1975 -0.02812077 -0.024360754
0.198 -0.02825475 -0.024447657
0.1985 -0.02838559 -0.024531744
0.199 -0.02851334 -0.024613045
0.1995 -0.02863802 -0.024691679
0.2 -0.02875965 -0.023676805
0.2005 -0.02888052 -0.02388256
0.201 -0.02902263 -0.026609816
0.2015 -0.0291782 -0.029695876
0.202 -0.02933433 -0.031881794
0.2025 -0.02948676 -0.03297083
0.203 -0.02963527 -0.03322325
0.2035 -0.02978065 -0.03297084
0.204 -0.02992364 -0.032472823
0.2045 -0.03006474 -0.031892326
0.205 -0.0302042 -0.031316534
0.2055 -0.03034217 -0.030783154
0.206 -0.0304787 -0.030302644
0.2065 -0.03061382 -0.02987197
0.207 -0.03074754 -0.029483482
0.2075 -0.03087986 -0.029129084
0.208 -0.03101077 -0.028802164
0.2085 -0.03114028 -0.028498083
0.209 -0.03126837 -0.028214186
0.2095 -0.03139504 -0.027949251
0.21 -0.03152029 -0.02770302
0.2105 -0.03164413 -0.027476065
0.211 -0.03176654 -0.027269088
0.2115 -0.03188752 -0.027082909
0.212 -0.03200709 -0.026918367
0.2125 -0.03212523 -0.026776046
0.213 -0.03224195 -0.0266563
0.2135 -0.03235725 -0.026559267
0.214 -0.03247113 -0.026484717
0.2145 -0.0325836 -0.026432417
0.215 -0.03269466 -0.026401766
0.2155 -0.03280431 -0.026391976
0.216 -0.03291256 -0.026402168
0.2165 -0.03301942 -0.026431352
0.217 -0.03312488 -0.026478529
0.2175 -0.03322896 -0.026542496
0.218 -0.03333165 -0.026622117
0.2185 -0.03343298 -0.02671621
0.219 -0.03353293 -0.026823618
0.2195 -0.03363153 -0.026943091
0.22 -0.03372877 -0.02707363
0.2205 -0.03382467 -0.02721405
0.221 -0.03391924 -0.027363244
0.2215 -0.03401247 -0.027520344
0.222 -0.03410439 -0.027684405
0.2225 -0.034195 -0.027854301
0.223 -0.0342843 -0.028029367
0.2235 -0.03437232 -0.02820874
0.224 -0.03445905 -0.028391711
0.2245 -0.03454451 -0.028577521
0.225 -0.0346287 -0.028765596
0.2255 -0.03471165 -0.02895534
0.226 -0.03479335 -0.029146098
0.2265 -0.03487382 -0.029337548
0.227 -0.03495307 -0.029529132
0.2275 -0.03503111 -0.029720496
0.228 -0.03510795 -0.029911235
0.2285 -0.0351836 -0.030100938
0.229 -0.03525807 -0.030289482
0.2295 -0.03533138 -0.030476425
0.23 -0.03540353 -0.030661598
0.2305 -0.03547454 -0.030844837
0.231 -0.03554442 -0.03102583
0.2315 -0.03561318 -0.031204537
0.232 -0.03568083 -0.031380884
0.2325 -0.03574738 -0.031554554
0.233 -0.03581284 -0.03172556
0.2335 -0.03587724 -0.031893797
0.234 -0.03594057 -0.032059204
0.2345 -0.03600285 -0.032221686
0.235 -0.03606409 -0.032381304
0.2355 -0.0361243 -0.032537974
0.236 -0.03618351 -0.03269167
0.2365 -0.03624171 -0.032842394
0.237 -0.03629891 -0.032990143
0.2375 -0.03635514 -0.033134967
0.238 -0.03641041 -0.03327679
0.2385 -0.03646471 -0.033415675
0.239 -0.03651808 -0.033551678
0.2395 -0.03657051 -0.033684824
0.24 -0.03662203 -0.033815116
0.2405 -0.03667263 -0.03394264
0.241 -0.03672234 -0.0340674
0.2415 -0.03677117 -0.034189455
0.242 -0.03681912 -0.034308888
0.2425 -0.03686621 -0.034425657
0.243 -0.03691245 -0.034539923
0.2435 -0.03695786 -0.034651667
0.244 -0.03700244 -0.034760922
0.2445 -0.0370462 -0.034867823
0.245 -0.03708916 -0.034972444
0.2455 -0.03713132 -0.03507472
0.246 -0.0371727 -0.03517478
0.2465 -0.03721332 -0.03527268
0.247 -0.03725317 -0.035368405
0.2475 -0.03729228 -0.035462096
0.248 -0.03733065 -0.03555376
0.2485 -0.03736829 -0.035643417
0.249 -0.03740521 -0.03573125
0.2495 -0.03744143 -0.035817213
0.25 -0.03747696 -0.04115923
0.2505 -0.03752844 -0.04426503
0.251 -0.03760082 -0.045237027
0.2515 -0.03767551 -0.044808976
0.252 -0.03775056 -0.04373286
0.2525 -0.03782674 -0.04249595
0.253 -0.03790486 -0.04134827
0.2535 -0.0379854 -0.040393554
0.254 -0.03806862 -0.039658487
0.2545 -0.0381546 -0.039133534
0.255 -0.03824336 -0.038794138
0.2555 -0.03833487 -0.0386106
0.256 -0.0384291 -0.03855314
0.2565 -0.038526 -0.03859417
0.257 -0.03862552 -0.038709313
0.2575 -0.03872758 -0.038877375
0.258 -0.03883215 -0.0390808
0.2585 -0.03893915 -0.039305195
0.259 -0.03904853 -0.03953906
0.2595 -0.03916022 -0.039773583
0.26 -0.03927417 -0.040002115
0.2605 -0.03939031 -0.040219866
0.261 -0.03950859 -0.040423736
0.2615 -0.03962893 -0.040611736
0.262 -0.03975127 -0.040782943
0.2625 -0.03987556 -0.040937304
0.263 -0.04000173 -0.04107523
0.2635 -0.04012972 -0.04119768
0.264 -0.04025946 -0.041305885
0.2645 -0.0403909 -0.04140131
0.265 -0.04052397 -0.04148546
0.2655 -0.04065861 -0.041560017
0.266 -0.04079476 -0.041626573
0.2665 -0.04093236 -0.041686736
0.267 -0.04107135 -0.04174204
0.2675 -0.04121167 -0.04179401
0.268 -0.04135326 -0.04184393
0.2685 -0.04149606 -0.041893095
0.269 -0.04164002 -0.041942596
0.2695 -0.04178508 -0.04199355
0.27 -0.04193118 -0.042046867
0.2705 -0.04207826 -0.042103276
0.271 -0.04222628 -0.042163596
0.2715 -0.04237518 -0.04222843
0.272 -0.0425249 -0.042298213
0.2725 -0.04267539 -0.042373486
0.273 -0.04282661 -0.042454556
0.2735 -0.04297849 -0.042541713
0.274 -0.043131 -0.042635135
0.2745 -0.04328408 -0.04273496
0.275 -0.04343768 -0.042841353
0.2755 -0.04359176 -0.04295429
0.276 -0.04374627 -0.04307381
0.2765 -0.04390116 -0.043199822
0.277 -0.0440564 -0.04333225
0.2775 -0.04421193 -0.043471016
0.278 -0.04436772 -0.043615937
0.2785 -0.04452372 -0.04376687
0.279 -0.0446799 -0.043923646
0.2795 -0.0448362 -0.04408606
0.28 -0.04499261 -0.04425385
0.2805 -0.04514906 -0.04442682
0.281 -0.04530554 -0.04460477
0.2815 -0.045462 -0.0447874
0.282 -0.0456184 -0.04497444
0.2825 -0.04577472 -0.045165695
0.283 -0.04593092 -0.04536087
0.2835 -0.04608696 -0.045559756
0.284 -0.04624282 -0.045762047
0.2845 -0.04639846 -0.04596751
0.285 -0.04655385 -0.046175845
0.2855 -0.04670897 -0.046386898
0.286 -0.04686379 -0.04660032
0.2865 -0.04701827 -0.046815917
0.287 -0.0471724 -0.047033466
0.2875 -0.04732614 -0.047252677
0.288 -0.04747947 -0.047473386
0.2885 -0.04763236 -0.04769537
0.289 -0.0477848 -0.04791837
0.2895 -0.04793676 -0.048142217
0.29 -0.04808821 -0.048366696
0.2905 -0.04823914 -0.048591584
0.291 -0.04838952 -0.04881674
0.2915 -0.04853934 -0.04904195
0.292 -0.04868857 -0.049267054
0.2925 -0.0488372 -0.049491875
0.293 -0.0489852 -0.049716286
0.2935 -0.04913257 -0.04994008
0.294 -0.04927928 -0.050163127
0.2945 -0.04942532 -0.050385322
0.295 -0.04957067 -0.050606493
0.2955 -0.04971531 -0.05082655
0.296 -0.04985925 -0.05104532
0.2965 -0.05000245 -0.05126272
0.297 -0.0501449 -0.051478643
0.2975 -0.05028661 -0.051692985
0.298 -0.05042754 -0.05190562
0.2985 -0.05056769 -0.052116506
0.299 -0.05070706 -0.052325524
0.2995 -0.05084562 -0.052532595
0.3 -0.05098337 -0.028422792
0.3005 -0.05110366 -0.03019227
0.301 -0.05120155 -0.037393175
0.3015 -0.05129563 -0.043595992
0.302 -0.05138741 -0.047587976
0.3025 -0.0514644 -0.04974468
0.303 -0.05152979 -0.05070708
0.3035 -0.05159346 -0.050995268
0.304 -0.05165842 -0.050950825
0.3045 -0.05172431 -0.050773248
0.305 -0.05178984 -0.050567657
0.3055 -0.05185375 -0.050383203
0.306 -0.05191507 -0.05023823
0.3065 -0.05197315 -0.0501355
0.307 -0.0520276 -0.050071068
0.3075 -0.0520782 -0.050038435
0.308 -0.05212486 -0.050030917
0.3085 -0.05216757 -0.05004263
0.309 -0.05220635 -0.05006873
0.3095 -0.05224127 -0.05010523
0.31 -0.05227239 -0.050149076
0.3105 -0.05229979 -0.050197892
0.311 -0.05232357 -0.050249778
0.3115 -0.05234213 -0.05030323
0.312 -0.05235048 -0.05035717
0.3125 -0.0523541 -0.050410703
0.313 -0.05235665 -0.050463043
0.3135 -0.05235888 -0.050513588
0.314 -0.05236039 -0.050561853
0.3145 -0.05236051 -0.050607607
0.315 -0.05235864 -0.050650388
0.3155 -0.05235438 -0.050690047
0.316 -0.0523475 -0.050726406
0.3165 -0.05233786 -0.0507593
0.317 -0.05232545 -0.0507887
0.3175 -0.05231028 -0.050814487
0.318 -0.0522924 -0.050836682
0.3185 -0.05227188 -0.05085524
0.319 -0.05224881 -0.05087027
0.3195 -0.05222326 -0.05088166
0.32 -0.05219533 -0.05088968
0.3205 -0.05216508 -0.05089421
0.321 -0.0521326 -0.050895452
0.3215 -0.05209796 -0.05089347
0.322 -0.05206124 -0.050888427
0.3225 -0.0520225 -0.050880246
0.323 -0.05198182 -0.05086922
0.3235 -0.05193925 -0.050855406
0.324 -0.05189486 -0.050838836
0.3245 -0.05184872 -0.050819725
0.325 -0.05180087 -0.050798155
0.3255 -0.05175139 -0.05077424
0.326 -0.05170032 -0.050748028
0.3265 -0.05164773 -0.050719745
0.327 -0.05159367 -0.050689444
0.3275 -0.05153818 -0.050657228
0.328 -0.05148133 -0.050623164
0.3285 -0.05142317 -0.05058741
0.329 -0.05136374 -0.050550036
0.3295 -0.0513031 -0.050511204
0.33 -0.0512413 -0.05047094
0.3305 -0.05117806 -0.050429255
0.331 -0.0511055 -0.050386384
0.3315 -0.05102577 -0.05034232
0.332 -0.05094592 -0.05029718
0.3325 -0.05086863 -0.050250955
0.333 -0.05079405 -0.050203815
0.3335 -0.05072077 -0.05015581
0.334 -0.05064758 -0.050106995
0.3345 -0.05057487 -0.05005747
0.335 -0.05050289 -0.05000723
0.3355 -0.05043127 -0.04995636
0.336 -0.05035959 -0.049904935
0.3365 -0.05028757 -0.049852952
0.337 -0.05021508 -0.049800523
0.3375 -0.05014204 -0.049747646
0.338 -0.05006845 -0.04969445
0.3385 -0.04999432 -0.049640916
0.339 -0.04991967 -0.049587056
0.3395 -0.04984455 -0.049532957
0.34 -0.049769 -0.04947868
0.3405 -0.04969304 -0.04942418
0.341 -0.04961672 -0.049369596
0.3415 -0.04954008 -0.04931488
0.342 -0.04946315 -0.049260035
0.3425 -0.04938595 -0.04920517
0.343 -0.04930853 -0.049150318
0.3435 -0.0492309 -0.04909534
0.344 -0.04915311 -0.04904046
0.3445 -0.04907517 -0.048985638
0.345 -0.04899711 -0.04893089
0.3455 -0.04891896 -0.048876233
0.346 -0.04884073 -0.048821695
0.3465 -0.04876245 -0.04876727
0.347 -0.04868415 -0.048713014
0.3475 -0.04860584 -0.048658863
0.348 -0.04852755 -0.04860495
0.3485 -0.04844929 -0.048551217
0.349 -0.04837108 -0.04849767
0.3495 -0.04829295 -0.048444323
0.35 -0.0482149 -0.052855134
0.3505 -0.04815312 -0.056263648
0.351 -0.04811214 -0.05769351
0.3515 -0.04807407 -0.057628952
0.352 -0.04803753 -0.05679574
0.3525 -0.0480034 -0.055706903
0.353 -0.04797242 -0.054640345
0.3535 -0.04794495 -0.053717658
0.354 -0.04792112 -0.052974544
0.3545 -0.04790124 -0.052404605
0.355 -0.04788509 -0.05198375
0.3555 -0.04787241 -0.051682435
0.356 -0.04786314 -0.051471807
0.3565 -0.04785728 -0.051326297
0.357 -0.04785481 -0.051224664
0.3575 -0.04785571 -0.051149912
0.358 -0.04785994 -0.051089168
0.3585 -0.04786745 -0.051033072
0.359 -0.04787817 -0.050975144
0.3595 -0.04789206 -0.050911374
0.36 -0.04790905 -0.050839625
0.3605 -0.04792908 -0.050759204
0.361 -0.04795207 -0.05067043
0.3615 -0.04797798 -0.050574385
0.362 -0.04800673 -0.05047264
0.3625 -0.04803826 -0.050367065
0.363 -0.0480725 -0.050259642
0.3635 -0.0481094 -0.05015237
0.364 -0.04814889 -0.050047167
0.3645 -0.0481909 -0.04994587
0.365 -0.04823537 -0.049850054
0.3655 -0.04828224 -0.049761213
0.366 -0.04833144 -0.049680613
0.3665 -0.04838292 -0.04960923
0.367 -0.0484366 -0.049548
0.3675 -0.04849242 -0.04949756
0.368 -0.04855033 -0.049458377
0.3685 -0.04861026 -0.04943084
0.369 -0.04867215 -0.049415134
0.3695 -0.04873595 -0.04941135
0.37 -0.04880158 -0.04941941
0.3705 -0.04886899 -0.049439184
0.371 -0.04893813 -0.049470484
0.3715 -0.04900893 -0.04951302
0.372 -0.04908134 -0.04956641
0.3725 -0.0491553 -0.049630247
0.373 -0.04923076 -0.049704134
0.3735 -0.04930765 -0.049787596
0.374 -0.04938593 -0.04988014
0.3745 -0.04946555 -0.04998129
0.375 -0.04954644 -0.050090514
0.3755 -0.04962856 -0.050207317
0.376 -0.04971186 -0.05033116
0.3765 -0.04979629 -0.050461553
0.377 -0.04988179 -0.050597988
0.3775 -0.04996833 -0.05073996
0.378 -0.05005584 -0.05088705
0.3785 -0.05014429 -0.051038723
0.379 -0.05023363 -0.05119457
0.3795 -0.05032381 -0.05135414
0.38 -0.0504148 -0.051517032
0.3805 -0.05050654 -0.051682837
0.381 -0.05059899 -0.051851198
0.3815 -0.05069212 -0.052021705
0.382 -0.05078588 -0.052194055
0.3825 -0.05088024 -0.052367914
0.383 -0.05097514 -0.052542973
0.3835 -0.05107057 -0.052718922
0.384 -0.05116647 -0.05289551
0.3845 -0.05126281 -0.05307247
0.385 -0.05135956 -0.053249553
0.3855 -0.05145669 -0.053426564
0.386 -0.05155415 -0.05360325
0.3865 -0.05165191 -0.05377943
0.387 -0.05174995 -0.05395494
0.3875 -0.05184823 -0.054129567
0.388 -0.05194672 -0.054303173
0.3885 -0.05204539 -0.054475643
0.389 -0.05214421 -0.054646794
0.3895 -0.05224315 -0.054816537
0.39 -0.05234219 -0.05498473
0.3905 -0.0524413 -0.055151295
0.391 -0.05254045 -0.05531614
0.3915 -0.05263961 -0.055479117
0.392 -0.05273877 -0.055640247
0.3925 -0.0528379 -0.055799372
0.393 -0.05293697 -0.055956483
0.3935 -0.05303596 -0.056111507
0.394 -0.05313485 -0.056264378
0.3945 -0.05323362 -0.056415092
0.395 -0.05333224 -0.05656359
0.3955 -0.05343071 -0.05670981
0.396 -0.05352899 -0.056853764
0.3965 -0.05362707 -0.05699542
0.397 -0.05372493 -0.057134755
0.3975 -0.05382256 -0.057271782
0.398 -0.05391992 -0.057406455
0.3985 -0.05401702 -0.057538778
0.399 -0.05411384 -0.05766875
0.3995 -0.05421034 -0.057796385
0.4 -0.05430654 -0.05792167
0.4005 -0.0544024 -0.058044612
0.401 -0.05449791 -0.05816524
0.4015 -0.05459307 -0.058283523
0.402 -0.05468785 -0.058399513
0.4025 -0.05478225 -0.05851321
0.403 -0.05487625 -0.058624618
0.4035 -0.05496984 -0.058733784
0.404 -0.05506302 -0.058840707
0.4045 -0.05515576 -0.0589454
0.405 -0.05524807 -0.059047915
0.4055 -0.05533992 -0.059148267
0.406 -0.05543132 -0.05924647
0.4065 -0.05552225 -0.05934255
0.407 -0.0556127 -0.05943654
0.4075 -0.05570267 -0.059528474
0.408 -0.05579214 -0.05961836
0.4085 -0.05588112 -0.05970625
0.409 -0.05596959 -0.05979214
0.4095 -0.05605754 -0.059876107
0.41 -0.05614497 -0.059958138
0.4105 -0.05623188 -0.060038283
0.411 -0.05631826 -0.060116567
0.4115 -0.0564041 -0.060193032
0.412 -0.05648939 -0.060267694
0.4125 -0.05657414 -0.060340617
0.413 -0.05665834 -0.06041178
0.4135 -0.05674198 -0.06048125
0.414 -0.05682506 -0.060549047
0.4145 -0.05690758 -0.060615215
0.415 -0.05698953 -0.060679752
0.4155 -0.05707091 -0.060742732
0.416 -0.05715171 -0.06080416
0.4165 -0.05723194 -0.060864046
0.417 -0.0573116 -0.060922474
0.4175 -0.05739067 -0.06097944
0.418 -0.05746916 -0.06103497
0.4185 -0.05754706 -0.061089106
0.419 -0.05762438 -0.06114188
0.4195 -0.05770112 -0.061193317
0.42 -0.05777726 -0.061243445
0.4205 -0.05785281 -0.061292276
0.421 -0.05792778 -0.06133987
0.4215 -0.05800215 -0.061386243
0.422 -0.05807594 -0.061431415
0.4225 -0.05814913 -0.061475396
0.423 -0.05822173 -0.061518237
0.4235 -0.05829374 -0.061559983
0.424 -0.05836515 -0.0616006
0.4245 -0.05843598 -0.06164017
0.425 -0.05850622 -0.061678696
0.4255 -0.05857586 -0.061716218
0.426 -0.05864492 -0.061752714
0.4265 -0.05871339 -0.061788257
0.427 -0.05878128 -0.061822858
0.4275 -0.05884857 -0.061856516
0.428 -0.05891529 -0.061889287
0.4285 -0.05898142 -0.06192118
0.429 -0.05904696 -0.0619522
0.4295 -0.05911193 -0.061982386
0.43 -0.05917632 -0.062011763
0.4305 -0.05924014 -0.062040336
0.431 -0.05930338 -0.062068127
0.4315 -0.05936605 -0.062095176
0.432 -0.05942814 -0.06212148
0.4325 -0.05948967 -0.06214706
0.433 -0.05955063 -0.062171936
0.4335 -0.05961103 -0.06219614
0.434 -0.05967087 -0.062219672
0.4345 -0.05973015 -0.062242545
0.435 -0.05978888 -0.062264804
0.4355 -0.05984705 -0.062286444
0.436 -0.05990467 -0.06230748
0.4365 -0.05996174 -0.062327947
0.437 -0.06001826 -0.062347826
0.4375 -0.06007425 -0.062367167
0.438 -0.06012969 -0.062385958
0.4385 -0.0601846 -0.06240423
0.439 -0.06023898 -0.06242199
0.4395 -0.06029282 -0.06243925
0.44 -0.06034614 -0.062456027
0.4405 -0.06039893 -0.06247234
0.441 -0.0604512 -0.062488195
0.4415 -0.06050295 -0.06250359
0.442 -0.06055419 -0.06251857
0.4425 -0.06060492 -0.06253311
0.443 -0.06065514 -0.06254724
0.4435 -0.06070486 -0.06256099
0.444 -0.06075407 -0.06257434
0.4445 -0.06080279 -0.0625873
0.445 -0.06085101 -0.062599905
0.4455 -0.06089874 -0.06261216
0.446 -0.06094598 -0.06262407
0.4465 -0.06099274 -0.062635615
0.447 -0.06103902 -0.062646866
0.4475 -0.06108482 -0.06265777
0.448 -0.06113014 -0.062668376
0.4485 -0.061175 -0.06267868
0.449 -0.06121939 -0.06268868
0.4495 -0.06126332 -0.06269839
0.45 -0.06130679 -0.06270784
0.4505 -0.0613498 -0.062717
0.451 -0.06139236 -0.06272593
0.4515 -0.06143447 -0.06273458
0.452 -0.06147613 -0.062742986
0.4525 -0.06151735 -0.06275115
0.453 -0.06155814 -0.062759094
0.4535 -0.06159849 -0.06276679
0.454 -0.06163841 -0.06277427
0.4545 -0.0616779 -0.06278153
0.455 -0.06171697 -0.062788606
0.4555 -0.06175562 -0.06279544
0.456 -0.06179385 -0.062802106
0.4565 -0.06183167 -0.06280858
0.457 -0.06186908 -0.06281485
0.4575 -0.06190608 -0.06282094
0.458 -0.06194268 -0.06282687
0.4585 -0.06197888 -0.06283263
0.459 -0.06201469 -0.062838204
0.4595 -0.0620501 -0.062843636
0.46 -0.06208513 -0.06284891
0.4605 -0.06211977 -0.06285401
0.461 -0.06215403 -0.06285899
0.4615 -0.06218791 -0.06286381
0.462 -0.06222142 -0.06286848
0.4625 -0.06225455 -0.06287303
0.463 -0.06228732 -0.06287745
0.4635 -0.06231972 -0.06288173
0.464 -0.06235177 -0.06288592
0.4645 -0.06238345 -0.06288995
0.465 -0.06241478 -0.06289387
0.4655 -0.06244576 -0.0628977
0.466 -0.0624764 -0.062901385
0.4665 -0.06250668 -0.062904984
0.467 -0.06253663 -0.06290846
0.4675 -0.06256624 -0.06291186
0.468 -0.06259552 -0.06291515
0.4685 -0.06262447 -0.06291835
0.469 -0.06265308 -0.06292146
0.4695 -0.06268138 -0.06292447
0.47 -0.06270935 -0.06292739
0.4705 -0.062737 -0.06293023
0.471 -0.06276434 -0.06293298
0.4715 -0.06279137 -0.06293564
0.472 -0.06281808 -0.06293825
0.4725 -0.0628445 -0.06294078
0.473 -0.0628706 -0.06294322
0.4735 -0.06289641 -0.062945604
0.474 -0.06292193 -0.06294791
0.4745 -0.06294715 -0.06295016
0.475 -0.06297208 -0.06295233
0.4755 -0.06299672 -0.06295445
0.476 -0.06302108 -0.062956505
0.4765 -0.06304515 -0.06295851
0.477 -0.06306895 -0.06296044
0.4775 -0.06309247 -0.06296231
0.478 -0.06311572 -0.06296413
0.4785 -0.06313869 -0.0629659
0.479 -0.0631614 -0.06296763
0.4795 -0.06318385 -0.06296929
0.48 -0.06320603 -0.06297091
0.4805 -0.06322796 -0.06297246
0.481 -0.06324963 -0.06297398
0.4815 -0.06327104 -0.06297547
0.482 -0.0632922 -0.06297692
0.4825 -0.06331312 -0.06297832
0.483 -0.06333379 -0.06297967
0.4835 -0.06335422 -0.062980995
0.484 -0.06337441 -0.06298226
0.4845 -0.06339435 -0.06298348
0.485 -0.06341407 -0.06298469
0.4855 -0.06343355 -0.06298586
0.486 -0.0634528 -0.06298701
0.4865 -0.06347182 -0.06298811
0.487 -0.06349062 -0.06298919
0.4875 -0.0635092 -0.062990226
0.488 -0.06352755 -0.06299124
0.4885 -0.06354569 -0.06299222
0.489 -0.06356361 -0.062993154
0.4895 -0.06358132 -0.062994085
0.49 -0.06359882 -0.06299497
0.4905 -0.06361611 -0.062995836
0.491 -0.0636332 -0.062996686
0.4915 -0.06365007 -0.062997505
0.492 -0.06366675 -0.062998295
0.4925 -0.06368323 -0.06299907
0.493 -0.06369951 -0.06299983
0.4935 -0.0637156 -0.06300055
0.494 -0.06373149 -0.06300126
0.4945 -0.0637472 -0.063001946
0.495 -0.06376271 -0.06300261
0.4955 -0.06377804 -0.06300324
0.496 -0.06379319 -0.06300386
0.4965 -0.06380815 -0.063004486
0.497 -0.06382293 -0.063005075
0.4975 -0.06383753 -0.06300565
0.498 -0.06385196 -0.06300621
0.4985 -0.06386622 -0.063006744
0.499 -0.0638803 -0.06300727
0.4995 -0.06389421 -0.06300777
