0.0 -0.065 -0.026521184
0.0005 -0.065 -0.036588445
0.001 -0.065 -0.042054374
0.0015 -0.065 -0.045083597
0.002 -0.065 -0.04680473
0.0025 -0.065 -0.047819134
0.003 -0.065 -0.048452653
0.0035 -0.065 -0.048883684
0.004 -0.065 -0.049210154
0.0045 -0.065 -0.049485378
0.005 -0.065 -0.04973775
0.0055 -0.065 -0.04998173
0.006 -0.065 -0.05022403
0.0065 -0.065 -0.050467208
0.007 -0.065 -0.05071166
0.0075 -0.065 -0.050956775
0.008 -0.065 -0.051201537
0.0085 -0.065 -0.051444888
0.009 -0.065 -0.051685855
0.0095 -0.065 -0.05192363
0.01 -0.065 -0.052157573
0.0105 -0.065 -0.052387208
0.011 -0.065 -0.05261219
0.0115 -0.065 -0.052832283
0.012 -0.065 -0.05304734
0.0125 -0.065 -0.05325727
0.013 -0.065 -0.05346206
0.0135 -0.065 -0.0536617
0.014 -0.065 -0.053856224
0.0145 -0.065 -0.05404568
0.015 -0.065 -0.05423014
0.0155 -0.065 -0.054409668
0.016 -0.065 -0.054584347
0.0165 -0.065 -0.054754272
0.017 -0.065 -0.054919515
0.0175 -0.065 -0.05508018
0.018 -0.065 -0.05523635
0.0185 -0.065 -0.055388115
0.019 -0.065 -0.05553557
0.0195 -0.065 -0.05567882
0.02 -0.065 -0.05581794
0.0205 -0.065 -0.055953033
0.021 -0.065 -0.056084186
0.0215 -0.065 -0.056211486
0.022 -0.065 -0.056335032
0.0225 -0.065 -0.05645492
0.023 -0.065 -0.056571215
0.0235 -0.065 -0.056684025
0.024 -0.065 -0.056793433
0.0245 -0.065 -0.056899525
0.025 -0.065 -0.05700238
0.0255 -0.065 -0.05710209
0.026 -0.065 -0.05719873
0.0265 -0.065 -0.057292387
0.027 -0.065 -0.057383135
0.0275 -0.065 -0.05747105
0.028 -0.065 -0.05755623
0.0285 -0.065 -0.057638716
0.029 -0.065 -0.057718616
0.0295 -0.065 -0.057795975
0.03 -0.065 -0.05787089
0.0305 -0.065 -0.05794341
0.031 -0.065 -0.058013618
0.0315 -0.065 -0.058081567
0.032 -0.065 -0.058147337
0.0325 -0.065 -0.05821099
0.033 -0.065 -0.058272578
0.0335 -0.065 -0.058332168
0.034 -0.065 -0.058389816
0.0345 -0.065 -0.058445588
0.035 -0.065 -0.058499526
0.0355 -0.065 -0.05855171
0.036 -0.065 -0.05860218
0.0365 -0.065 -0.058650985
0.037 -0.065 -0.05869818
0.0375 -0.065 -0.058743812
0.038 -0.065 -0.058787927
0.0385 -0.065 -0.058830585
0.039 -0.065 -0.05887182
0.0395 -0.065 -0.058911685
0.04 -0.065 -0.058950216
0.0405 -0.065 -0.058987465
0.041 -0.065 -0.059023462
0.0415 -0.065 -0.059058256
0.042 -0.065 -0.059091877
0.0425 -0.065 -0.059124373
0.043 -0.065 -0.059155766
0.0435 -0.065 -0.0591861
0.044 -0.065 -0.05921542
0.0445 -0.065 -0.05924374
0.045 -0.065 -0.059271097
0.0455 -0.065 -0.059297536
0.046 -0.065 -0.05932307
0.0465 -0.065 -0.059347734
0.047 -0.065 -0.059371565
0.0475 -0.065 -0.059394583
0.048 -0.065 -0.059416816
0.0485 -0.065 -0.05943829
0.049 -0.065 -0.059459034
0.0495 -0.065 -0.059479065
0.05 -0.065 -0.059498414
0.0505 -0.065 -0.059517093
0.051 -0.065 -0.05953514
0.0515 -0.065 -0.05955256
0.052 -0.065 -0.05956939
0.0525 -0.065 -0.059585642
0.053 -0.065 -0.05960133
0.0535 -0.065 -0.059616484
0.054 -0.065 -0.05963111
0.0545 -0.065 -0.059645236
0.055 -0.065 -0.059658874
0.0555 -0.065 -0.05967204
0.056 -0.065 -0.059684757
0.0565 -0.065 -0.059697032
0.057 -0.065 -0.059708882
0.0575 -0.065 -0.059720322
0.058 -0.065 -0.059731364
0.0585 -0.065 -0.059742037
0.059 -0.065 -0.05975233
0.0595 -0.065 -0.05976227
0.06 -0.065 -0.05977186
0.0605 -0.065 -0.059781123
0.061 -0.065 -0.05979006
0.0615 -0.065 -0.05979869
0.062 -0.065 -0.059807025
0.0625 -0.065 -0.059815064
0.063 -0.065 -0.059822828
0.0635 -0.065 -0.05983032
0.064 -0.065 -0.05983755
0.0645 -0.065 -0.05984454
0.065 -0.065 -0.05985127
0.0655 -0.065 -0.05985778
0.066 -0.065 -0.059864055
0.0665 -0.065 -0.059870116
0.067 -0.065 -0.059875958
0.0675 -0.065 -0.05988161
0.068 -0.065 -0.05988706
0.0685 -0.065 -0.05989232
0.069 -0.065 -0.059897393
0.0695 -0.065 -0.059902295
0.07 -0.065 -0.059907023
0.0705 -0.065 -0.059911583
0.071 -0.065 -0.05991599
0.0715 -0.065 -0.059920244
0.072 -0.065 -0.059924345
0.0725 -0.065 -0.059928298
0.073 -0.065 -0.05993212
0.0735 -0.065 -0.059935812
0.074 -0.065 -0.059939366
0.0745 -0.065 -0.059942808
0.075 -0.065 -0.05994612
0.0755 -0.065 -0.059949316
0.076 -0.065 -0.059952404
0.0765 -0.065 -0.05995539
0.077 -0.065 -0.05995826
0.0775 -0.065 -0.059961036
0.078 -0.065 -0.059963718
0.0785 -0.065 -0.0599663
0.079 -0.065 -0.0599688
0.0795 -0.065 -0.059971206
0.08 -0.065 -0.05997353
0.0805 -0.065 -0.059975773
0.081 -0.065 -0.059977934
0.0815 -0.065 -0.059980027
0.082 -0.065 -0.05998204
0.0825 -0.065 -0.05998398
0.083 -0.065 -0.059985854
0.0835 -0.065 -0.059987664
0.084 -0.065 -0.059989415
0.0845 -0.065 -0.059991103
0.085 -0.065 -0.059992734
0.0855 -0.065 -0.059994303
0.086 -0.065 -0.059995815
0.0865 -0.065 -0.05999728
0.087 -0.065 -0.05999869
0.0875 -0.065 -0.060000055
0.088 -0.065 -0.060001366
0.0885 -0.065 -0.06000264
0.089 -0.065 -0.06000386
0.0895 -0.065 -0.060005043
0.09 -0.065 -0.06000618
0.0905 -0.065 -0.06000729
0.091 -0.065 -0.060008343
0.0915 -0.065 -0.060009364
0.092 -0.065 -0.06001036
0.0925 -0.065 -0.060011305
0.093 -0.065 -0.060012233
0.0935 -0.065 -0.060013123
0.094 -0.065 -0.060013976
0.0945 -0.065 -0.060014807
0.095 -0.065 -0.060015604
0.0955 -0.065 -0.06001637
0.096 -0.065 -0.06001711
0.0965 -0.065 -0.060017828
0.097 -0.065 -0.06001852
0.0975 -0.065 -0.060019188
0.098 -0.065 -0.06001983
0.0985 -0.065 -0.06002045
0.099 -0.065 -0.06002105
0.0995 -0.065 -0.06002164
0.1 -0.065 -0.035725653
0.1005 -0.05205612 -0.031014552
0.101 -0.03678555 -0.023844061
0.1015 -0.02642051 -0.015442384
0.102 -0.01935535 -0.0075477385
0.1025 -0.01394585 -0.0007944242
0.103 -0.009311454 0.004944855
0.1035 -0.005023821 0.010018775
0.104 -0.0008967279 0.014729658
0.1045 0.003115461 0.019272616
0.105 0.007031527 0.023753503
0.1055 0.01091859 0.028220667
0.106 0.01480548 0.03269006
0.1065 0.01868723 0.037161168
0.107 0.02255614 0.0416263
0.1075 0.02642019 0.04607556
0.108 0.03027984 0.05049883
0.1085 0.03413009 0.05488754
0.109 0.03796465 0.05923441
0.1095 0.0417781 0.063533604
0.11 0.04556702 0.06778062
0.1105 0.04932908 0.07197221
0.111 0.05306279 0.076105624
0.1115 0.05676717 0.08017932
0.112 0.06044165 0.08419213
0.1125 0.06408584 0.08814335
0.113 0.06769939 0.092032686
0.1135 0.07128201 0.095860116
0.114 0.07483355 0.09962578
0.1145 0.07835392 0.10333003
0.115 0.08184136 0.10697343
0.1155 0.08527853 0.11055651
0.116 0.08867512 0.11408006
0.1165 0.09204577 0.117544755
0.117 0.09539416 0.1209514
0.1175 0.09870711 0.12430087
0.118 0.1019618 0.12759401
0.1185 0.1051808 0.13083172
0.119 0.1083802 0.13401505
0.1195 0.1115629 0.1371447
0.12 0.1147258 0.14022176
0.1205 0.117865 0.14324717
0.121 0.1209769 0.14622188
0.1215 0.1240592 0.14914668
0.122 0.1271103 0.15202269
0.1225 0.1301113 0.15485081
0.123 0.1330368 0.15763187
0.1235 0.1359186 0.16036692
0.124 0.1387853 0.16305666
0.1245 0.1416428 0.16570218
0.125 0.1444868 0.16830434
0.1255 0.1473104 0.17086402
0.126 0.1501074 0.17338201
0.1265 0.1528743 0.17585921
0.127 0.1556091 0.17829643
0.1275 0.1583128 0.18069457
0.128 0.1609854 0.18305433
0.1285 0.1636157 0.1853766
0.129 0.1661922 0.18766212
0.1295 0.1687342 0.18991166
0.13 0.1712546 0.21068035
0.1305 0.1608096 0.19518577
0.131 0.1480025 0.18318877
0.1315 0.1400602 0.17511639
0.132 0.1353838 0.16940899
0.1325 0.1323292 0.16506231
0.133 0.1299979 0.16152468
0.1335 0.1279704 0.15848579
0.134 0.1260857 0.15576226
0.1345 0.1242714 0.15324141
0.135 0.1224912 0.150852
0.1355 0.1207262 0.14854905
0.136 0.1189634 0.14630473
0.1365 0.1171978 0.1441031
0.137 0.1154309 0.14193594
0.1375 0.1136629 0.13980077
0.138 0.1118941 0.13769825
0.1385 0.1101245 0.13563094
0.139 0.1083547 0.13360202
0.1395 0.1065852 0.1316146
0.14 0.1048167 0.12967089
0.1405 0.1030497 0.12777205
0.141 0.1012852 0.12591799
0.1415 0.09952379 0.12410708
0.142 0.09776618 0.12233664
0.1425 0.09601307 0.1206028
0.143 0.09426511 0.118900776
0.1435 0.09252293 0.11722533
0.144 0.09078713 0.115570836
0.1445 0.08905826 0.11393137
0.145 0.08733687 0.11230122
0.1455 0.08562345 0.11067501
0.146 0.08391848 0.109047525
0.1465 0.0822224 0.10741429
0.147 0.08053563 0.10577135
0.1475 0.07885857 0.10411528
0.148 0.07719158 0.102443516
0.1485 0.07553502 0.10075395
0.149 0.07388921 0.099045284
0.1495 0.07225446 0.09731677
0.15 0.07063104 0.09556819
0.1505 0.06901922 0.093799934
0.151 0.06741925 0.092012756
0.1515 0.06583136 0.09020788
0.152 0.06425575 0.088386886
0.1525 0.06269262 0.08655157
0.153 0.06114215 0.08470406
0.1535 0.05960451 0.082846604
0.154 0.05807984 0.08098156
0.1545 0.05656828 0.079111435
0.155 0.05506995 0.07723881
0.1555 0.05358496 0.075366214
0.156 0.05211342 0.07349614
0.1565 0.0506554 0.07163118
0.157 0.04921099 0.06977366
0.1575 0.04778024 0.067926
0.158 0.04636322 0.06609038
0.1585 0.04495996 0.06426891
0.159 0.04357051 0.06246364
0.1595 0.04219489 0.060676433
0.16 0.04083312 0.05890894
0.1605 0.03948521 0.05716276
0.161 0.03815116 0.055439293
0.1615 0.03683098 0.05373977
0.162 0.03552465 0.052065432
0.1625 0.03423215 0.050417125
0.163 0.03295346 0.048795745
0.1635 0.03168855 0.047201976
0.164 0.03043739 0.045636415
0.1645 0.02919993 0.044099495
0.165 0.02797614 0.042591475
0.1655 0.02676595 0.041112617
0.166 0.02556932 0.03966303
0.1665 0.02438618 0.038242705
0.167 0.02321648 0.036851518
0.1675 0.02206014 0.035489343
0.168 0.02091711 0.03415584
0.1685 0.01978729 0.03285075
0.169 0.01867063 0.03157365
0.1695 0.01756703 0.030324118
0.17 0.01647641 0.029101612
0.1705 0.01539869 0.027905645
0.171 0.01433379 0.026735572
0.1715 0.0132816 0.025590809
0.172 0.01224205 0.024470696
0.1725 0.01121503 0.023374574
0.173 0.01020046 0.022301761
0.1735 0.009198222 0.021251557
0.174 0.008208231 0.020223254
0.1745 0.007230384 0.019216122
0.175 0.006264578 0.018229479
0.1755 0.005310711 0.017262587
0.176 0.004368679 0.016314747
0.1765 0.003438377 0.015385279
0.177 0.002519699 0.014473455
0.1775 0.001612538 0.013578618
0.178 0.0007167878 0.012700109
0.1785 -0.0001676598 0.011837272
0.179 -0.001040913 0.010989482
0.1795 -0.001903081 0.010156075
0.18 -0.002754273 0.009336492
0.1805 -0.003594597 0.008530134
0.181 -0.004424164 0.007736431
0.1815 -0.005243084 0.006954865
0.182 -0.006051465 0.0061848736
0.1825 -0.006849418 0.0054259463
0.183 -0.007637052 0.0046776137
0.1835 -0.008414477 0.0039393953
0.184 -0.009181803 0.003210859
0.1845 -0.009939139 0.0024915054
0.185 -0.01068659 0.0017809956
0.1855 -0.01142428 0.0010788604
0.186 -0.01215229 0.00038475683
0.1865 -0.01287075 -0.00030169124
0.187 -0.01357977 -0.0009808396
0.1875 -0.01427944 -0.0016530254
0.188 -0.01496987 -0.002318608
0.1885 -0.01565118 -0.002977841
0.189 -0.01632347 -0.0036310484
0.1895 -0.01698683 -0.004278513
0.19 -0.01764139 -0.0049204924
0.1905 -0.01828723 -0.0055572526
0.191 -0.01892447 -0.006189045
0.1915 -0.0195532 -0.006816101
0.192 -0.02017353 -0.0074386303
0.1925 -0.02078556 -0.008056862
0.193 -0.02138938 -0.008671002
0.1935 -0.02198511 -0.0092812255
0.194 -0.02257283 -0.009887727
0.1945 -0.02315265 -0.010490667
0.195 -0.02372466 -0.011090221
0.1955 -0.02428896 -0.01168653
0.196 -0.02484565 -0.012279758
0.1965 -0.02539481 -0.012870038
0.197 -0.02593655 -0.013457488
0.1975 -0.02647095 -0.014042225
0.198 -0.02699812 -0.014624389
0.1985 -0.02751814 -0.015204035
0.199 -0.02803109 -0.015781308
0.1995 -0.02853708 -0.016356267
0.2 -0.02903619 -0.016929
0.2005 -0.02952851 -0.017499575
0.201 -0.03001412 -0.018068042
0.2015 -0.03049312 -0.01863447
0.202 -0.03096558 -0.019198904
0.2025 -0.0314316 -0.019761387
0.203 -0.03189125 -0.020321975
0.2035 -0.03234462 -0.020880647
0.204 -0.03279179 -0.02143744
0.2045 -0.03323284 -0.02199237
0.205 -0.03366785 -0.022545442
0.2055 -0.03409691 -0.023096662
0.206 -0.03452008 -0.023645988
0.2065 -0.03493745 -0.024193412
0.207 -0.0353491 -0.024738919
0.2075 -0.03575509 -0.025282467
0.208 -0.03615551 -0.025824016
0.2085 -0.03655043 -0.026363537
0.209 -0.03693992 -0.026900962
0.2095 -0.03732405 -0.027436232
0.21 -0.03770291 -0.027969291
0.2105 -0.03807654 -0.028500058
0.211 -0.03844504 -0.029028473
0.2115 -0.03880846 -0.02955444
0.212 -0.03916688 -0.030077878
0.2125 -0.03952035 -0.030598698
0.213 -0.03986896 -0.0311168
0.2135 -0.04021276 -0.03163209
0.214 -0.04055182 -0.03214446
0.2145 -0.0408862 -0.032653805
0.215 -0.04121597 -0.033160005
0.2155 -0.04154119 -0.033662956
0.216 -0.04186192 -0.034162536
0.2165 -0.04217823 -0.034658633
0.217 -0.04249016 -0.035151117
0.2175 -0.04279779 -0.03563987
0.218 -0.04310117 -0.03612477
0.2185 -0.04340036 -0.036605697
0.219 -0.04369542 -0.03708252
0.2195 -0.0439864 -0.03755512
0.22 -0.04427336 -0.03802337
0.2205 -0.04455635 -0.038487155
0.221 -0.04483544 -0.038946357
0.2215 -0.04511066 -0.03940084
0.222 -0.04538208 -0.039850503
0.2225 -0.04564975 -0.04029523
0.223 -0.04591372 -0.0407349
0.2235 -0.04617404 -0.041169416
0.224 -0.04643076 -0.04159867
0.2245 -0.04668394 -0.042022564
0.225 -0.04693361 -0.042440996
0.2255 -0.04717983 -0.042853884
0.226 -0.04742264 -0.04326113
0.2265 -0.0476621 -0.04366266
0.227 -0.04789825 -0.044058394
0.2275 -0.04813114 -0.04444827
0.228 -0.0483608 -0.04483221
0.2285 -0.04858729 -0.04521016
0.229 -0.04881065 -0.045582067
0.2295 -0.04903093 -0.04594788
0.23 -0.04924815 -0.046307556
0.2305 -0.04946238 -0.046661064
0.231 -0.04967365 -0.04700837
0.2315 -0.04988199 -0.04734945
0.232 -0.05008746 -0.04768429
0.2325 -0.05029009 -0.04801288
0.233 -0.05048992 -0.048335202
0.2335 -0.050687 -0.04865127
0.234 -0.05088135 -0.04896108
0.2345 -0.05107301 -0.04926465
0.235 -0.05126203 -0.049562
0.2355 -0.05144844 -0.04985314
0.236 -0.05163228 -0.05013811
0.2365 -0.05181358 -0.05041693
0.237 -0.05199238 -0.050689656
0.2375 -0.05216871 -0.050956316
0.238 -0.05234261 -0.05121696
0.2385 -0.05251411 -0.051471643
0.239 -0.05268324 -0.051720418
0.2395 -0.05285005 -0.05196334
0.24 -0.05301455 -0.052200478
0.2405 -0.05317679 -0.05243189
0.241 -0.05333679 -0.052657653
0.2415 -0.05349458 -0.05287784
0.242 -0.0536502 -0.053092524
0.2425 -0.05380368 -0.053301774
0.243 -0.05395505 -0.053505678
0.2435 -0.05410433 -0.05370432
0.244 -0.05425156 -0.05389778
0.2445 -0.05439676 -0.054086145
0.245 -0.05453996 -0.0542695
0.2455 -0.05468119 -0.054447934
0.246 -0.05482048 -0.054621536
0.2465 -0.05495786 -0.0547904
0.247 -0.05509334 -0.054954607
0.2475 -0.05522697 -0.055114254
0.248 -0.05535875 -0.055269435
0.2485 -0.05548873 -0.055420246
0.249 -0.05561692 -0.055566765
0.2495 -0.05574336 -0.055709094
0.25 -0.05586805 -0.055847332
0.2505 -0.05599104 -0.05598156
0.251 -0.05611233 -0.05611187
0.2515 -0.05623196 -0.05623835
0.252 -0.05634996 -0.0563611
0.2525 -0.05646633 -0.056480195
0.253 -0.05658111 -0.05659574
0.2535 -0.05669431 -0.056707807
0.254 -0.05680597 -0.056816492
0.2545 -0.05691609 -0.056921877
0.255 -0.05702471 -0.057024054
0.2555 -0.05713184 -0.05712309
0.256 -0.0572375 -0.057219088
0.2565 -0.05734172 -0.057312116
0.257 -0.05744451 -0.057402246
0.2575 -0.0575459 -0.057489567
0.258 -0.05764589 -0.057574157
0.2585 -0.05774453 -0.057656087
0.259 -0.05784181 -0.057735436
0.2595 -0.05793776 -0.057812266
0.26 -0.05803241 -0.05788666
0.2605 -0.05812576 -0.057958674
0.261 -0.05821784 -0.05802839
0.2615 -0.05830866 -0.05809587
0.262 -0.05839824 -0.058161184
0.2625 -0.0584866 -0.058224384
0.263 -0.05857375 -0.058285534
0.2635 -0.05865972 -0.0583447
0.264 -0.05874451 -0.058401942
0.2645 -0.05882815 -0.058457322
0.265 -0.05891065 -0.058510885
0.2655 -0.05899203 -0.05856269
0.266 -0.05907229 -0.058612797
0.2665 -0.05915147 -0.05866125
0.267 -0.05922957 -0.058708098
0.2675 -0.0593066 -0.0587534
0.268 -0.05938259 -0.05879721
0.2685 -0.05945755 -0.05883956
0.269 -0.05953148 -0.0588805
0.2695 -0.05960441 -0.05892007
0.27 -0.05967635 -0.058958326
0.2705 -0.05974732 -0.058995306
0.271 -0.05981732 -0.059031032
0.2715 -0.05988637 -0.059065573
0.272 -0.05995448 -0.059098948
0.2725 -0.06002167 -0.059131198
0.273 -0.06008795 -0.05916237
0.2735 -0.06015333 -0.059192486
0.274 -0.06021782 -0.05922158
0.2745 -0.06028144 -0.059249684
0.275 -0.0603442 -0.05927685
0.2755 -0.0604061 -0.05930309
0.276 -0.06046717 -0.059328437
0.2765 -0.06052742 -0.05935292
0.277 -0.06058684 -0.059376575
0.2775 -0.06064547 -0.05939942
0.278 -0.0607033 -0.059421487
0.2785 -0.06076035 -0.059442803
0.279 -0.06081663 -0.059463397
0.2795 -0.06087214 -0.05948328
0.28 -0.06092691 -0.059502475
0.2805 -0.06098094 -0.059521023
0.281 -0.06103424 -0.05953893
0.2815 -0.06108682 -0.059556223
0.282 -0.06113869 -0.059572928
0.2825 -0.06118986 -0.05958905
0.283 -0.06124034 -0.059604622
0.2835 -0.06129014 -0.059619665
0.284 -0.06133927 -0.05963419
0.2845 -0.06138774 -0.05964821
0.285 -0.06143555 -0.059661746
0.2855 -0.06148272 -0.059674807
0.286 -0.06152925 -0.059687432
0.2865 -0.06157516 -0.05969961
0.287 -0.06162045 -0.059711374
0.2875 -0.06166514 -0.05972272
0.288 -0.06170922 -0.059733693
0.2885 -0.0617527 -0.059744272
0.289 -0.06179561 -0.05975449
0.2895 -0.06183794 -0.059764348
0.29 -0.06187969 -0.05977388
0.2905 -0.06192089 -0.059783068
0.291 -0.06196154 -0.05979194
0.2915 -0.06200164 -0.059800506
0.292 -0.0620412 -0.059808776
0.2925 -0.06208023 -0.05981675
0.293 -0.06211874 -0.05982445
0.2935 -0.06215673 -0.059831895
0.294 -0.06219421 -0.059839074
0.2945 -0.06223119 -0.059846003
0.295 -0.06226767 -0.05985269
0.2955 -0.06230367 -0.059859145
0.296 -0.06233918 -0.059865378
0.2965 -0.06237422 -0.05987139
0.297 -0.06240879 -0.059877194
0.2975 -0.06244289 -0.059882797
0.298 -0.06247655 -0.059888203
0.2985 -0.06250975 -0.05989342
0.299 -0.0625425 -0.05989846
0.2995 -0.06257482 -0.059903324
0.3 -0.06260671 -0.059908014
0.3005 -0.06263817 -0.059912544
0.301 -0.06266921 -0.05991691
0.3015 -0.06269984 -0.05992113
0.302 -0.06273006 -0.059925206
0.3025 -0.06275987 -0.059929132
0.303 -0.06278929 -0.05993293
0.3035 -0.06281831 -0.059936583
0.304 -0.06284695 -0.05994012
0.3045 -0.06287521 -0.05994353
0.305 -0.06290309 -0.059946813
0.3055 -0.0629306 -0.05994999
0.306 -0.06295774 -0.05995305
0.3065 -0.06298452 -0.059956014
0.307 -0.06301094 -0.05995887
0.3075 -0.06303702 -0.059961624
0.308 -0.06306274 -0.059964284
0.3085 -0.06308812 -0.059966847
0.309 -0.06311317 -0.05996932
0.3095 -0.06313788 -0.059971713
0.31 -0.06316227 -0.05997402
0.3105 -0.06318633 -0.05997624
0.311 -0.06321007 -0.059978385
0.3115 -0.06323349 -0.059980463
0.312 -0.06325661 -0.059982456
0.3125 -0.06327941 -0.059984393
0.313 -0.06330192 -0.059986256
0.3135 -0.06332412 -0.05998805
0.314 -0.06334604 -0.05998978
0.3145 -0.06336766 -0.059991453
0.315 -0.06338899 -0.059993073
0.3155 -0.06341004 -0.059994634
0.316 -0.06343081 -0.059996136
0.3165 -0.06345131 -0.059997592
0.317 -0.06347154 -0.05999899
0.3175 -0.0634915 -0.06000033
0.318 -0.06351119 -0.06000165
0.3185 -0.06353062 -0.0600029
0.319 -0.0635498 -0.060004115
0.3195 -0.06356872 -0.060005292
0.32 -0.06358739 -0.06000642
0.3205 -0.06360582 -0.060007513
0.321 -0.063624 -0.060008563
0.3215 -0.06364194 -0.06000958
0.322 -0.06365964 -0.060010564
0.3225 -0.06367711 -0.060011514
0.323 -0.06369435 -0.060012426
0.3235 -0.06371136 -0.06001331
0.324 -0.06372815 -0.06001415
0.3245 -0.06374471 -0.06001497
0.325 -0.06376106 -0.060015768
0.3255 -0.06377719 -0.06001653
0.326 -0.06379311 -0.06001727
0.3265 -0.06380882 -0.06001798
0.327 -0.06382432 -0.060018666
0.3275 -0.06383961 -0.06001933
0.328 -0.06385471 -0.06001997
0.3285 -0.06386961 -0.060020585
0.329 -0.06388431 -0.060021184
0.3295 -0.06389881 -0.06002175
0.33 -0.06391313 -0.060022313
0.3305 -0.06392725 -0.06002285
0.331 -0.06394119 -0.060023367
0.3315 -0.06395495 -0.060023863
0.332 -0.06396853 -0.060024336
0.3325 -0.06398193 -0.060024805
0.333 -0.06399515 -0.060025256
0.3335 -0.0640082 -0.060025692
0.334 -0.06402107 -0.060026105
0.3345 -0.06403378 -0.06002651
0.335 -0.06404632 -0.060026895
0.3355 -0.06405869 -0.06002727
0.336 -0.06407091 -0.06002763
0.3365 -0.06408296 -0.060027983
0.337 -0.06409485 -0.06002832
0.3375 -0.06410659 -0.06002864
0.338 -0.06411817 -0.06002895
0.3385 -0.06412961 -0.06002926
0.339 -0.06414089 -0.060029548
0.3395 -0.06415202 -0.060029827
0.34 -0.06416301 -0.0600301
0.3405 -0.06417385 -0.060030364
0.341 -0.06418456 -0.060030613
0.3415 -0.06419512 -0.060030855
0.342 -0.06420554 -0.0600311
0.3425 -0.06421583 -0.060031325
0.343 -0.06422598 -0.060031544
0.3435 -0.064236 -0.060031757
0.344 -0.06424589 -0.060031958
0.3445 -0.06425565 -0.060032155
0.345 -0.06426528 -0.060032345
0.3455 -0.06427478 -0.060032528
0.346 -0.06428416 -0.060032707
0.3465 -0.06429342 -0.060032878
0.347 -0.06430256 -0.060033046
0.3475 -0.06431157 -0.0600332
0.348 -0.06432047 -0.06003336
0.3485 -0.06432925 -0.060033504
0.349 -0.06433792 -0.06003364
0.3495 -0.06434648 -0.060033783
0.35 -0.06435492 -0.060033917
0.3505 -0.06436325 -0.060034048
0.351 -0.06437148 -0.060034174
0.3515 -0.06437959 -0.06003429
0.352 -0.0643876 -0.0600344
0.3525 -0.06439551 -0.060034513
0.353 -0.06440331 -0.060034625
0.3535 -0.06441102 -0.060034726
0.354 -0.06441862 -0.060034826
0.3545 -0.06442612 -0.060034923
0.355 -0.06443352 -0.060035016
0.3555 -0.06444083 -0.06003511
0.356 -0.06444804 -0.06003519
0.3565 -0.06445516 -0.060035273
0.357 -0.06446219 -0.06003536
0.3575 -0.06446912 -0.060035437
0.358 -0.06447596 -0.060035516
0.3585 -0.06448272 -0.060035583
0.359 -0.06448938 -0.060035653
0.3595 -0.06449596 -0.06003572
0.36 -0.06450246 -0.060035788
0.3605 -0.06450887 -0.060035847
0.361 -0.06451519 -0.06003591
0.3615 -0.06452144 -0.06003597
0.362 -0.0645276 -0.06003603
0.3625 -0.06453368 -0.060036074
0.363 -0.06453969 -0.060036134
0.3635 -0.06454561 -0.060036182
0.364 -0.06455146 -0.06003623
0.3645 -0.06455723 -0.06003628
0.365 -0.06456293 -0.060036324
0.3655 -0.06456855 -0.06003637
0.366 -0.0645741 -0.060036413
0.3665 -0.06457958 -0.06003645
0.367 -0.06458499 -0.060036495
0.3675 -0.06459033 -0.060036533
0.368 -0.06459559 -0.060036566
0.3685 -0.06460079 -0.060036592
0.369 -0.06460592 -0.060036637
0.3695 -0.06461099 -0.060036674
0.37 -0.06461599 -0.060036708
0.3705 -0.06462092 -0.06003673
0.371 -0.06462579 -0.060036764
0.3715 -0.0646306 -0.06003679
0.372 -0.06463535 -0.060036816
0.3725 -0.06464003 -0.060036846
0.373 -0.06464465 -0.060036868
0.3735 -0.06464922 -0.06003689
0.374 -0.06465372 -0.060036916
0.3745 -0.06465817 -0.060036935
0.375 -0.06466255 -0.06003697
0.3755 -0.06466688 -0.060036987
0.376 -0.06467116 -0.06003701
0.3765 -0.06467538 -0.060037024
0.377 -0.06467954 -0.060037047
0.3775 -0.06468366 -0.06003707
0.378 -0.06468771 -0.060037088
0.3785 -0.06469172 -0.060037106
0.379 -0.06469567 -0.060037117
0.3795 -0.06469958 -0.060037132
0.38 -0.06470343 -0.06003715
0.3805 -0.06470723 -0.060037166
0.381 -0.06471098 -0.06003718
0.3815 -0.06471469 -0.060037192
0.382 -0.06471834 -0.06003721
0.3825 -0.06472195 -0.060037225
0.383 -0.06472552 -0.060037233
0.3835 -0.06472903 -0.060037248
0.384 -0.0647325 -0.060037255
0.3845 -0.06473593 -0.06003727
0.385 -0.06473931 -0.060037278
0.3855 -0.06474265 -0.060037293
0.386 -0.06474595 -0.060037307
0.3865 -0.0647492 -0.06003731
0.387 -0.06475241 -0.060037315
0.3875 -0.06475558 -0.06003733
0.388 -0.06475871 -0.060037345
0.3885 -0.0647618 -0.060037352
0.389 -0.06476485 -0.06003736
0.3895 -0.06476785 -0.060037367
0.39 -0.06477083 -0.060037374
0.3905 -0.06477376 -0.06003738
0.391 -0.06477665 -0.060037382
0.3915 -0.06477951 -0.06003739
0.392 -0.06478233 -0.060037397
0.3925 -0.06478511 -0.060037404
0.393 -0.06478786 -0.06003741
0.3935 -0.06479057 -0.060037423
0.394 -0.06479325 -0.060037423
0.3945 -0.06479589 -0.06003743
0.395 -0.0647985 -0.060037438
0.3955 -0.06480108 -0.060037438
0.396 -0.06480362 -0.060037445
0.3965 -0.06480613 -0.060037453
0.397 -0.06480861 -0.060037456
0.3975 -0.06481105 -0.060037456
0.398 -0.06481346 -0.060037464
0.3985 -0.06481585 -0.06003747
0.399 -0.0648182 -0.06003747
0.3995 -0.06482052 -0.060037475
0.4 -0.06482281 -0.060037483
0.4005 -0.06482508 -0.060037483
0.401 -0.06482731 -0.06003749
0.4015 -0.06482951 -0.060037494
0.402 -0.06483169 -0.0600375
0.4025 -0.06483384 -0.0600375
0.403 -0.06483596 -0.060037494
0.4035 -0.06483805 -0.060037505
0.404 -0.06484012 -0.060037505
0.4045 -0.06484216 -0.060037512
0.405 -0.06484417 -0.060037516
0.4055 -0.06484616 -0.060037516
0.406 -0.06484812 -0.06003752
0.4065 -0.06485006 -0.06003752
0.407 -0.06485197 -0.060037524
0.4075 -0.06485386 -0.06003753
0.408 -0.06485572 -0.06003753
0.4085 -0.06485756 -0.06003753
0.409 -0.06485938 -0.060037527
0.4095 -0.06486117 -0.06003753
0.41 -0.06486294 -0.060037535
0.4105 -0.06486469 -0.060037535
0.411 -0.06486641 -0.06003754
0.4115 -0.06486811 -0.06003754
0.412 -0.06486979 -0.06003754
0.4125 -0.06487145 -0.06003754
0.413 -0.06487309 -0.06003754
0.4135 -0.06487471 -0.060037542
0.414 -0.0648763 -0.060037546
0.4145 -0.06487788 -0.060037553
0.415 -0.06487943 -0.060037546
0.4155 -0.06488097 -0.060037553
0.416 -0.06488249 -0.060037553
0.4165 -0.06488398 -0.060037553
0.417 -0.06488546 -0.060037557
0.4175 -0.06488692 -0.06003756
0.418 -0.06488836 -0.06003756
0.4185 -0.06488978 -0.06003756
0.419 -0.06489118 -0.06003756
0.4195 -0.06489257 -0.06003756
0.42 -0.06489393 -0.060037557
0.4205 -0.06489528 -0.060037557
0.421 -0.06489661 -0.060037553
0.4215 -0.06489793 -0.060037557
0.422 -0.06489923 -0.060037557
0.4225 -0.06490051 -0.060037564
0.423 -0.06490178 -0.06003756
0.4235 -0.06490303 -0.06003756
0.424 -0.06490426 -0.060037557
0.4245 -0.06490548 -0.060037557
0.425 -0.06490668 -0.060037553
0.4255 -0.06490786 -0.06003756
0.426 -0.06490904 -0.06003756
0.4265 -0.06491019 -0.06003756
0.427 -0.06491133 -0.06003756
0.4275 -0.06491246 -0.06003756
0.428 -0.06491357 -0.06003756
0.4285 -0.06491467 -0.06003756
0.429 -0.06491576 -0.06003756
0.4295 -0.06491683 -0.060037564
0.43 -0.06491788 -0.06003756
0.4305 -0.06491893 -0.06003756
0.431 -0.06491996 -0.06003756
0.4315 -0.06492097 -0.06003756
0.432 -0.06492198 -0.06003756
0.4325 -0.06492297 -0.06003756
0.433 -0.06492395 -0.06003756
0.4335 -0.06492491 -0.06003756
0.434 -0.06492587 -0.06003756
0.4345 -0.06492681 -0.06003756
0.435 -0.06492774 -0.06003756
0.4355 -0.06492865 -0.06003756
0.436 -0.06492956 -0.06003756
0.4365 -0.06493045 -0.06003756
0.437 -0.06493134 -0.06003756
0.4375 -0.06493221 -0.06003756
0.438 -0.06493307 -0.06003756
0.4385 -0.06493392 -0.06003756
0.439 -0.06493476 -0.06003756
0.4395 -0.06493558 -0.06003756
0.44 -0.0649364 -0.06003756
0.4405 -0.06493721 -0.06003756
0.441 -0.06493801 -0.06003756
0.4415 -0.06493879 -0.06003756
0.442 -0.06493957 -0.06003756
0.4425 -0.06494033 -0.06003756
0.443 -0.06494109 -0.06003756
0.4435 -0.06494184 -0.06003756
0.444 -0.06494258 -0.06003756
0.4445 -0.0649433 -0.06003756
0.445 -0.06494402 -0.06003756
0.4455 -0.06494473 -0.06003756
0.446 -0.06494543 -0.06003756
0.4465 -0.06494613 -0.06003756
0.447 -0.06494681 -0.06003756
0.4475 -0.06494748 -0.06003756
0.448 -0.06494815 -0.06003756
0.4485 -0.0649488 -0.06003756
0.449 -0.06494945 -0.06003756
0.4495 -0.06495009 -0.06003756
0.45 -0.06495073 -0.06003756
0.4505 -0.06495135 -0.06003756
0.451 -0.06495197 -0.06003756
0.4515 -0.06495258 -0.06003756
0.452 -0.06495318 -0.06003756
0.4525 -0.06495377 -0.06003756
0.453 -0.06495436 -0.06003756
0.4535 -0.06495493 -0.06003756
0.454 -0.0649555 -0.06003756
0.4545 -0.06495607 -0.06003756
0.455 -0.06495662 -0.06003756
0.4555 -0.06495717 -0.06003756
0.456 -0.06495772 -0.06003756
0.4565 -0.06495825 -0.06003756
0.457 -0.06495878 -0.06003756
0.4575 -0.0649593 -0.06003756
0.458 -0.06495982 -0.06003756
0.4585 -0.06496033 -0.06003756
0.459 -0.06496083 -0.06003756
0.4595 -0.06496132 -0.06003756
0.46 -0.06496181 -0.06003756
0.4605 -0.0649623 -0.06003756
0.461 -0.06496277 -0.06003756
0.4615 -0.06496324 -0.06003756
0.462 -0.06496371 -0.06003756
0.4625 -0.06496417 -0.06003756
0.463 -0.06496462 -0.06003756
0.4635 -0.06496507 -0.06003756
0.464 -0.06496551 -0.06003756
0.4645 -0.06496595 -0.06003756
0.465 -0.06496638 -0.06003756
0.4655 -0.0649668 -0.06003756
0.466 -0.06496722 -0.06003756
0.4665 -0.06496764 -0.06003756
0.467 -0.06496805 -0.06003756
0.4675 -0.06496845 -0.06003756
0.468 -0.06496885 -0.06003756
0.4685 -0.06496924 -0.06003756
0.469 -0.06496963 -0.06003756
0.4695 -0.06497002 -0.06003756
0.47 -0.0649704 -0.06003756
0.4705 -0.06497077 -0.06003756
0.471 -0.06497114 -0.06003756
0.4715 -0.0649715 -0.06003756
0.472 -0.06497186 -0.06003756
0.4725 -0.06497222 -0.06003756
0.473 -0.06497257 -0.06003756
0.4735 -0.06497292 -0.06003756
0.474 -0.06497326 -0.06003756
0.4745 -0.0649736 -0.06003756
0.475 -0.06497393 -0.06003756
0.4755 -0.06497426 -0.06003756
0.476 -0.06497459 -0.06003756
0.4765 -0.06497491 -0.06003756
0.477 -0.06497522 -0.06003756
0.4775 -0.06497554 -0.06003756
0.478 -0.06497585 -0.06003756
0.4785 -0.06497615 -0.06003756
0.479 -0.06497645 -0.06003756
0.4795 -0.06497675 -0.06003756
0.48 -0.06497704 -0.06003756
0.4805 -0.06497733 -0.06003756
0.481 -0.06497762 -0.06003756
0.4815 -0.0649779 -0.06003756
0.482 -0.06497818 -0.06003756
0.4825 -0.06497846 -0.06003756
0.483 -0.06497873 -0.06003756
0.4835 -0.064979 -0.06003756
0.484 -0.06497926 -0.06003756
0.4845 -0.06497952 -0.06003756
0.485 -0.06497978 -0.06003756
0.4855 -0.06498004 -0.06003756
0.486 -0.06498029 -0.06003756
0.4865 -0.06498054 -0.06003756
0.487 -0.06498078 -0.06003756
0.4875 -0.06498103 -0.06003756
0.488 -0.06498127 -0.06003756
0.4885 -0.0649815 -0.06003756
0.489 -0.06498174 -0.06003756
0.4895 -0.06498197 -0.06003756
0.49 -0.06498219 -0.06003756
0.4905 -0.06498242 -0.06003756
0.491 -0.06498264 -0.06003756
0.4915 -0.06498286 -0.06003756
0.492 -0.06498308 -0.06003756
0.4925 -0.06498329 -0.06003756
0.493 -0.0649835 -0.06003756
0.4935 -0.06498371 -0.06003756
0.494 -0.06498391 -0.06003756
0.4945 -0.06498412 -0.06003756
0.495 -0.06498432 -0.06003756
0.4955 -0.06498451 -0.06003756
0.496 -0.06498471 -0.06003756
0.4965 -0.0649849 -0.06003756
0.497 -0.06498509 -0.06003756
0.4975 -0.06498528 -0.06003756
0.498 -0.06498547 -0.06003756
0.4985 -0.06498565 -0.06003756
0.499 -0.06498583 -0.06003756
0.4995 -0.06498601 -0.06003756
