0.0 -0.065 -0.037374064
0.0005 -0.06344688 -0.044269554
0.001 -0.06030965 -0.040471606
0.0015 -0.05758122 -0.037110537
0.002 -0.05545241 -0.03594356
0.0025 -0.05369594 -0.03573572
0.003 -0.05212624 -0.035519153
0.0035 -0.05064129 -0.034947738
0.004 -0.04919189 -0.03400092
0.0045 -0.04775571 -0.032761313
0.005 -0.04632331 -0.031319156
0.0055 -0.0448953 -0.02974478
0.006 -0.0434704 -0.02808675
0.0065 -0.04204777 -0.026376633
0.007 -0.04062426 -0.024635
0.0075 -0.03919725 -0.02287486
0.008 -0.03776877 -0.021104692
0.0085 -0.03634122 -0.019330284
0.009 -0.03491705 -0.017555637
0.0095 -0.03349669 -0.015783904
0.01 -0.03207652 0.006381595
0.0105 -0.03220241 0.0027622222
0.011 -0.03389933 0.00032843044
0.0115 -0.03519047 -0.0012087957
0.012 -0.03589138 -0.0024193027
0.0125 -0.03622921 -0.00340399
0.013 -0.03638831 -0.0041358904
0.0135 -0.0364699 -0.0046007545
0.014 -0.03652285 -0.0048230127
0.0145 -0.03656949 -0.0048550316
0.015 -0.03661966 -0.0047605135
0.0155 -0.03667756 -0.0046014474
0.016 -0.03674479 -0.0044305385
0.0165 -0.03682178 -0.004287994
0.017 -0.03690819 -0.0042015263
0.0175 -0.0370037 -0.0041879923
0.018 -0.03710803 -0.0042555057
0.0185 -0.03722077 -0.004405946
0.019 -0.0373414 -0.0046367315
0.0195 -0.03746939 -0.004942509
0.02 -0.0376042 -0.022224499
0.0205 -0.0361931 -0.030787585
0.021 -0.03320959 -0.02794212
0.0215 -0.03064857 -0.021330519
0.022 -0.02869687 -0.015840976
0.0225 -0.02712271 -0.012435203
0.023 -0.02574147 -0.0104176905
0.0235 -0.02445213 -0.008986769
0.024 -0.0232023 -0.0076717124
0.0245 -0.02196441 -0.006284325
0.025 -0.02072815 -0.0047885315
0.0255 -0.01949354 -0.0032083974
0.026 -0.01825818 -0.0015818612
0.0265 -0.01701976 5.7698693e-05
0.027 -0.01577786 0.0016860827
0.0275 -0.01453363 0.0032880916
0.028 -0.01328884 0.0048551797
0.0285 -0.01204506 0.0063836365
0.029 -0.01080348 0.007872911
0.0295 -0.009564944 0.009324299
0.03 -0.008329995 0.02158779
0.0305 -0.0086503 0.017286269
0.031 -0.01055521 0.014455406
0.0315 -0.01205652 0.0124625135
0.032 -0.01296516 0.010844972
0.0325 -0.01350825 0.009537429
0.033 -0.01387092 0.008553194
0.0335 -0.01415495 0.007882217
0.034 -0.01441042 0.0074812355
0.0345 -0.01466081 0.007287686
0.035 -0.01491423 0.007234623
0.0355 -0.01517373 0.007260741
0.036 -0.01544073 0.0073153763
0.0365 -0.01571583 0.007360281
0.037 -0.01599915 0.0073687076
0.0375 -0.01629047 0.0073237657
0.038 -0.01658938 0.007216306
0.0385 -0.01689539 0.007042778
0.039 -0.01720793 0.006803592
0.0395 -0.01752645 0.0065016462
0.04 -0.0178504 -0.0046056644
0.0405 -0.01662721 -0.013956299
0.041 -0.01382689 -0.01369342
0.0415 -0.01144423 -0.0087516215
0.042 -0.00967126 -0.00370702
0.0425 -0.008273642 -0.00020395825
0.043 -0.007062001 0.001926498
0.0435 -0.0059341 0.0033177002
0.044 -0.004845049 0.0044614314
0.0445 -0.003771562 0.005611451
0.045 -0.002701145 0.006855951
0.0455 -0.001628647 0.0081994925
0.046 -0.0005529482 0.009615036
0.0465 0.0005255654 0.01106997
0.047 0.001606166 0.012536289
0.0475 0.002688107 0.013993444
0.048 0.003770666 0.015427889
0.0485 0.004853138 0.016831608
0.049 0.005934985 0.018200802
0.0495 0.007015902 0.019534366
0.05 0.0080955 0.024556318
0.0505 0.007621193 0.020089125
0.051 0.005562859 0.01788726
0.0515 0.003910439 0.01654567
0.052 0.0028535 0.015506493
0.0525 0.002164652 0.014702486
0.053 0.001658413 0.014157148
0.0535 0.001232774 0.013870453
0.054 0.0008384504 0.013806948
0.0545 0.0004529685 0.013909927
0.055 6.644082e-05 0.014116427
0.0555 -0.0003252822 0.01436788
0.056 -0.0007237505 0.014615895
0.0565 -0.00112933 0.014824258
0.057 -0.001541844 0.014968241
0.0575 -0.001960869 0.015033396
0.058 -0.002385876 0.015013145
0.0585 -0.002816295 0.014906829
0.059 -0.003251548 0.014717823
0.0595 -0.003691066 0.014452094
0.06 -0.0041343 0.014116941
0.0605 -0.00458072 0.01372025
0.061 -0.005029819 0.013269873
0.0615 -0.005481115 0.012773363
0.062 -0.005934148 0.012237685
0.0625 -0.006388479 0.011669079
0.063 -0.006843692 0.0110732
0.0635 -0.007299393 0.010455007
0.064 -0.007755206 0.009818772
0.0645 -0.008210774 0.009168321
0.065 -0.008665761 0.008506985
0.0655 -0.009119845 0.007837528
0.066 -0.009572723 0.00716252
0.0665 -0.01002411 0.00648413
0.067 -0.01047373 0.0058042794
0.0675 -0.01092133 0.0051246374
0.068 -0.01136667 0.0044466644
0.0685 -0.01180951 0.0037717163
0.069 -0.01224965 0.0031009107
0.0695 -0.01268819 0.0024353354
0.07 -0.0131263 0.0017757877
0.0705 -0.0135608 0.001123169
0.071 -0.01399069 0.0004781871
0.0715 -0.01441597 -0.00015856186
0.072 -0.0148368 -0.00078647444
0.0725 -0.01525331 -0.0014051483
0.073 -0.01566555 -0.0020140917
0.0735 -0.01607353 -0.002612962
0.074 -0.01647719 -0.0032014237
0.0745 -0.01687648 -0.0037792013
0.075 -0.01727132 -0.0043460936
0.0755 -0.01766162 -0.0049018846
0.076 -0.01804732 -0.0054464475
0.0765 -0.01842834 -0.005979611
0.077 -0.01880461 -0.006501375
0.0775 -0.01917607 -0.0070116357
0.078 -0.01954268 -0.007510318
0.0785 -0.0199044 -0.007997414
0.079 -0.02026115 -0.008472947
0.0795 -0.02061288 -0.00893694
0.08 -0.02095954 -0.009389384
0.0805 -0.02130112 -0.0098303985
0.081 -0.02163758 -0.010259969
0.0815 -0.02196893 -0.010678215
0.082 -0.02229514 -0.011085151
0.0825 -0.02261621 -0.011480926
0.083 -0.02293213 -0.011865577
0.0835 -0.0232429 -0.0122392755
0.084 -0.02354851 -0.012602029
0.0845 -0.02384897 -0.01295398
0.085 -0.02414428 -0.013295231
0.0855 -0.02443446 -0.013625888
0.086 -0.0247195 -0.013946092
0.0865 -0.02499942 -0.014255909
0.087 -0.02527424 -0.01455543
0.0875 -0.02554397 -0.014844855
0.088 -0.02580863 -0.0151242
0.0885 -0.02606824 -0.015393583
0.089 -0.02632282 -0.015653161
0.0895 -0.02657241 -0.015903002
0.09 -0.02681702 -0.01614323
0.0905 -0.02705668 -0.01637393
0.091 -0.02729142 -0.016595228
0.0915 -0.02752128 -0.016807204
0.092 -0.02774458 -0.017009957
0.0925 -0.02795941 -0.01720356
0.093 -0.0281682 -0.0173882
0.0935 -0.02837298 -0.017563878
0.094 -0.02857444 -0.017730704
0.0945 -0.02877259 -0.017888812
0.095 -0.02896722 -0.018038241
0.0955 -0.02915807 -0.018179102
0.096 -0.02934491 -0.018311484
0.0965 -0.0295276 -0.018435432
0.097 -0.02970605 -0.018551132
0.0975 -0.0298802 -0.01865854
0.098 -0.03005003 -0.018757826
0.0985 -0.03021556 -0.018849043
0.099 -0.03037679 -0.018932259
0.0995 -0.03053376 -0.019007547
0.1 -0.0306865 -0.016254438
0.1005 -0.03079018 -0.009798711
0.101 -0.0307868 -0.0032274113
0.1015 -0.03070048 0.002044411
0.102 -0.03055179 0.005529189
0.1025 -0.03035529 0.007334621
0.103 -0.03012004 0.007824505
0.1035 -0.02985137 0.007406832
0.104 -0.02955239 0.006435202
0.1045 -0.02922491 0.005178654
0.105 -0.02886997 0.0038248687
0.1055 -0.02848811 0.0024952157
0.106 -0.02807992 0.0012621745
0.1065 -0.02764598 0.00016453257
0.107 -0.02718673 -0.0007810504
0.1075 -0.0267025 -0.0015716315
0.108 -0.02619359 -0.0022122771
0.1085 -0.02566029 -0.0027121813
0.109 -0.02510289 -0.0030825646
0.1095 -0.02452168 -0.0033349828
0.11 -0.02391695 -0.0034806193
0.1105 -0.023289 -0.0035298304
0.111 -0.02263812 -0.0034919367
0.1115 -0.02196461 -0.003375216
0.112 -0.02126877 -0.00318691
0.1125 -0.02055088 -0.0029332996
0.113 -0.01981124 -0.0026197494
0.1135 -0.01905018 -0.0022509084
0.114 -0.01827057 -0.0018307515
0.1145 -0.0174723 -0.00136268
0.115 -0.0166529 -0.00084955106
0.1155 -0.01581172 -0.00029390166
0.116 -0.01494913 0.0003021038
0.1165 -0.01406576 0.0009366623
0.117 -0.01316223 0.0016081124
0.1175 -0.01223913 0.0023149974
0.118 -0.01129692 0.0030561252
0.1185 -0.01033596 0.0038302517
0.119 -0.00935664 0.0046364083
0.1195 -0.008359345 0.005473604
0.12 -0.007344285 0.0063408813
0.1205 -0.006311655 0.007237406
0.121 -0.005261976 0.0081623625
0.1215 -0.004200729 0.009114837
0.122 -0.003126092 0.010094056
0.1225 -0.002033365 0.011099232
0.123 -0.0009213454 0.01212945
0.1235 0.0002087792 0.013183953
0.124 0.001350659 0.014261855
0.1245 0.002506618 0.015362317
0.125 0.003680483 0.01648449
0.1255 0.00487286 0.017627446
0.126 0.006078574 0.018790284
0.1265 0.007296815 0.019972118
0.127 0.008532738 0.021171978
0.1275 0.009785918 0.02238894
0.128 0.01104754 0.023622049
0.1285 0.01232039 0.024870275
0.129 0.01360996 0.026132742
0.1295 0.01491714 0.027408408
0.13 0.01624085 0.028696304
0.1305 0.01757891 0.029995428
0.131 0.01892914 0.031304825
0.1315 0.02028354 0.032623395
0.132 0.02164348 0.03395028
0.1325 0.02301755 0.035284415
0.133 0.02440845 0.036624897
0.1335 0.02581562 0.0379707
0.134 0.02723761 0.039320868
0.1345 0.02867303 0.040674478
0.135 0.03011477 0.04203061
0.1355 0.03156091 0.043388326
0.136 0.0330196 0.04474671
0.1365 0.03449365 0.04610489
0.137 0.03598241 0.04746197
0.1375 0.03748433 0.048817087
0.138 0.03899802 0.050169453
0.1385 0.04052248 0.051518243
0.139 0.04205703 0.052862637
0.1395 0.04360127 0.054201875
0.14 0.04515493 0.055535182
0.1405 0.04671782 0.056861833
0.141 0.0482898 0.058181055
0.1415 0.04987065 0.059492275
0.142 0.05146017 0.060794696
0.1425 0.05305829 0.06208773
0.143 0.05466488 0.06337066
0.1435 0.05627833 0.06464302
0.144 0.05789906 0.0659041
0.1445 0.05952146 0.067153335
0.145 0.06112856 0.068390176
0.1455 0.0627422 0.06961415
0.146 0.06437451 0.070824705
0.1465 0.06602622 0.07202131
0.147 0.06769431 0.07320356
0.1475 0.06937545 0.07437093
0.148 0.07106708 0.075523034
0.1485 0.07276744 0.07665944
0.149 0.07447543 0.07777975
0.1495 0.07619025 0.07888353
0.15 0.07791137 0.070878
0.1505 0.07952767 0.07317351
0.151 0.08086742 0.07694726
0.1515 0.08201645 0.08068277
0.152 0.08304991 0.084123686
0.1525 0.08400535 0.08725414
0.153 0.08489964 0.09009093
0.1535 0.08574033 0.09264648
0.154 0.08653096 0.094927974
0.1545 0.08727347 0.09694153
0.155 0.08796898 0.09869548
0.1555 0.08861838 0.10020152
0.156 0.08922251 0.10147481
0.1565 0.08978212 0.1025332
0.157 0.09029785 0.10339631
0.1575 0.09077025 0.10408437
0.158 0.09119998 0.10461749
0.1585 0.0915877 0.10501485
0.159 0.09193404 0.105294384
0.1595 0.0922396 0.10547236
0.16 0.09250496 0.1055633
0.1605 0.09273068 0.10557978
0.161 0.09291731 0.10553287
0.1615 0.09306541 0.10543173
0.162 0.09317551 0.105284184
0.1625 0.09324817 0.1050966
0.163 0.09328391 0.10487429
0.1635 0.09328328 0.10462133
0.164 0.09324681 0.104341015
0.1645 0.09317504 0.1040359
0.165 0.09306849 0.10370778
0.1655 0.09292768 0.10335811
0.166 0.09275313 0.10298771
0.1665 0.09254536 0.102597274
0.167 0.09230487 0.102187
0.1675 0.09203217 0.10175709
0.168 0.09172774 0.1013074
0.1685 0.09139208 0.10083774
0.169 0.09102568 0.10034798
0.1695 0.09062901 0.09983768
0.17 0.09020255 0.099306606
0.1705 0.08974678 0.09875436
0.171 0.08926214 0.09818068
0.1715 0.08874911 0.09758522
0.172 0.08820814 0.09696778
0.1725 0.08763967 0.096328035
0.173 0.08704414 0.09566584
0.1735 0.086422 0.09498105
0.174 0.08577367 0.09427358
0.1745 0.08509959 0.09354334
0.175 0.08440016 0.09279039
0.1755 0.08367581 0.09201475
0.176 0.08292694 0.09121648
0.1765 0.08215396 0.090395756
0.177 0.08135727 0.08955264
0.1775 0.08053726 0.088687405
0.178 0.07969431 0.087800264
0.1785 0.07882881 0.08689147
0.179 0.07794113 0.08596133
0.1795 0.07703165 0.085010074
0.18 0.07610073 0.08403809
0.1805 0.07514874 0.0830456
0.181 0.07417602 0.0820331
0.1815 0.07318292 0.08100078
0.182 0.0721698 0.079949126
0.1825 0.07113699 0.07887837
0.183 0.07008482 0.07778894
0.1835 0.06901363 0.07668117
0.184 0.06792374 0.07555541
0.1845 0.06681547 0.07441194
0.185 0.06568913 0.07325117
0.1855 0.06454503 0.0720734
0.186 0.06338349 0.0708789
0.1865 0.06220479 0.06966805
0.187 0.06100923 0.068441086
0.1875 0.0597971 0.06719831
0.188 0.0585687 0.06594001
0.1885 0.0573243 0.064666405
0.189 0.05606417 0.06337784
0.1895 0.0547886 0.062074468
0.19 0.05349784 0.0607566
0.1905 0.05219217 0.059424415
0.191 0.05087183 0.05807817
0.1915 0.0495371 0.05671811
0.192 0.04818821 0.055344507
0.1925 0.04682541 0.053957466
0.193 0.04544896 0.05255733
0.1935 0.04405907 0.051144317
0.194 0.042656 0.049718663
0.1945 0.04123997 0.048280656
0.195 0.03981121 0.046830565
0.1955 0.03836993 0.0453687
0.196 0.03691637 0.043895334
0.1965 0.03545074 0.042410783
0.197 0.03397324 0.04091543
0.1975 0.03248408 0.039409608
0.198 0.03098348 0.037893742
0.1985 0.02947163 0.036368214
0.199 0.02794873 0.03483344
0.1995 0.02641497 0.033289924
0.2 0.02487055 0.03173808
0.2005 0.02336285 0.030354226
0.201 0.02197551 0.029005947
0.2015 0.02067506 0.027723873
0.202 0.01942507 0.026526393
0.2025 0.01820656 0.02540985
0.203 0.01701089 0.024359869
0.2035 0.01583418 0.023359912
0.204 0.01467464 0.0223953
0.2045 0.01353139 0.021454709
0.205 0.01240392 0.020530088
0.2055 0.0112919 0.019616248
0.206 0.01019509 0.018710064
0.2065 0.009113292 0.017810183
0.207 0.008046314 0.016916135
0.2075 0.006993984 0.016028171
0.208 0.005956137 0.015146928
0.2085 0.004932606 0.014273172
0.209 0.003923232 0.013407713
0.2095 0.002927855 0.012551332
0.21 0.001946314 0.01170467
0.2105 0.0009784524 0.010868261
0.211 2.411252e-05 0.010042464
0.2115 -0.0009168626 0.009227557
0.212 -0.001844629 0.008423669
0.2125 -0.002759343 0.0076308413
0.213 -0.00366116 0.0068489662
0.2135 -0.004550233 0.006077887
0.214 -0.005426717 0.005317425
0.2145 -0.006290765 0.0045672446
0.215 -0.007142529 0.0038271113
0.2155 -0.007982162 0.0030966564
0.216 -0.008809814 0.0023755147
0.2165 -0.009625635 0.0016633249
0.217 -0.01042977 0.00095972186
0.2175 -0.01122238 0.0002643331
0.218 -0.0120036 -0.00042319158
0.2185 -0.01277358 -0.0011032582
0.219 -0.01353247 -0.0017761462
0.2195 -0.01428041 -0.0024422691
0.22 -0.01501754 -0.0031019212
0.2205 -0.015744 -0.0037554135
0.221 -0.01645994 -0.004403031
0.2215 -0.0171655 -0.005045079
0.222 -0.01786082 -0.0056818244
0.2225 -0.01854602 -0.0063135386
0.223 -0.01922125 -0.006940464
0.2235 -0.01988665 -0.0075628334
0.224 -0.02054235 -0.008180857
0.2245 -0.02118847 -0.00879476
0.225 -0.02182515 -0.009404724
0.2255 -0.02245253 -0.010010941
0.226 -0.02307072 -0.010613596
0.2265 -0.02367986 -0.011212867
0.227 -0.02428007 -0.01180888
0.2275 -0.02487148 -0.012401814
0.228 -0.02545421 -0.012991769
0.2285 -0.02602838 -0.013578912
0.229 -0.02659412 -0.014163338
0.2295 -0.02715153 -0.014745178
0.23 -0.02770075 -0.01532452
0.2305 -0.02824188 -0.015901463
0.231 -0.02877504 -0.016476106
0.2315 -0.02930034 -0.017048523
0.232 -0.02981791 -0.01761877
0.2325 -0.03032784 -0.01818693
0.233 -0.03083025 -0.018753042
0.2335 -0.03132525 -0.019317163
0.234 -0.03181294 -0.019879328
0.2345 -0.03229343 -0.020439567
0.235 -0.03276682 -0.020997906
0.2355 -0.03323322 -0.02155438
0.236 -0.03369273 -0.022108968
0.2365 -0.03414545 -0.022661699
0.237 -0.03459147 -0.023212535
0.2375 -0.03503091 -0.023761498
0.238 -0.03546384 -0.024308546
0.2385 -0.03589038 -0.024853664
0.239 -0.0363106 -0.025396813
0.2395 -0.03672462 -0.025937961
0.24 -0.03713251 -0.026477056
0.2405 -0.03753436 -0.027014038
0.241 -0.03793027 -0.027548855
0.2415 -0.03832033 -0.02808144
0.242 -0.03870462 -0.028611735
0.2425 -0.03908322 -0.029139638
0.243 -0.03945623 -0.029665086
0.2435 -0.03982372 -0.030187985
0.244 -0.04018577 -0.030708244
0.2445 -0.04054248 -0.031225769
0.245 -0.04089391 -0.03174045
0.2455 -0.04124014 -0.03225219
0.246 -0.04158126 -0.032760885
0.2465 -0.04191733 -0.033266414
0.247 -0.04224845 -0.033768658
0.2475 -0.04257467 -0.03426751
0.248 -0.04289607 -0.03476286
0.2485 -0.04321272 -0.035254568
0.249 -0.04352471 -0.035742525
0.2495 -0.04383208 -0.03622659
0.25 -0.04413492 -0.036706664
0.2505 -0.0444333 -0.037182607
0.251 -0.04472727 -0.037654296
0.2515 -0.04501691 -0.038121622
0.252 -0.04530228 -0.038584445
0.2525 -0.04558344 -0.03904266
0.253 -0.04586047 -0.039496135
0.2535 -0.04613341 -0.039944764
0.254 -0.04640233 -0.040388428
0.2545 -0.0466673 -0.040827025
0.255 -0.04692837 -0.041260436
0.2555 -0.0471856 -0.04168857
0.256 -0.04743904 -0.042111322
0.2565 -0.04768876 -0.04252859
0.257 -0.04793482 -0.042940293
0.2575 -0.04817726 -0.043346338
0.258 -0.04841614 -0.043746658
0.2585 -0.04865151 -0.044141162
0.259 -0.04888343 -0.04452979
0.2595 -0.04911195 -0.044912472
0.26 -0.04933712 -0.045289148
0.2605 -0.049559 -0.045659773
0.261 -0.04977762 -0.046024293
0.2615 -0.04999304 -0.04638267
0.262 -0.05020531 -0.046734873
0.2625 -0.05041448 -0.047080867
0.263 -0.05062059 -0.047420632
0.2635 -0.05082368 -0.04775415
0.264 -0.05102381 -0.048081417
0.2645 -0.05122102 -0.04840242
0.265 -0.05141535 -0.048717167
0.2655 -0.05160684 -0.049025662
0.266 -0.05179554 -0.049327917
0.2665 -0.0519815 -0.04962395
0.267 -0.05216474 -0.04991379
0.2675 -0.05234532 -0.05019746
0.268 -0.05252326 -0.050474994
0.2685 -0.05269862 -0.05074643
0.269 -0.05287143 -0.051011816
0.2695 -0.05304173 -0.0512712
0.27 -0.05320956 -0.051524628
0.2705 -0.05337495 -0.051772162
0.271 -0.05353794 -0.05201386
0.2715 -0.05369856 -0.052249786
0.272 -0.05385686 -0.05248
0.2725 -0.05401287 -0.05270458
0.273 -0.05416661 -0.0529236
0.2735 -0.05431813 -0.053137127
0.274 -0.05446746 -0.053345244
0.2745 -0.05461463 -0.053548034
0.275 -0.05475967 -0.05374557
0.2755 -0.05490262 -0.053937953
0.276 -0.0550435 -0.05412525
0.2765 -0.05518235 -0.05430756
0.277 -0.0553192 -0.054484967
0.2775 -0.05545408 -0.054657564
0.278 -0.05558701 -0.05482543
0.2785 -0.05571803 -0.05498868
0.279 -0.05584716 -0.055147376
0.2795 -0.05597444 -0.055301625
0.28 -0.05609989 -0.05545152
0.2805 -0.05622353 -0.05559715
0.281 -0.0563454 -0.05573861
0.2815 -0.05646552 -0.055875987
0.282 -0.05658392 -0.056009382
0.2825 -0.05670062 -0.056138873
0.283 -0.05681565 -0.056264557
0.2835 -0.05692903 -0.05638653
0.284 -0.05704078 -0.05650487
0.2845 -0.05715094 -0.056619674
0.285 -0.05725952 -0.056731023
0.2855 -0.05736656 -0.056839004
0.286 -0.05747206 -0.056943703
0.2865 -0.05757605 -0.057045214
0.287 -0.05767857 -0.057143603
0.2875 -0.05777962 -0.05723896
0.288 -0.05787923 -0.05733137
0.2885 -0.05797742 -0.057420902
0.289 -0.05807421 -0.05750764
0.2895 -0.05816963 -0.057591666
0.29 -0.05826369 -0.057673052
0.2905 -0.05835641 -0.057751857
0.291 -0.05844782 -0.057828166
0.2915 -0.05853792 -0.057902053
0.292 -0.05862675 -0.05797358
0.2925 -0.05871432 -0.05804282
0.293 -0.05880065 -0.058109835
0.2935 -0.05888575 -0.058174692
0.294 -0.05896965 -0.058237456
0.2945 -0.05905236 -0.05829818
0.295 -0.0591339 -0.05835694
0.2955 -0.05921429 -0.058413774
0.296 -0.05929354 -0.058468767
0.2965 -0.05937167 -0.058521956
0.297 -0.0594487 -0.058573395
0.2975 -0.05952464 -0.058623154
0.298 -0.05959951 -0.05867127
0.2985 -0.05967333 -0.05871779
0.299 -0.05974611 -0.05876277
0.2995 -0.05981786 -0.058806263
0.3 -0.0598886 -0.05884831
0.3005 -0.05995835 -0.05888896
0.301 -0.06002711 -0.058928255
0.3015 -0.06009491 -0.058966234
0.302 -0.06016176 -0.059002943
0.3025 -0.06022767 -0.059038423
0.303 -0.06029266 -0.059072714
0.3035 -0.06035673 -0.059105847
0.304 -0.06041991 -0.05913787
0.3045 -0.0604822 -0.059168812
0.305 -0.06054362 -0.059198707
0.3055 -0.06060418 -0.05922759
0.306 -0.06066389 -0.059255496
0.3065 -0.06072277 -0.05928246
0.307 -0.06078082 -0.059308514
0.3075 -0.06083807 -0.059333675
0.308 -0.06089451 -0.059357982
0.3085 -0.06095017 -0.059381463
0.309 -0.06100505 -0.05940414
0.3095 -0.06105917 -0.059426047
0.31 -0.06111253 -0.059447214
0.3105 -0.06116515 -0.059467647
0.311 -0.06121704 -0.05948738
0.3115 -0.06126821 -0.059506446
0.312 -0.06131866 -0.059524857
0.3125 -0.06136842 -0.05954263
0.313 -0.06141748 -0.059559792
0.3135 -0.06146586 -0.059576374
0.314 -0.06151357 -0.05959239
0.3145 -0.06156062 -0.05960784
0.315 -0.06160702 -0.059622772
0.3155 -0.06165277 -0.059637178
0.316 -0.06169789 -0.05965109
0.3165 -0.06174239 -0.059664536
0.317 -0.06178627 -0.059677508
0.3175 -0.06182954 -0.059690032
0.318 -0.06187221 -0.05970213
0.3185 -0.0619143 -0.0597138
0.319 -0.0619558 -0.059725076
0.3195 -0.06199673 -0.059735954
0.32 -0.0620371 -0.05974646
0.3205 -0.06207691 -0.0597566
0.321 -0.06211617 -0.059766393
0.3215 -0.06215489 -0.059775837
0.322 -0.06219308 -0.059784964
0.3225 -0.06223074 -0.05979377
0.323 -0.06226788 -0.059802275
0.3235 -0.06230451 -0.059810482
0.324 -0.06234064 -0.059818406
0.3245 -0.06237627 -0.059826054
0.325 -0.06241142 -0.05983343
0.3255 -0.06244608 -0.059840553
0.326 -0.06248026 -0.05984743
0.3265 -0.06251398 -0.059854075
0.327 -0.06254723 -0.059860475
0.3275 -0.06258003 -0.059866663
0.328 -0.06261238 -0.059872627
0.3285 -0.06264428 -0.059878394
0.329 -0.06267575 -0.05988396
0.3295 -0.06270679 -0.05988932
0.33 -0.0627374 -0.059894495
0.3305 -0.0627676 -0.0598995
0.331 -0.06279738 -0.05990433
0.3315 -0.06282676 -0.059908986
0.332 -0.06285573 -0.05991348
0.3325 -0.06288431 -0.059917815
0.333 -0.0629125 -0.05992201
0.3335 -0.06294031 -0.05992604
0.334 -0.06296774 -0.059929945
0.3345 -0.06299479 -0.05993371
0.335 -0.06302147 -0.05993734
0.3355 -0.0630478 -0.059940852
0.336 -0.06307376 -0.05994423
0.3365 -0.06309937 -0.0599475
0.337 -0.06312463 -0.05995065
0.3375 -0.06314955 -0.05995369
0.338 -0.06317413 -0.059956633
0.3385 -0.06319838 -0.059959464
0.339 -0.06322229 -0.059962194
0.3395 -0.06324589 -0.059964836
0.34 -0.06326916 -0.05996738
0.3405 -0.06329212 -0.05996984
0.341 -0.06331476 -0.05997221
0.3415 -0.0633371 -0.0599745
0.342 -0.06335914 -0.059976704
0.3425 -0.06338088 -0.059978835
0.343 -0.06340232 -0.05998089
0.3435 -0.06342348 -0.059982873
0.344 -0.06344435 -0.05998479
0.3445 -0.06346493 -0.059986636
0.345 -0.06348524 -0.05998842
0.3455 -0.06350528 -0.05999015
0.346 -0.06352504 -0.059991807
0.3465 -0.06354454 -0.059993405
0.347 -0.06356377 -0.05999495
0.3475 -0.06358275 -0.05999645
0.348 -0.06360146 -0.059997886
0.3485 -0.06361993 -0.059999276
0.349 -0.06363815 -0.060000613
0.3495 -0.06365612 -0.06000191
0.35 -0.06367385 -0.060003158
0.3505 -0.06369134 -0.06000437
0.351 -0.0637086 -0.060005527
0.3515 -0.06372563 -0.060006656
0.352 -0.06374242 -0.060007736
0.3525 -0.06375899 -0.06000878
0.353 -0.06377534 -0.060009792
0.3535 -0.06379147 -0.06001077
0.354 -0.06380738 -0.060011707
0.3545 -0.06382308 -0.060012612
0.355 -0.06383856 -0.06001349
0.3555 -0.06385384 -0.06001433
0.356 -0.06386892 -0.060015142
0.3565 -0.06388379 -0.060015928
0.357 -0.06389847 -0.06001669
0.3575 -0.06391294 -0.06001742
0.358 -0.06392723 -0.060018126
0.3585 -0.06394132 -0.06001881
0.359 -0.06395522 -0.06001947
0.3595 -0.06396894 -0.060020104
0.36 -0.06398248 -0.060020715
0.3605 -0.06399583 -0.06002131
0.361 -0.06400901 -0.060021877
0.3615 -0.06402201 -0.06002243
0.362 -0.06403483 -0.060022958
0.3625 -0.06404749 -0.060023475
0.363 -0.06405997 -0.06002397
0.3635 -0.06407229 -0.06002444
0.364 -0.06408445 -0.0600249
0.3645 -0.06409644 -0.06002535
0.365 -0.06410827 -0.060025778
0.3655 -0.06411995 -0.06002619
0.366 -0.06413147 -0.060026594
0.3665 -0.06414283 -0.060026973
0.367 -0.06415405 -0.060027346
0.3675 -0.06416512 -0.0600277
0.368 -0.06417604 -0.060028054
0.3685 -0.06418681 -0.06002838
0.369 -0.06419744 -0.060028713
0.3695 -0.06420793 -0.06002902
0.37 -0.06421828 -0.06002932
0.3705 -0.06422849 -0.06002961
0.371 -0.06423857 -0.06002989
0.3715 -0.06424851 -0.060030162
0.372 -0.06425832 -0.060030416
0.3725 -0.064268 -0.06003067
0.373 -0.06427756 -0.060030907
0.3735 -0.06428698 -0.060031146
0.374 -0.06429628 -0.06003137
0.3745 -0.06430546 -0.06003159
0.375 -0.06431452 -0.0600318
0.3755 -0.06432345 -0.060031995
0.376 -0.06433227 -0.060032196
0.3765 -0.06434097 -0.060032383
0.377 -0.06434956 -0.06003256
0.3775 -0.06435803 -0.06003274
0.378 -0.06436639 -0.06003291
0.3785 -0.06437464 -0.060033076
0.379 -0.06438278 -0.060033232
0.3795 -0.06439082 -0.06003338
0.38 -0.06439874 -0.060033537
0.3805 -0.06440657 -0.06003368
0.381 -0.06441429 -0.06003381
0.3815 -0.0644219 -0.060033947
0.382 -0.06442942 -0.060034074
0.3825 -0.06443684 -0.0600342
0.383 -0.06444416 -0.060034316
0.3835 -0.06445138 -0.060034428
0.384 -0.06445851 -0.060034536
0.3845 -0.06446554 -0.06003465
0.385 -0.06447249 -0.060034752
0.3855 -0.06447934 -0.06003485
0.386 -0.0644861 -0.060034942
0.3865 -0.06449277 -0.060035035
0.387 -0.06449935 -0.060035124
0.3875 -0.06450585 -0.060035206
0.388 -0.06451226 -0.060035292
0.3885 -0.06451858 -0.060035374
0.389 -0.06452483 -0.060035452
0.3895 -0.06453099 -0.060035523
0.39 -0.06453707 -0.060035598
0.3905 -0.06454307 -0.06003567
0.391 -0.06454899 -0.06003573
0.3915 -0.06455484 -0.060035802
0.392 -0.0645606 -0.06003586
0.3925 -0.06456629 -0.060035918
0.393 -0.06457191 -0.06003598
0.3935 -0.06457745 -0.06003604
0.394 -0.06458292 -0.06003609
0.3945 -0.06458832 -0.060036145
0.395 -0.06459365 -0.060036194
0.3955 -0.06459891 -0.060036246
0.396 -0.0646041 -0.060036287
0.3965 -0.06460922 -0.06003633
0.397 -0.06461427 -0.060036384
0.3975 -0.06461926 -0.06003642
0.398 -0.06462418 -0.060036458
0.3985 -0.06462904 -0.060036503
0.399 -0.06463384 -0.06003654
0.3995 -0.06463857 -0.060036574
0.4 -0.06464324 -0.060036615
0.4005 -0.06464785 -0.060036644
0.401 -0.0646524 -0.060036678
0.4015 -0.06465689 -0.060036704
0.402 -0.06466132 -0.06003674
0.4025 -0.06466569 -0.06003677
0.403 -0.06467 -0.0600368
0.4035 -0.06467426 -0.06003682
0.404 -0.06467847 -0.06003685
0.4045 -0.06468261 -0.06003688
0.405 -0.06468671 -0.060036898
0.4055 -0.06469075 -0.06003692
0.406 -0.06469474 -0.060036946
0.4065 -0.06469867 -0.06003697
0.407 -0.06470256 -0.06003699
0.4075 -0.06470639 -0.06003701
0.408 -0.06471018 -0.06003703
0.4085 -0.06471391 -0.060037054
0.409 -0.0647176 -0.060037073
0.4095 -0.06472124 -0.060037088
0.41 -0.06472483 -0.060037106
0.4105 -0.06472837 -0.060037125
0.411 -0.06473187 -0.060037132
0.4115 -0.06473532 -0.060037147
0.412 -0.06473873 -0.060037173
0.4125 -0.06474209 -0.06003719
0.413 -0.06474541 -0.060037196
0.4135 -0.06474869 -0.06003721
0.414 -0.06475192 -0.06003722
0.4145 -0.06475511 -0.060037237
0.415 -0.06475826 -0.06003725
0.4155 -0.06476137 -0.060037255
0.416 -0.06476444 -0.06003727
0.4165 -0.06476747 -0.06003728
0.417 -0.06477046 -0.06003729
0.4175 -0.06477341 -0.060037307
0.418 -0.06477632 -0.060037315
0.4185 -0.0647792 -0.060037322
0.419 -0.06478203 -0.060037334
0.4195 -0.06478483 -0.060037337
0.42 -0.0647876 -0.060037352
0.4205 -0.06479033 -0.06003736
0.421 -0.06479302 -0.060037367
0.4215 -0.06479568 -0.060037374
0.422 -0.0647983 -0.06003738
0.4225 -0.06480089 -0.060037382
0.423 -0.06480344 -0.06003739
0.4235 -0.06480597 -0.060037397
0.424 -0.06480846 -0.060037408
0.4245 -0.06481091 -0.06003741
0.425 -0.06481334 -0.060037423
0.4255 -0.06481573 -0.060037423
0.426 -0.0648181 -0.060037434
0.4265 -0.06482043 -0.06003744
0.427 -0.06482273 -0.060037438
0.4275 -0.06482501 -0.060037445
0.428 -0.06482725 -0.060037453
0.4285 -0.06482946 -0.06003746
0.429 -0.06483165 -0.06003746
0.4295 -0.06483381 -0.060037468
0.43 -0.06483594 -0.060037468
0.4305 -0.06483804 -0.06003747
0.431 -0.06484011 -0.060037475
0.4315 -0.06484216 -0.060037483
0.432 -0.06484418 -0.060037483
0.4325 -0.06484618 -0.060037486
0.433 -0.06484815 -0.060037494
0.4335 -0.06485009 -0.0600375
0.434 -0.06485201 -0.060037497
0.4345 -0.0648539 -0.0600375
0.435 -0.06485577 -0.0600375
0.4355 -0.06485762 -0.06003751
0.436 -0.06485944 -0.06003751
0.4365 -0.06486124 -0.060037516
0.437 -0.06486301 -0.060037516
0.4375 -0.06486477 -0.06003752
0.438 -0.0648665 -0.06003752
0.4385 -0.0648682 -0.060037524
0.439 -0.06486989 -0.06003753
0.4395 -0.06487155 -0.06003753
0.44 -0.06487319 -0.06003753
0.4405 -0.06487482 -0.060037527
0.441 -0.06487642 -0.06003753
0.4415 -0.064878 -0.060037535
0.442 -0.06487955 -0.060037535
0.4425 -0.06488109 -0.06003754
0.443 -0.06488261 -0.06003754
0.4435 -0.06488411 -0.06003754
0.444 -0.06488559 -0.06003754
0.4445 -0.06488705 -0.06003754
0.445 -0.0648885 -0.060037542
0.4455 -0.06488992 -0.060037546
0.446 -0.06489133 -0.060037553
0.4465 -0.06489271 -0.060037546
0.447 -0.06489408 -0.060037553
0.4475 -0.06489543 -0.060037553
0.448 -0.06489677 -0.060037553
0.4485 -0.06489809 -0.060037557
0.449 -0.06489939 -0.06003756
0.4495 -0.06490067 -0.06003756
0.45 -0.06490194 -0.06003756
0.4505 -0.06490319 -0.06003756
0.451 -0.06490442 -0.06003756
0.4515 -0.06490564 -0.060037557
0.452 -0.06490685 -0.060037557
0.4525 -0.06490803 -0.060037553
0.453 -0.06490921 -0.060037557
0.4535 -0.06491036 -0.060037557
0.454 -0.06491151 -0.060037564
0.4545 -0.06491263 -0.06003756
0.455 -0.06491375 -0.06003756
0.4555 -0.06491485 -0.060037557
0.456 -0.06491593 -0.060037557
0.4565 -0.064917 -0.060037553
0.457 -0.06491806 -0.06003756
0.4575 -0.0649191 -0.06003756
0.458 -0.06492013 -0.06003756
0.4585 -0.06492115 -0.06003756
0.459 -0.06492216 -0.06003756
0.4595 -0.06492315 -0.06003756
0.46 -0.06492413 -0.06003756
0.4605 -0.06492509 -0.06003756
0.461 -0.06492605 -0.060037564
0.4615 -0.06492699 -0.06003756
0.462 -0.06492792 -0.06003756
0.4625 -0.06492883 -0.06003756
0.463 -0.06492974 -0.06003756
0.4635 -0.06493063 -0.06003756
0.464 -0.06493152 -0.06003756
0.4645 -0.06493239 -0.06003756
0.465 -0.06493325 -0.06003756
0.4655 -0.0649341 -0.06003756
0.466 -0.06493494 -0.06003756
0.4665 -0.06493576 -0.06003756
0.467 -0.06493658 -0.06003756
0.4675 -0.06493739 -0.06003756
0.468 -0.06493818 -0.06003756
0.4685 -0.06493897 -0.06003756
0.469 -0.06493974 -0.06003756
0.4695 -0.06494051 -0.06003756
0.47 -0.06494127 -0.06003756
0.4705 -0.06494201 -0.06003756
0.471 -0.06494275 -0.06003756
0.4715 -0.06494348 -0.06003756
0.472 -0.0649442 -0.06003756
0.4725 -0.06494491 -0.06003756
0.473 -0.06494561 -0.06003756
0.4735 -0.0649463 -0.06003756
0.474 -0.06494698 -0.06003756
0.4745 -0.06494765 -0.06003756
0.475 -0.06494832 -0.06003756
0.4755 -0.06494897 -0.06003756
0.476 -0.06494962 -0.06003756
0.4765 -0.06495026 -0.06003756
0.477 -0.06495089 -0.06003756
0.4775 -0.06495152 -0.06003756
0.478 -0.06495213 -0.06003756
0.4785 -0.06495274 -0.06003756
0.479 -0.06495334 -0.06003756
0.4795 -0.06495393 -0.06003756
0.48 -0.06495452 -0.06003756
0.4805 -0.06495509 -0.06003756
0.481 -0.06495566 -0.06003756
0.4815 -0.06495623 -0.06003756
0.482 -0.06495678 -0.06003756
0.4825 -0.06495733 -0.06003756
0.483 -0.06495787 -0.06003756
0.4835 -0.06495841 -0.06003756
0.484 -0.06495893 -0.06003756
0.4845 -0.06495945 -0.06003756
0.485 -0.06495997 -0.06003756
0.4855 -0.06496048 -0.06003756
0.486 -0.06496098 -0.06003756
0.4865 -0.06496147 -0.06003756
0.487 -0.06496196 -0.06003756
0.4875 -0.06496244 -0.06003756
0.488 -0.06496292 -0.06003756
0.4885 -0.06496339 -0.06003756
0.489 -0.06496385 -0.06003756
0.4895 -0.06496431 -0.06003756
0.49 -0.06496476 -0.06003756
0.4905 -0.06496521 -0.06003756
0.491 -0.06496565 -0.06003756
0.4915 -0.06496609 -0.06003756
0.492 -0.06496652 -0.06003756
0.4925 -0.06496694 -0.06003756
0.493 -0.06496736 -0.06003756
0.4935 -0.06496777 -0.06003756
0.494 -0.06496818 -0.06003756
0.4945 -0.06496858 -0.06003756
0.495 -0.06496898 -0.06003756
0.4955 -0.06496937 -0.06003756
0.496 -0.06496976 -0.06003756
0.4965 -0.06497014 -0.06003756
0.497 -0.06497052 -0.06003756
0.4975 -0.0649709 -0.06003756
0.498 -0.06497126 -0.06003756
0.4985 -0.06497163 -0.06003756
0.499 -0.06497199 -0.06003756
0.4995 -0.06497234 -0.06003756
