0.0 -0.065 -0.040035598
0.0005 -0.065 -0.051512327
0.001 -0.065 -0.057968985
0.0015 -0.065 -0.061691377
0.002 -0.065 -0.06394327
0.0025 -0.065 -0.06540548
0.003 -0.065 -0.06643767
0.0035 -0.065 -0.0672257
0.004 -0.065 -0.06786301
0.0045 -0.065 -0.06839512
0.005 -0.065 -0.06884357
0.0055 -0.065 -0.069218576
0.006 -0.065 -0.06952569
0.0065 -0.065 -0.06976872
0.007 -0.065 -0.069951415
0.0075 -0.065 -0.07007774
0.008 -0.065 -0.07015213
0.0085 -0.065 -0.07017927
0.009 -0.065 -0.07016397
0.0095 -0.065 -0.07011103
0.01 -0.065 -0.07002513
0.0105 -0.065 -0.06991067
0.011 -0.065 -0.06977174
0.0115 -0.065 -0.069612145
0.012 -0.065 -0.0694353
0.0125 -0.065 -0.069244266
0.013 -0.065 -0.06904179
0.0135 -0.065 -0.068830326
0.014 -0.065 -0.068611994
0.0145 -0.065 -0.068388656
0.015 -0.065 -0.06816192
0.0155 -0.065 -0.06793322
0.016 -0.065 -0.06770378
0.0165 -0.065 -0.06747462
0.017 -0.065 -0.06724664
0.0175 -0.065 -0.06702058
0.018 -0.065 -0.06679711
0.0185 -0.065 -0.06657671
0.019 -0.065 -0.06635986
0.0195 -0.065 -0.06614691
0.02 -0.065 -0.065938175
0.0205 -0.065 -0.065733835
0.021 -0.065 -0.06553411
0.0215 -0.065 -0.06533913
0.022 -0.065 -0.065148965
0.0225 -0.065 -0.06496374
0.023 -0.065 -0.06478344
0.0235 -0.065 -0.06460808
0.024 -0.065 -0.06443766
0.0245 -0.065 -0.06427212
0.025 -0.065 -0.06411144
0.0255 -0.065 -0.063955575
0.026 -0.065 -0.06380444
0.0265 -0.065 -0.06365796
0.027 -0.065 -0.063516065
0.0275 -0.065 -0.06337865
0.028 -0.065 -0.063245624
0.0285 -0.065 -0.06311686
0.029 -0.065 -0.062992305
0.0295 -0.065 -0.06287183
0.03 -0.065 -0.06275533
0.0305 -0.065 -0.0626427
0.031 -0.065 -0.06253384
0.0315 -0.065 -0.062428612
0.032 -0.065 -0.062326953
0.0325 -0.065 -0.062228728
0.033 -0.065 -0.062133867
0.0335 -0.065 -0.06204225
0.034 -0.065 -0.06195378
0.0345 -0.065 -0.06186836
0.035 -0.065 -0.06178589
0.0355 -0.065 -0.061706282
0.036 -0.065 -0.061629444
0.0365 -0.065 -0.061555285
0.037 -0.065 -0.06148371
0.0375 -0.065 -0.061414633
0.038 -0.065 -0.061348002
0.0385 -0.065 -0.06128368
0.039 -0.065 -0.061221648
0.0395 -0.065 -0.061161797
0.04 -0.065 -0.06110404
0.0405 -0.065 -0.06104834
0.041 -0.065 -0.060994595
0.0415 -0.065 -0.060942788
0.042 -0.065 -0.060892794
0.0425 -0.065 -0.060844544
0.043 -0.065 -0.060798045
0.0435 -0.065 -0.060753193
0.044 -0.065 -0.06070995
0.0445 -0.065 -0.060668234
0.045 -0.065 -0.060627997
0.0455 -0.065 -0.060589213
0.046 -0.065 -0.060551815
0.0465 -0.065 -0.060515735
0.047 -0.065 -0.06048095
0.0475 -0.065 -0.060447413
0.048 -0.065 -0.060415067
0.0485 -0.065 -0.060383875
0.049 -0.065 -0.060353816
0.0495 -0.065 -0.060324807
0.05 -0.065 -0.06029684
0.0505 -0.065 -0.060269892
0.051 -0.065 -0.060243893
0.0515 -0.065 -0.060218833
0.052 -0.065 -0.060194675
0.0525 -0.065 -0.06017137
0.053 -0.065 -0.06014891
0.0535 -0.065 -0.060127247
0.054 -0.065 -0.06010636
0.0545 -0.065 -0.060086235
0.055 -0.065 -0.060066827
0.0555 -0.065 -0.060048103
0.056 -0.065 -0.060030073
0.0565 -0.065 -0.060012676
0.057 -0.065 -0.0599959
0.0575 -0.065 -0.05997972
0.058 -0.065 -0.05996413
0.0585 -0.065 -0.059949104
0.059 -0.065 -0.059934605
0.0595 -0.065 -0.059920635
0.06 -0.065 -0.05990717
0.0605 -0.065 -0.059894178
0.061 -0.065 -0.059881646
0.0615 -0.065 -0.059869573
0.062 -0.065 -0.059857935
0.0625 -0.065 -0.05984673
0.063 -0.065 -0.059835922
0.0635 -0.065 -0.059825484
0.064 -0.065 -0.059815437
0.0645 -0.065 -0.059805732
0.065 -0.065 -0.059796363
0.0655 -0.065 -0.059787363
0.066 -0.065 -0.059778683
0.0665 -0.065 -0.059770297
0.067 -0.065 -0.059762232
0.0675 -0.065 -0.059754446
0.068 -0.065 -0.059746902
0.0685 -0.065 -0.059739683
0.069 -0.065 -0.059732694
0.0695 -0.065 -0.05972596
0.07 -0.065 -0.059719466
0.0705 -0.065 -0.059713215
0.071 -0.065 -0.0597072
0.0715 -0.065 -0.05970138
0.072 -0.065 -0.05969576
0.0725 -0.065 -0.059690364
0.073 -0.065 -0.05968514
0.0735 -0.065 -0.05968011
0.074 -0.065 -0.059675284
0.0745 -0.065 -0.05967059
0.075 -0.065 -0.059666093
0.0755 -0.065 -0.05966175
0.076 -0.065 -0.05965757
0.0765 -0.065 -0.059653554
0.077 -0.065 -0.059649657
0.0775 -0.065 -0.059645902
0.078 -0.065 -0.05964229
0.0785 -0.065 -0.059638802
0.079 -0.065 -0.05963542
0.0795 -0.065 -0.059632167
0.08 -0.065 -0.05962905
0.0805 -0.065 -0.059626035
0.081 -0.065 -0.059623126
0.0815 -0.065 -0.059620317
0.082 -0.065 -0.05961763
0.0825 -0.065 -0.059615042
0.083 -0.065 -0.059612513
0.0835 -0.065 -0.05961009
0.084 -0.065 -0.05960776
0.0845 -0.065 -0.05960549
0.085 -0.065 -0.059603333
0.0855 -0.065 -0.05960126
0.086 -0.065 -0.059599213
0.0865 -0.065 -0.059597276
0.087 -0.065 -0.05959541
0.0875 -0.065 -0.059593577
0.088 -0.065 -0.059591837
0.0885 -0.065 -0.05959016
0.089 -0.065 -0.059588548
0.0895 -0.065 -0.059586998
0.09 -0.065 -0.059585486
0.0905 -0.065 -0.059584033
0.091 -0.065 -0.05958261
0.0915 -0.065 -0.05958126
0.092 -0.065 -0.05957996
0.0925 -0.065 -0.0595787
0.093 -0.065 -0.05957749
0.0935 -0.065 -0.059576306
0.094 -0.065 -0.059575178
0.0945 -0.065 -0.059574116
0.095 -0.065 -0.05957307
0.0955 -0.065 -0.059572056
0.096 -0.065 -0.059571084
0.0965 -0.065 -0.05957013
0.097 -0.065 -0.059569225
0.0975 -0.065 -0.059568338
0.098 -0.065 -0.0595675
0.0985 -0.065 -0.059566703
0.099 -0.065 -0.059565905
0.0995 -0.065 -0.059565153
0.1 -0.065 -0.09473401
0.1005 -0.05205612 -0.08130136
0.101 -0.03678555 -0.06561328
0.1015 -0.02642051 -0.05104364
0.102 -0.01935535 -0.038060598
0.1025 -0.01394585 -0.02655467
0.103 -0.009311454 -0.016308408
0.1035 -0.005023821 -0.0071109943
0.104 -0.0008967279 0.0012162142
0.1045 0.003115461 0.008818511
0.105 0.007031527 0.015812907
0.1055 0.01091859 0.022293415
0.106 0.01480548 0.028336141
0.1065 0.01868723 0.034002904
0.107 0.02255614 0.0393443
0.1075 0.02642019 0.044401947
0.108 0.03027984 0.049210515
0.1085 0.03413009 0.0537988
0.109 0.03796465 0.058191035
0.1095 0.0417781 0.062407646
0.11 0.04556702 0.066465646
0.1105 0.04932908 0.07037999
0.111 0.05306279 0.07416321
0.1115 0.05676717 0.07782607
0.112 0.06044165 0.08137795
0.1125 0.06408584 0.08482686
0.113 0.06769939 0.08818002
0.1135 0.07128201 0.09144333
0.114 0.07483355 0.09462237
0.1145 0.07835392 0.097721845
0.115 0.08184136 0.10074592
0.1155 0.08527853 0.10369843
0.116 0.08867512 0.10658266
0.1165 0.09204577 0.10940161
0.117 0.09539416 0.112158015
0.1175 0.09870711 0.11485435
0.118 0.1019618 0.117492795
0.1185 0.1051808 0.120075494
0.119 0.1083802 0.12260413
0.1195 0.1115629 0.12508059
0.12 0.1147258 0.1275064
0.1205 0.117865 0.12988305
0.121 0.1209769 0.13221194
0.1215 0.1240592 0.13449433
0.122 0.1271103 0.13673148
0.1225 0.1301113 0.13892454
0.123 0.1330368 0.14107457
0.1235 0.1359186 0.14318272
0.124 0.1387853 0.1452499
0.1245 0.1416428 0.14727703
0.125 0.1444868 0.14926493
0.1255 0.1473104 0.1512147
0.126 0.1501074 0.15312704
0.1265 0.1528743 0.1550029
0.127 0.1556091 0.15684298
0.1275 0.1583128 0.1586479
0.128 0.1609854 0.16041863
0.1285 0.1636157 0.16215569
0.129 0.1661922 0.16385984
0.1295 0.1687342 0.16553193
0.13 0.1712546 0.18629949
0.1305 0.1608096 0.19942099
0.131 0.1480025 0.20680147
0.1315 0.1400602 0.20986602
0.132 0.1353838 0.209699
0.1325 0.1323292 0.20713711
0.133 0.1299979 0.20283268
0.1335 0.1279704 0.1972984
0.134 0.1260857 0.19093841
0.1345 0.1242714 0.18407154
0.135 0.1224912 0.17694846
0.1355 0.1207262 0.1697641
0.136 0.1189634 0.16266866
0.1365 0.1171978 0.15577489
0.137 0.1154309 0.14916515
0.1375 0.1136629 0.1428968
0.138 0.1118941 0.13700671
0.1385 0.1101245 0.13151523
0.139 0.1083547 0.12642926
0.1395 0.1065852 0.12174535
0.14 0.1048167 0.117452115
0.1405 0.1030497 0.11353192
0.141 0.1012852 0.109962896
0.1415 0.09952379 0.10672036
0.142 0.09776618 0.10377762
0.1425 0.09601307 0.101107374
0.143 0.09426511 0.098682046
0.1435 0.09252293 0.09647484
0.144 0.09078713 0.09445959
0.1445 0.08905826 0.092611566
0.145 0.08733687 0.0909075
0.1455 0.08562345 0.089325696
0.146 0.08391848 0.08784622
0.1465 0.0822224 0.08645083
0.147 0.08053563 0.08512302
0.1475 0.07885857 0.083847955
0.148 0.07719158 0.08261235
0.1485 0.07553502 0.08140457
0.149 0.07388921 0.08021428
0.1495 0.07225446 0.079032525
0.15 0.07063104 0.07785159
0.1505 0.06901922 0.076664865
0.151 0.06741925 0.0754668
0.1515 0.06583136 0.074252725
0.152 0.06425575 0.07301885
0.1525 0.06269262 0.07176219
0.153 0.06114215 0.07048026
0.1535 0.05960451 0.069171414
0.154 0.05807984 0.06783438
0.1545 0.05656828 0.0664683
0.155 0.05506995 0.06507295
0.1555 0.05358496 0.06364831
0.156 0.05211342 0.062194694
0.1565 0.0506554 0.060712654
0.157 0.04921099 0.059203077
0.1575 0.04778024 0.057666983
0.158 0.04636322 0.056105543
0.1585 0.04495996 0.05452012
0.159 0.04357051 0.052912157
0.1595 0.04219489 0.051283192
0.16 0.04083312 0.0496349
0.1605 0.03948521 0.047968928
0.161 0.03815116 0.04628698
0.1615 0.03683098 0.044590812
0.162 0.03552465 0.042882238
0.1625 0.03423215 0.04116301
0.163 0.03295346 0.039434973
0.1635 0.03168855 0.037699785
0.164 0.03043739 0.035959285
0.1645 0.02919993 0.03421515
0.165 0.02797614 0.032469083
0.1655 0.02676595 0.0307228
0.166 0.02556932 0.02897789
0.1665 0.02438618 0.027235951
0.167 0.02321648 0.025498468
0.1675 0.02206014 0.023766998
0.168 0.02091711 0.022042911
0.1685 0.01978729 0.020327684
0.169 0.01867063 0.01862261
0.1695 0.01756703 0.016928945
0.17 0.01647641 0.015247989
0.1705 0.01539869 0.013580855
0.171 0.01433379 0.011928644
0.1715 0.0132816 0.010292422
0.172 0.01224205 0.008673143
0.1725 0.01121503 0.007071797
0.173 0.01020046 0.005489204
0.1735 0.009198222 0.003926251
0.174 0.008208231 0.0023836084
0.1745 0.007230384 0.0008620657
0.175 0.006264578 -0.0006377883
0.1755 0.005310711 -0.0021153577
0.176 0.004368679 -0.0035701059
0.1765 0.003438377 -0.0050015636
0.177 0.002519699 -0.006409269
0.1775 0.001612538 -0.0077928565
0.178 0.0007167878 -0.009152029
0.1785 -0.0001676598 -0.010486472
0.179 -0.001040913 -0.011795994
0.1795 -0.001903081 -0.013080377
0.18 -0.002754273 -0.014339518
0.1805 -0.003594597 -0.015573259
0.181 -0.004424164 -0.016781557
0.1815 -0.005243084 -0.017964419
0.182 -0.006051465 -0.019121882
0.1825 -0.006849418 -0.02025396
0.183 -0.007637052 -0.021360781
0.1835 -0.008414477 -0.022442438
0.184 -0.009181803 -0.02349906
0.1845 -0.009939139 -0.02453088
0.185 -0.01068659 -0.025538076
0.1855 -0.01142428 -0.026520867
0.186 -0.01215229 -0.027479548
0.1865 -0.01287075 -0.028414391
0.187 -0.01357977 -0.029325683
0.1875 -0.01427944 -0.03021371
0.188 -0.01496987 -0.031078838
0.1885 -0.01565118 -0.031921435
0.189 -0.01632347 -0.032741815
0.1895 -0.01698683 -0.033540376
0.19 -0.01764139 -0.034317475
0.1905 -0.01828723 -0.035073534
0.191 -0.01892447 -0.035808947
0.1915 -0.0195532 -0.036524106
0.192 -0.02017353 -0.03721944
0.1925 -0.02078556 -0.037895374
0.193 -0.02138938 -0.038552284
0.1935 -0.02198511 -0.03919065
0.194 -0.02257283 -0.039810825
0.1945 -0.02315265 -0.040413294
0.195 -0.02372466 -0.040998425
0.1955 -0.02428896 -0.04156666
0.196 -0.02484565 -0.0421184
0.1965 -0.02539481 -0.042654075
0.197 -0.02593655 -0.043174103
0.1975 -0.02647095 -0.043678835
0.198 -0.02699812 -0.044168722
0.1985 -0.02751814 -0.044644136
0.199 -0.02803109 -0.045105476
0.1995 -0.02853708 -0.045553092
0.2 -0.02903619 -0.045987405
0.2005 -0.02952851 -0.04640873
0.201 -0.03001412 -0.046817478
0.2015 -0.03049312 -0.047213964
0.202 -0.03096558 -0.047598533
0.2025 -0.0314316 -0.04797155
0.203 -0.03189125 -0.048333336
0.2035 -0.03234462 -0.048684202
0.204 -0.03279179 -0.049024448
0.2045 -0.03323284 -0.049354397
0.205 -0.03366785 -0.049674362
0.2055 -0.03409691 -0.04998464
0.206 -0.03452008 -0.050285503
0.2065 -0.03493745 -0.05057721
0.207 -0.0353491 -0.050860032
0.2075 -0.03575509 -0.051134262
0.208 -0.03615551 -0.051400118
0.2085 -0.03655043 -0.05165787
0.209 -0.03693992 -0.051907755
0.2095 -0.03732405 -0.05214998
0.21 -0.03770291 -0.05238482
0.2105 -0.03807654 -0.052612443
0.211 -0.03844504 -0.052833106
0.2115 -0.03880846 -0.05304701
0.212 -0.03916688 -0.053254314
0.2125 -0.03952035 -0.053455267
0.213 -0.03986896 -0.05365004
0.2135 -0.04021276 -0.053838793
0.214 -0.04055182 -0.05402174
0.2145 -0.0408862 -0.054199032
0.215 -0.04121597 -0.05437085
0.2155 -0.04154119 -0.054537367
0.216 -0.04186192 -0.054698702
0.2165 -0.04217823 -0.054855056
0.217 -0.04249016 -0.05500654
0.2175 -0.04279779 -0.055153325
0.218 -0.04310117 -0.055295527
0.2185 -0.04340036 -0.055433307
0.219 -0.04369542 -0.055566803
0.2195 -0.0439864 -0.055696115
0.22 -0.04427336 -0.05582138
0.2205 -0.04455635 -0.055942725
0.221 -0.04483544 -0.05606028
0.2215 -0.04511066 -0.056174133
0.222 -0.04538208 -0.056284405
0.2225 -0.04564975 -0.056391206
0.223 -0.04591372 -0.056494616
0.2235 -0.04617404 -0.056594804
0.224 -0.04643076 -0.05669178
0.2245 -0.04668394 -0.056785695
0.225 -0.04693361 -0.05687663
0.2255 -0.04717983 -0.05696467
0.226 -0.04742264 -0.057049938
0.2265 -0.0476621 -0.057132468
0.227 -0.04789825 -0.057212334
0.2275 -0.04813114 -0.05728968
0.228 -0.0483608 -0.05736455
0.2285 -0.04858729 -0.057437014
0.229 -0.04881065 -0.05750717
0.2295 -0.04903093 -0.057575054
0.23 -0.04924815 -0.057640746
0.2305 -0.04946238 -0.057704315
0.231 -0.04967365 -0.057765827
0.2315 -0.04988199 -0.057825368
0.232 -0.05008746 -0.057882965
0.2325 -0.05029009 -0.057938695
0.233 -0.05048992 -0.05799262
0.2335 -0.050687 -0.05804478
0.234 -0.05088135 -0.058095247
0.2345 -0.05107301 -0.05814407
0.235 -0.05126203 -0.058191307
0.2355 -0.05144844 -0.058236975
0.236 -0.05163228 -0.05828114
0.2365 -0.05181358 -0.058323845
0.237 -0.05199238 -0.05836517
0.2375 -0.05216871 -0.05840513
0.238 -0.05234261 -0.05844376
0.2385 -0.05251411 -0.058481123
0.239 -0.05268324 -0.058517277
0.2395 -0.05285005 -0.058552213
0.24 -0.05301455 -0.05858601
0.2405 -0.05317679 -0.05861867
0.241 -0.05333679 -0.058650225
0.2415 -0.05349458 -0.058680743
0.242 -0.0536502 -0.058710236
0.2425 -0.05380368 -0.058738768
0.243 -0.05395505 -0.05876632
0.2435 -0.05410433 -0.058792945
0.244 -0.05425156 -0.058818683
0.2445 -0.05439676 -0.058843575
0.245 -0.05453996 -0.058867626
0.2455 -0.05468119 -0.058890887
0.246 -0.05482048 -0.058913335
0.2465 -0.05495786 -0.058935057
0.247 -0.05509334 -0.058956057
0.2475 -0.05522697 -0.05897634
0.248 -0.05535875 -0.058995914
0.2485 -0.05548873 -0.059014816
0.249 -0.05561692 -0.05903311
0.2495 -0.05574336 -0.05905078
0.25 -0.05586805 -0.05906785
0.2505 -0.05599104 -0.05908434
0.251 -0.05611233 -0.059100255
0.2515 -0.05623196 -0.059115645
0.252 -0.05634996 -0.0591305
0.2525 -0.05646633 -0.059144855
0.253 -0.05658111 -0.059158716
0.2535 -0.05669431 -0.05917211
0.254 -0.05680597 -0.059185043
0.2545 -0.05691609 -0.059197534
0.255 -0.05702471 -0.059209593
0.2555 -0.05713184 -0.05922126
0.256 -0.0572375 -0.0592325
0.2565 -0.05734172 -0.059243366
0.257 -0.05744451 -0.059253875
0.2575 -0.0575459 -0.059264008
0.258 -0.05764589 -0.059273794
0.2585 -0.05774453 -0.059283238
0.259 -0.05784181 -0.059292357
0.2595 -0.05793776 -0.059301164
0.26 -0.05803241 -0.05930966
0.2605 -0.05812576 -0.059317872
0.261 -0.05821784 -0.059325807
0.2615 -0.05830866 -0.059333462
0.262 -0.05839824 -0.059340853
0.2625 -0.0584866 -0.059348002
0.263 -0.05857375 -0.059354875
0.2635 -0.05865972 -0.05936153
0.264 -0.05874451 -0.05936796
0.2645 -0.05882815 -0.05937416
0.265 -0.05891065 -0.05938013
0.2655 -0.05899203 -0.059385903
0.266 -0.05907229 -0.059391476
0.2665 -0.05915147 -0.059396856
0.267 -0.05922957 -0.059402034
0.2675 -0.0593066 -0.05940706
0.268 -0.05938259 -0.059411876
0.2685 -0.05945755 -0.059416547
0.269 -0.05953148 -0.05942105
0.2695 -0.05960441 -0.059425395
0.27 -0.05967635 -0.059429593
0.2705 -0.05974732 -0.059433654
0.271 -0.05981732 -0.05943755
0.2715 -0.05988637 -0.059441335
0.272 -0.05995448 -0.059444975
0.2725 -0.06002167 -0.059448496
0.273 -0.06008795 -0.059451886
0.2735 -0.06015333 -0.05945516
0.274 -0.06021782 -0.05945832
0.2745 -0.06028144 -0.05946137
0.275 -0.0603442 -0.059464302
0.2755 -0.0604061 -0.059467144
0.276 -0.06046717 -0.059469886
0.2765 -0.06052742 -0.05947254
0.277 -0.06058684 -0.059475098
0.2775 -0.06064547 -0.059477538
0.278 -0.0607033 -0.059479922
0.2785 -0.06076035 -0.059482202
0.279 -0.06081663 -0.05948441
0.2795 -0.06087214 -0.059486553
0.28 -0.06092691 -0.059488628
0.2805 -0.06098094 -0.059490602
0.281 -0.06103424 -0.059492517
0.2815 -0.06108682 -0.059494384
0.282 -0.06113869 -0.05949615
0.2825 -0.06118986 -0.05949786
0.283 -0.06124034 -0.05949952
0.2835 -0.06129014 -0.059501108
0.284 -0.06133927 -0.059502658
0.2845 -0.06138774 -0.059504148
0.285 -0.06143555 -0.05950558
0.2855 -0.06148272 -0.05950697
0.286 -0.06152925 -0.059508316
0.2865 -0.06157516 -0.059509598
0.287 -0.06162045 -0.059510853
0.2875 -0.06166514 -0.059512056
0.288 -0.06170922 -0.05951321
0.2885 -0.0617527 -0.05951432
0.289 -0.06179561 -0.059515398
0.2895 -0.06183794 -0.059516452
0.29 -0.06187969 -0.05951746
0.2905 -0.06192089 -0.05951845
0.291 -0.06196154 -0.05951937
0.2915 -0.06200164 -0.05952027
0.292 -0.0620412 -0.05952114
0.2925 -0.06208023 -0.05952197
0.293 -0.06211874 -0.059522763
0.2935 -0.06215673 -0.05952356
0.294 -0.06219421 -0.059524342
0.2945 -0.06223119 -0.05952506
0.295 -0.06226767 -0.05952576
0.2955 -0.06230367 -0.059526436
0.296 -0.06233918 -0.05952707
0.2965 -0.06237422 -0.059527695
0.297 -0.06240879 -0.059528314
0.2975 -0.06244289 -0.059528884
0.298 -0.06247655 -0.05952946
0.2985 -0.06250975 -0.05953001
0.299 -0.0625425 -0.059530523
0.2995 -0.06257482 -0.05953104
0.3 -0.06260671 -0.059531517
0.3005 -0.06263817 -0.05953199
0.301 -0.06266921 -0.059532456
0.3015 -0.06269984 -0.059532885
0.302 -0.06273006 -0.059533313
0.3025 -0.06275987 -0.05953372
0.303 -0.06278929 -0.059534114
0.3035 -0.06281831 -0.0595345
0.304 -0.06284695 -0.059534866
0.3045 -0.06287521 -0.059535205
0.305 -0.06290309 -0.059535563
0.3055 -0.0629306 -0.059535887
0.306 -0.06295774 -0.059536193
0.3065 -0.06298452 -0.0595365
0.307 -0.06301094 -0.059536792
0.3075 -0.06303702 -0.05953707
0.308 -0.06306274 -0.059537333
0.3085 -0.06308812 -0.059537604
0.309 -0.06311317 -0.05953787
0.3095 -0.06313788 -0.05953813
0.31 -0.06316227 -0.05953836
0.3105 -0.06318633 -0.05953859
0.311 -0.06321007 -0.05953882
0.3115 -0.06323349 -0.059539024
0.312 -0.06325661 -0.059539232
0.3125 -0.06327941 -0.059539426
0.313 -0.06330192 -0.05953962
0.3135 -0.06332412 -0.059539806
0.314 -0.06334604 -0.05953999
0.3145 -0.06336766 -0.05954014
0.315 -0.06338899 -0.05954032
0.3155 -0.06341004 -0.05954048
0.316 -0.06343081 -0.05954062
0.3165 -0.06345131 -0.059540763
0.317 -0.06347154 -0.059540916
0.3175 -0.0634915 -0.059541058
0.318 -0.06351119 -0.059541177
0.3185 -0.06353062 -0.059541292
0.319 -0.0635498 -0.05954142
0.3195 -0.06356872 -0.05954153
0.32 -0.06358739 -0.05954166
0.3205 -0.06360582 -0.059541766
0.321 -0.063624 -0.059541892
0.3215 -0.06364194 -0.05954201
0.322 -0.06365964 -0.05954211
0.3225 -0.06367711 -0.059542187
0.323 -0.06369435 -0.059542287
0.3235 -0.06371136 -0.05954237
0.324 -0.06372815 -0.059542444
0.3245 -0.06374471 -0.05954253
0.325 -0.06376106 -0.0595426
0.3255 -0.06377719 -0.05954269
0.326 -0.06379311 -0.059542757
0.3265 -0.06380882 -0.059542835
0.327 -0.06382432 -0.05954291
0.3275 -0.06383961 -0.059542976
0.328 -0.06385471 -0.059543032
0.3285 -0.06386961 -0.059543103
0.329 -0.06388431 -0.059543174
0.3295 -0.06389881 -0.059543237
0.33 -0.06391313 -0.059543286
0.3305 -0.06392725 -0.059543353
0.331 -0.06394119 -0.059543394
0.3315 -0.06395495 -0.059543453
0.332 -0.06396853 -0.0595435
0.3325 -0.06398193 -0.059543554
0.333 -0.06399515 -0.059543595
0.3335 -0.0640082 -0.05954363
0.334 -0.06402107 -0.059543677
0.3345 -0.06403378 -0.059543714
0.335 -0.06404632 -0.059543755
0.3355 -0.06405869 -0.059543792
0.336 -0.06407091 -0.059543833
0.3365 -0.06408296 -0.059543848
0.337 -0.06409485 -0.059543893
0.3375 -0.06410659 -0.059543926
0.338 -0.06411817 -0.059543952
0.3385 -0.06412961 -0.05954398
0.339 -0.06414089 -0.059544
0.3395 -0.06415202 -0.05954403
0.34 -0.06416301 -0.059544053
0.3405 -0.06417385 -0.059544075
0.341 -0.06418456 -0.0595441
0.3415 -0.06419512 -0.05954413
0.342 -0.06420554 -0.059544154
0.3425 -0.06421583 -0.05954418
0.343 -0.06422598 -0.059544183
0.3435 -0.064236 -0.059544206
0.344 -0.06424589 -0.05954423
0.3445 -0.06425565 -0.059544258
0.345 -0.06426528 -0.05954429
0.3455 -0.06427478 -0.059544314
0.346 -0.06428416 -0.05954432
0.3465 -0.06429342 -0.05954436
0.347 -0.06430256 -0.059544366
0.3475 -0.06431157 -0.059544384
0.348 -0.06432047 -0.059544396
0.3485 -0.06432925 -0.059544407
0.349 -0.06433792 -0.059544425
0.3495 -0.06434648 -0.05954444
0.35 -0.06435492 -0.059544437
0.3505 -0.06436325 -0.05954445
0.351 -0.06437148 -0.05954446
0.3515 -0.06437959 -0.059544466
0.352 -0.0643876 -0.05954448
0.3525 -0.06439551 -0.059544466
0.353 -0.06440331 -0.059544496
0.3535 -0.06441102 -0.059544504
0.354 -0.06441862 -0.05954451
0.3545 -0.06442612 -0.059544515
0.355 -0.06443352 -0.059544533
0.3555 -0.06444083 -0.05954454
0.356 -0.06444804 -0.059544552
0.3565 -0.06445516 -0.05954458
0.357 -0.06446219 -0.05954457
0.3575 -0.06446912 -0.059544586
0.358 -0.06447596 -0.0595446
0.3585 -0.06448272 -0.059544593
0.359 -0.06448938 -0.059544604
0.3595 -0.06449596 -0.05954461
0.36 -0.06450246 -0.059544645
0.3605 -0.06450887 -0.05954463
0.361 -0.06451519 -0.059544627
0.3615 -0.06452144 -0.05954463
0.362 -0.0645276 -0.05954463
0.3625 -0.06453368 -0.059544638
0.363 -0.06453969 -0.059544653
0.3635 -0.06454561 -0.05954464
0.364 -0.06455146 -0.059544653
0.3645 -0.06455723 -0.059544653
0.365 -0.06456293 -0.05954464
0.3655 -0.06456855 -0.05954465
0.366 -0.0645741 -0.05954465
0.3665 -0.06457958 -0.059544653
0.367 -0.06458499 -0.05954467
0.3675 -0.06459033 -0.05954469
0.368 -0.06459559 -0.05954469
0.3685 -0.06460079 -0.05954469
0.369 -0.06460592 -0.059544683
0.3695 -0.06461099 -0.05954469
0.37 -0.06461599 -0.05954469
0.3705 -0.06462092 -0.05954469
0.371 -0.06462579 -0.05954469
0.3715 -0.0646306 -0.059544705
0.372 -0.06463535 -0.059544705
0.3725 -0.06464003 -0.059544712
0.373 -0.06464465 -0.059544723
0.3735 -0.06464922 -0.059544723
0.374 -0.06465372 -0.05954473
0.3745 -0.06465817 -0.05954474
0.375 -0.06466255 -0.05954474
0.3755 -0.06466688 -0.059544746
0.376 -0.06467116 -0.05954474
0.3765 -0.06467538 -0.059544753
0.377 -0.06467954 -0.059544753
0.3775 -0.06468366 -0.05954476
0.378 -0.06468771 -0.059544783
0.3785 -0.06469172 -0.059544794
0.379 -0.06469567 -0.05954479
0.3795 -0.06469958 -0.059544787
0.38 -0.06470343 -0.059544787
0.3805 -0.06470723 -0.059544787
0.381 -0.06471098 -0.059544787
0.3815 -0.06471469 -0.059544787
0.382 -0.06471834 -0.059544787
0.3825 -0.06472195 -0.059544787
0.383 -0.06472552 -0.059544787
0.3835 -0.06472903 -0.059544787
0.384 -0.0647325 -0.059544787
0.3845 -0.06473593 -0.059544787
0.385 -0.06473931 -0.059544787
0.3855 -0.06474265 -0.059544787
0.386 -0.06474595 -0.059544787
0.3865 -0.0647492 -0.059544787
0.387 -0.06475241 -0.059544787
0.3875 -0.06475558 -0.059544787
0.388 -0.06475871 -0.059544787
0.3885 -0.0647618 -0.059544787
0.389 -0.06476485 -0.059544787
0.3895 -0.06476785 -0.059544787
0.39 -0.06477083 -0.059544787
0.3905 -0.06477376 -0.059544787
0.391 -0.06477665 -0.059544787
0.3915 -0.06477951 -0.059544787
0.392 -0.06478233 -0.059544787
0.3925 -0.06478511 -0.059544787
0.393 -0.06478786 -0.059544787
0.3935 -0.06479057 -0.059544787
0.394 -0.06479325 -0.059544787
0.3945 -0.06479589 -0.059544787
0.395 -0.0647985 -0.059544787
0.3955 -0.06480108 -0.059544787
0.396 -0.06480362 -0.059544787
0.3965 -0.06480613 -0.059544787
0.397 -0.06480861 -0.059544787
0.3975 -0.06481105 -0.059544787
0.398 -0.06481346 -0.059544787
0.3985 -0.06481585 -0.059544787
0.399 -0.0648182 -0.059544787
0.3995 -0.06482052 -0.059544787
0.4 -0.06482281 -0.059544787
0.4005 -0.06482508 -0.059544787
0.401 -0.06482731 -0.059544787
0.4015 -0.06482951 -0.059544787
0.402 -0.06483169 -0.059544787
0.4025 -0.06483384 -0.059544787
0.403 -0.06483596 -0.059544787
0.4035 -0.06483805 -0.059544787
0.404 -0.06484012 -0.059544787
0.4045 -0.06484216 -0.059544787
0.405 -0.06484417 -0.059544787
0.4055 -0.06484616 -0.059544787
0.406 -0.06484812 -0.059544787
0.4065 -0.06485006 -0.059544787
0.407 -0.06485197 -0.059544787
0.4075 -0.06485386 -0.059544787
0.408 -0.06485572 -0.059544787
0.4085 -0.06485756 -0.059544787
0.409 -0.06485938 -0.059544787
0.4095 -0.06486117 -0.059544787
0.41 -0.06486294 -0.059544787
0.4105 -0.06486469 -0.059544787
0.411 -0.06486641 -0.059544787
0.4115 -0.06486811 -0.059544787
0.412 -0.06486979 -0.059544787
0.4125 -0.06487145 -0.059544787
0.413 -0.06487309 -0.059544787
0.4135 -0.06487471 -0.059544787
0.414 -0.0648763 -0.059544787
0.4145 -0.06487788 -0.059544787
0.415 -0.06487943 -0.059544787
0.4155 -0.06488097 -0.059544787
0.416 -0.06488249 -0.059544787
0.4165 -0.06488398 -0.059544787
0.417 -0.06488546 -0.059544787
0.4175 -0.06488692 -0.059544787
0.418 -0.06488836 -0.059544787
0.4185 -0.06488978 -0.059544787
0.419 -0.06489118 -0.059544787
0.4195 -0.06489257 -0.059544787
0.42 -0.06489393 -0.059544787
0.4205 -0.06489528 -0.059544787
0.421 -0.06489661 -0.059544787
0.4215 -0.06489793 -0.059544787
0.422 -0.06489923 -0.059544787
0.4225 -0.06490051 -0.059544787
0.423 -0.06490178 -0.059544787
0.4235 -0.06490303 -0.059544787
0.424 -0.06490426 -0.059544787
0.4245 -0.06490548 -0.059544787
0.425 -0.06490668 -0.059544787
0.4255 -0.06490786 -0.059544787
0.426 -0.06490904 -0.059544787
0.4265 -0.06491019 -0.059544787
0.427 -0.06491133 -0.059544787
0.4275 -0.06491246 -0.059544787
0.428 -0.06491357 -0.059544787
0.4285 -0.06491467 -0.059544787
0.429 -0.06491576 -0.059544787
0.4295 -0.06491683 -0.059544787
0.43 -0.06491788 -0.059544787
0.4305 -0.06491893 -0.059544787
0.431 -0.06491996 -0.059544787
0.4315 -0.06492097 -0.059544787
0.432 -0.06492198 -0.059544787
0.4325 -0.06492297 -0.059544787
0.433 -0.06492395 -0.059544787
0.4335 -0.06492491 -0.059544787
0.434 -0.06492587 -0.059544787
0.4345 -0.06492681 -0.059544787
0.435 -0.06492774 -0.059544787
0.4355 -0.06492865 -0.059544787
0.436 -0.06492956 -0.059544787
0.4365 -0.06493045 -0.059544787
0.437 -0.06493134 -0.059544787
0.4375 -0.06493221 -0.059544787
0.438 -0.06493307 -0.059544787
0.4385 -0.06493392 -0.059544787
0.439 -0.06493476 -0.059544787
0.4395 -0.06493558 -0.059544787
0.44 -0.0649364 -0.059544787
0.4405 -0.06493721 -0.059544787
0.441 -0.06493801 -0.059544787
0.4415 -0.06493879 -0.059544787
0.442 -0.06493957 -0.059544787
0.4425 -0.06494033 -0.059544787
0.443 -0.06494109 -0.059544787
0.4435 -0.06494184 -0.059544787
0.444 -0.06494258 -0.059544787
0.4445 -0.0649433 -0.059544787
0.445 -0.06494402 -0.059544787
0.4455 -0.06494473 -0.059544787
0.446 -0.06494543 -0.059544787
0.4465 -0.06494613 -0.059544787
0.447 -0.06494681 -0.059544787
0.4475 -0.06494748 -0.059544787
0.448 -0.06494815 -0.059544787
0.4485 -0.0649488 -0.059544787
0.449 -0.06494945 -0.059544787
0.4495 -0.06495009 -0.059544787
0.45 -0.06495073 -0.059544787
0.4505 -0.06495135 -0.059544787
0.451 -0.06495197 -0.059544787
0.4515 -0.06495258 -0.059544787
0.452 -0.06495318 -0.059544787
0.4525 -0.06495377 -0.059544787
0.453 -0.06495436 -0.059544787
0.4535 -0.06495493 -0.059544787
0.454 -0.0649555 -0.059544787
0.4545 -0.06495607 -0.059544787
0.455 -0.06495662 -0.059544787
0.4555 -0.06495717 -0.059544787
0.456 -0.06495772 -0.059544787
0.4565 -0.06495825 -0.059544787
0.457 -0.06495878 -0.059544787
0.4575 -0.0649593 -0.059544787
0.458 -0.06495982 -0.059544787
0.4585 -0.06496033 -0.059544787
0.459 -0.06496083 -0.059544787
0.4595 -0.06496132 -0.059544787
0.46 -0.06496181 -0.059544787
0.4605 -0.0649623 -0.059544787
0.461 -0.06496277 -0.059544787
0.4615 -0.06496324 -0.059544787
0.462 -0.06496371 -0.059544787
0.4625 -0.06496417 -0.059544787
0.463 -0.06496462 -0.059544787
0.4635 -0.06496507 -0.059544787
0.464 -0.06496551 -0.059544787
0.4645 -0.06496595 -0.059544787
0.465 -0.06496638 -0.059544787
0.4655 -0.0649668 -0.059544787
0.466 -0.06496722 -0.059544787
0.4665 -0.06496764 -0.059544787
0.467 -0.06496805 -0.059544787
0.4675 -0.06496845 -0.059544787
0.468 -0.06496885 -0.059544787
0.4685 -0.06496924 -0.059544787
0.469 -0.06496963 -0.059544787
0.4695 -0.06497002 -0.059544787
0.47 -0.0649704 -0.059544787
0.4705 -0.06497077 -0.059544787
0.471 -0.06497114 -0.059544787
0.4715 -0.0649715 -0.059544787
0.472 -0.06497186 -0.059544787
0.4725 -0.06497222 -0.059544787
0.473 -0.06497257 -0.059544787
0.4735 -0.06497292 -0.059544787
0.474 -0.06497326 -0.059544787
0.4745 -0.0649736 -0.059544787
0.475 -0.06497393 -0.059544787
0.4755 -0.06497426 -0.059544787
0.476 -0.06497459 -0.059544787
0.4765 -0.06497491 -0.059544787
0.477 -0.06497522 -0.059544787
0.4775 -0.06497554 -0.059544787
0.478 -0.06497585 -0.059544787
0.4785 -0.06497615 -0.059544787
0.479 -0.06497645 -0.059544787
0.4795 -0.06497675 -0.059544787
0.48 -0.06497704 -0.059544787
0.4805 -0.06497733 -0.059544787
0.481 -0.06497762 -0.059544787
0.4815 -0.0649779 -0.059544787
0.482 -0.06497818 -0.059544787
0.4825 -0.06497846 -0.059544787
0.483 -0.06497873 -0.059544787
0.4835 -0.064979 -0.059544787
0.484 -0.06497926 -0.059544787
0.4845 -0.06497952 -0.059544787
0.485 -0.06497978 -0.059544787
0.4855 -0.06498004 -0.059544787
0.486 -0.06498029 -0.059544787
0.4865 -0.06498054 -0.059544787
0.487 -0.06498078 -0.059544787
0.4875 -0.06498103 -0.059544787
0.488 -0.06498127 -0.059544787
0.4885 -0.0649815 -0.059544787
0.489 -0.06498174 -0.059544787
0.4895 -0.06498197 -0.059544787
0.49 -0.06498219 -0.059544787
0.4905 -0.06498242 -0.059544787
0.491 -0.06498264 -0.059544787
0.4915 -0.06498286 -0.059544787
0.492 -0.06498308 -0.059544787
0.4925 -0.06498329 -0.059544787
0.493 -0.0649835 -0.059544787
0.4935 -0.06498371 -0.059544787
0.494 -0.06498391 -0.059544787
0.4945 -0.06498412 -0.059544787
0.495 -0.06498432 -0.059544787
0.4955 -0.06498451 -0.059544787
0.496 -0.06498471 -0.059544787
0.4965 -0.0649849 -0.059544787
0.497 -0.06498509 -0.059544787
0.4975 -0.06498528 -0.059544787
0.498 -0.06498547 -0.059544787
0.4985 -0.06498565 -0.059544787
0.499 -0.06498583 -0.059544787
0.4995 -0.06498601 -0.059544787
