0.0 -0.065 -0.040035598
0.0005 -0.065 -0.051512327
0.001 -0.065 -0.057968985
0.0015 -0.065 -0.061691377
0.002 -0.065 -0.06394327
0.0025 -0.065 -0.06540548
0.003 -0.065 -0.06643767
0.0035 -0.065 -0.0672257
0.004 -0.065 -0.06786301
0.0045 -0.065 -0.06839512
0.005 -0.065 -0.06884357
0.0055 -0.065 -0.069218576
0.006 -0.065 -0.06952569
0.0065 -0.065 -0.06976872
0.007 -0.065 -0.069951415
0.0075 -0.065 -0.07007774
0.008 -0.065 -0.07015213
0.0085 -0.065 -0.07017927
0.009 -0.065 -0.07016397
0.0095 -0.065 -0.07011103
0.01 -0.065 -0.07002513
0.0105 -0.065 -0.06991067
0.011 -0.065 -0.06977174
0.0115 -0.065 -0.069612145
0.012 -0.065 -0.0694353
0.0125 -0.065 -0.069244266
0.013 -0.065 -0.06904179
0.0135 -0.065 -0.068830326
0.014 -0.065 -0.068611994
0.0145 -0.065 -0.068388656
0.015 -0.065 -0.06816192
0.0155 -0.065 -0.06793322
0.016 -0.065 -0.06770378
0.0165 -0.065 -0.06747462
0.017 -0.065 -0.06724664
0.0175 -0.065 -0.06702058
0.018 -0.065 -0.06679711
0.0185 -0.065 -0.06657671
0.019 -0.065 -0.06635986
0.0195 -0.065 -0.06614691
0.02 -0.065 -0.065938175
0.0205 -0.065 -0.065733835
0.021 -0.065 -0.06553411
0.0215 -0.065 -0.06533913
0.022 -0.065 -0.065148965
0.0225 -0.065 -0.06496374
0.023 -0.065 -0.06478344
0.0235 -0.065 -0.06460808
0.024 -0.065 -0.06443766
0.0245 -0.065 -0.06427212
0.025 -0.065 -0.06411144
0.0255 -0.065 -0.063955575
0.026 -0.065 -0.06380444
0.0265 -0.065 -0.06365796
0.027 -0.065 -0.063516065
0.0275 -0.065 -0.06337865
0.028 -0.065 -0.063245624
0.0285 -0.065 -0.06311686
0.029 -0.065 -0.062992305
0.0295 -0.065 -0.06287183
0.03 -0.065 -0.06275533
0.0305 -0.065 -0.0626427
0.031 -0.065 -0.06253384
0.0315 -0.065 -0.062428612
0.032 -0.065 -0.062326953
0.0325 -0.065 -0.062228728
0.033 -0.065 -0.062133867
0.0335 -0.065 -0.06204225
0.034 -0.065 -0.06195378
0.0345 -0.065 -0.06186836
0.035 -0.065 -0.06178589
0.0355 -0.065 -0.061706282
0.036 -0.065 -0.061629444
0.0365 -0.065 -0.061555285
0.037 -0.065 -0.06148371
0.0375 -0.065 -0.061414633
0.038 -0.065 -0.061348002
0.0385 -0.065 -0.06128368
0.039 -0.065 -0.061221648
0.0395 -0.065 -0.061161797
0.04 -0.065 -0.06110404
0.0405 -0.065 -0.06104834
0.041 -0.065 -0.060994595
0.0415 -0.065 -0.060942788
0.042 -0.065 -0.060892794
0.0425 -0.065 -0.060844544
0.043 -0.065 -0.060798045
0.0435 -0.065 -0.060753193
0.044 -0.065 -0.06070995
0.0445 -0.065 -0.060668234
0.045 -0.065 -0.060627997
0.0455 -0.065 -0.060589213
0.046 -0.065 -0.060551815
0.0465 -0.065 -0.060515735
0.047 -0.065 -0.06048095
0.0475 -0.065 -0.060447413
0.048 -0.065 -0.060415067
0.0485 -0.065 -0.060383875
0.049 -0.065 -0.060353816
0.0495 -0.065 -0.060324807
0.05 -0.065 -0.06029684
0.0505 -0.065 -0.060269892
0.051 -0.065 -0.060243893
0.0515 -0.065 -0.060218833
0.052 -0.065 -0.060194675
0.0525 -0.065 -0.06017137
0.053 -0.065 -0.06014891
0.0535 -0.065 -0.060127247
0.054 -0.065 -0.06010636
0.0545 -0.065 -0.060086235
0.055 -0.065 -0.060066827
0.0555 -0.065 -0.060048103
0.056 -0.065 -0.060030073
0.0565 -0.065 -0.060012676
0.057 -0.065 -0.0599959
0.0575 -0.065 -0.05997972
0.058 -0.065 -0.05996413
0.0585 -0.065 -0.059949104
0.059 -0.065 -0.059934605
0.0595 -0.065 -0.059920635
0.06 -0.065 -0.05990717
0.0605 -0.065 -0.059894178
0.061 -0.065 -0.059881646
0.0615 -0.065 -0.059869573
0.062 -0.065 -0.059857935
0.0625 -0.065 -0.05984673
0.063 -0.065 -0.059835922
0.0635 -0.065 -0.059825484
0.064 -0.065 -0.059815437
0.0645 -0.065 -0.059805732
0.065 -0.065 -0.059796363
0.0655 -0.065 -0.059787363
0.066 -0.065 -0.059778683
0.0665 -0.065 -0.059770297
0.067 -0.065 -0.059762232
0.0675 -0.065 -0.059754446
0.068 -0.065 -0.059746902
0.0685 -0.065 -0.059739683
0.069 -0.065 -0.059732694
0.0695 -0.065 -0.05972596
0.07 -0.065 -0.059719466
0.0705 -0.065 -0.059713215
0.071 -0.065 -0.0597072
0.0715 -0.065 -0.05970138
0.072 -0.065 -0.05969576
0.0725 -0.065 -0.059690364
0.073 -0.065 -0.05968514
0.0735 -0.065 -0.05968011
0.074 -0.065 -0.059675284
0.0745 -0.065 -0.05967059
0.075 -0.065 -0.059666093
0.0755 -0.065 -0.05966175
0.076 -0.065 -0.05965757
0.0765 -0.065 -0.059653554
0.077 -0.065 -0.059649657
0.0775 -0.065 -0.059645902
0.078 -0.065 -0.05964229
0.0785 -0.065 -0.059638802
0.079 -0.065 -0.05963542
0.0795 -0.065 -0.059632167
0.08 -0.065 -0.05962905
0.0805 -0.065 -0.059626035
0.081 -0.065 -0.059623126
0.0815 -0.065 -0.059620317
0.082 -0.065 -0.05961763
0.0825 -0.065 -0.059615042
0.083 -0.065 -0.059612513
0.0835 -0.065 -0.05961009
0.084 -0.065 -0.05960776
0.0845 -0.065 -0.05960549
0.085 -0.065 -0.059603333
0.0855 -0.065 -0.05960126
0.086 -0.065 -0.059599213
0.0865 -0.065 -0.059597276
0.087 -0.065 -0.05959541
0.0875 -0.065 -0.059593577
0.088 -0.065 -0.059591837
0.0885 -0.065 -0.05959016
0.089 -0.065 -0.059588548
0.0895 -0.065 -0.059586998
0.09 -0.065 -0.059585486
0.0905 -0.065 -0.059584033
0.091 -0.065 -0.05958261
0.0915 -0.065 -0.05958126
0.092 -0.065 -0.05957996
0.0925 -0.065 -0.0595787
0.093 -0.065 -0.05957749
0.0935 -0.065 -0.059576306
0.094 -0.065 -0.059575178
0.0945 -0.065 -0.059574116
0.095 -0.065 -0.05957307
0.0955 -0.065 -0.059572056
0.096 -0.065 -0.059571084
0.0965 -0.065 -0.05957013
0.097 -0.065 -0.059569225
0.0975 -0.065 -0.059568338
0.098 -0.065 -0.0595675
0.0985 -0.065 -0.059566703
0.099 -0.065 -0.059565905
0.0995 -0.065 -0.059565153
0.1 -0.065 -0.09473401
0.1005 -0.05205612 -0.08130136
0.101 -0.03678555 -0.06561328
0.1015 -0.02642051 -0.05104364
0.102 -0.01935535 -0.038060598
0.1025 -0.01394585 -0.02655467
0.103 -0.009311454 -0.016308408
0.1035 -0.005023821 -0.0071109943
0.104 -0.0008967279 0.0012162142
0.1045 0.003115461 0.008818511
0.105 0.007031527 0.015812907
0.1055 0.01091859 0.022293415
0.106 0.01480548 0.028336141
0.1065 0.01868723 0.034002904
0.107 0.02255614 0.0393443
0.1075 0.02642019 0.044401947
0.108 0.03027984 0.049210515
0.1085 0.03413009 0.0537988
0.109 0.03796465 0.058191035
0.1095 0.0417781 0.062407646
0.11 0.04556702 0.066465646
0.1105 0.04932908 0.07037999
0.111 0.05306279 0.07416321
0.1115 0.05676717 0.07782607
0.112 0.06044165 0.08137795
0.1125 0.06408584 0.08482686
0.113 0.06769939 0.08818002
0.1135 0.07128201 0.09144333
0.114 0.07483355 0.09462237
0.1145 0.07835392 0.097721845
0.115 0.08184136 0.10074592
0.1155 0.08527853 0.10369843
0.116 0.08867512 0.10658266
0.1165 0.09204577 0.10940161
0.117 0.09539416 0.112158015
0.1175 0.09870711 0.11485435
0.118 0.1019618 0.117492795
0.1185 0.1051808 0.120075494
0.119 0.1083802 0.12260413
0.1195 0.1115629 0.12508059
0.12 0.1147258 0.1275064
0.1205 0.117865 0.12988305
0.121 0.1209769 0.13221194
0.1215 0.1240592 0.13449433
0.122 0.1271103 0.13673148
0.1225 0.1301113 0.13892454
0.123 0.1330368 0.14107457
0.1235 0.1359186 0.14318272
0.124 0.1387853 0.1452499
0.1245 0.1416428 0.14727703
0.125 0.1444868 0.14926493
0.1255 0.1473104 0.1512147
0.126 0.1501074 0.15312704
0.1265 0.1528743 0.1550029
0.127 0.1556091 0.15684298
0.1275 0.1583128 0.1586479
0.128 0.1609854 0.16041863
0.1285 0.1636157 0.16215569
0.129 0.1661922 0.16385984
0.1295 0.1687342 0.16553193
0.13 0.1712546 0.16717246
0.1305 0.1737398 0.168782
0.131 0.1761779 0.17036143
0.1315 0.1785865 0.17191121
0.132 0.1809572 0.17343192
0.1325 0.1832937 0.1749242
0.133 0.1855978 0.17638858
0.1335 0.1878699 0.17782564
0.134 0.1901309 0.179236
0.1345 0.1923824 0.1806201
0.135 0.1946254 0.18197852
0.1355 0.1968558 0.18331194
0.136 0.1990424 0.18462056
0.1365 0.2011837 0.1859051
0.137 0.2033082 0.18716598
0.1375 0.2054225 0.18840367
0.138 0.207524 0.18961865
0.1385 0.209608 0.19081143
0.139 0.2116695 0.19198233
0.1395 0.2137051 0.19313192
0.14 0.215708 0.21215424
0.1405 0.2047384 0.22397834
0.141 0.1914095 0.23037353
0.1415 0.1829495 0.23266938
0.142 0.1777564 0.23188132
0.1425 0.1741847 0.22879583
0.143 0.1713506 0.22402826
0.1435 0.1688431 0.21806419
0.144 0.1664795 0.21128874
0.1445 0.1641797 0.20400758
0.145 0.1618458 0.19646318
0.1455 0.1593754 0.18884656
0.146 0.1569617 0.18130627
0.1465 0.1546385 0.17395633
0.147 0.1523837 0.16688189
0.1475 0.1501701 0.16014405
0.148 0.1479774 0.15378407
0.1485 0.1457935 0.14782715
0.149 0.143612 0.14228494
0.1495 0.1414303 0.1371585
0.15 0.139248 0.13244036
0.1505 0.1370659 0.12811655
0.151 0.1348853 0.12416798
0.1515 0.1327077 0.120572105
0.152 0.1305347 0.11730398
0.1525 0.1283677 0.11433722
0.153 0.1262079 0.111644745
0.1535 0.1240565 0.109199554
0.154 0.1219145 0.106975034
0.1545 0.1197828 0.104945645
0.155 0.1176622 0.103086784
0.1555 0.1155535 0.10137534
0.156 0.1134572 0.09978977
0.1565 0.1113738 0.09831008
0.157 0.109304 0.09691793
0.1575 0.1072481 0.09559661
0.158 0.1052065 0.09433091
0.1585 0.1031796 0.0931073
0.159 0.1011678 0.09191361
0.1595 0.09917127 0.090739116
0.16 0.09719038 0.08957443
0.1605 0.09522534 0.08841132
0.161 0.09327639 0.08724271
0.1615 0.09134373 0.08606246
0.162 0.08942755 0.084865496
0.1625 0.08752801 0.083647594
0.163 0.08564526 0.08240524
0.1635 0.08377943 0.08113563
0.164 0.08193064 0.07983655
0.1645 0.08009899 0.07850653
0.165 0.07828457 0.07714434
0.1655 0.07648746 0.07574947
0.166 0.07470771 0.07432158
0.1665 0.07294538 0.07286078
0.167 0.0712005 0.0713674
0.1675 0.0694731 0.06984213
0.168 0.06776321 0.06828584
0.1685 0.06607083 0.06669958
0.169 0.06439595 0.06508465
0.1695 0.06273857 0.06344238
0.17 0.06109867 0.061774272
0.1705 0.05947622 0.060081955
0.171 0.05787119 0.058367077
0.1715 0.05628354 0.056631375
0.172 0.05471321 0.05487668
0.1725 0.05316016 0.05310474
0.173 0.05162432 0.051317465
0.1735 0.05010562 0.049516585
0.174 0.048604 0.04770412
0.1745 0.04711938 0.04588188
0.175 0.04565167 0.04405168
0.1755 0.04420078 0.042215314
0.176 0.04276663 0.040374603
0.1765 0.04134912 0.03853133
0.177 0.03994815 0.036687244
0.1775 0.03856362 0.034843992
0.178 0.03719543 0.033003274
0.1785 0.03584345 0.031166662
0.179 0.03450758 0.02933577
0.1795 0.03318771 0.02751201
0.18 0.03188372 0.025696937
0.1805 0.03059548 0.023891907
0.181 0.02932288 0.022098262
0.1815 0.02806579 0.020317297
0.182 0.02682409 0.01855031
0.1825 0.02559764 0.016798425
0.183 0.02438633 0.015062723
0.1835 0.02319 0.013344344
0.184 0.02200855 0.011644218
0.1845 0.02084183 0.0099633
0.185 0.0196897 0.0083025135
0.1855 0.01855204 0.006662648
0.186 0.01742871 0.005044464
0.1865 0.01631956 0.0034486763
0.187 0.01522447 0.0018759184
0.1875 0.0141433 0.000326816
0.188 0.01307591 -0.0011981167
0.1885 0.01202215 -0.0026984029
0.189 0.0109819 -0.004173603
0.1895 0.009955014 -0.005623322
0.19 0.008941351 -0.0070472397
0.1905 0.007940774 -0.008445155
0.191 0.006953146 -0.00981674
0.1915 0.005978327 -0.01116186
0.192 0.00501618 -0.0124803595
0.1925 0.004066567 -0.013772193
0.193 0.003129351 -0.0150372125
0.1935 0.002204395 -0.016275492
0.194 0.001291563 -0.017487045
0.1945 0.0003907173 -0.018671889
0.195 -0.0004982762 -0.019830186
0.1955 -0.001375553 -0.020962033
0.196 -0.002241246 -0.022067588
0.1965 -0.00309549 -0.02314704
0.197 -0.003938418 -0.024200644
0.1975 -0.004770161 -0.025228612
0.198 -0.005590852 -0.026231207
0.1985 -0.006400619 -0.027208783
0.199 -0.007199594 -0.02816157
0.1995 -0.007987905 -0.02908995
0.2 -0.008765679 -0.029994272
0.2005 -0.009533045 -0.030874863
0.201 -0.01029013 -0.031732153
0.2015 -0.01103705 -0.032566518
0.202 -0.01177394 -0.033378344
0.2025 -0.01250092 -0.03416806
0.203 -0.01321812 -0.034936085
0.2035 -0.01392564 -0.035682805
0.204 -0.01462362 -0.036408704
0.2045 -0.01531217 -0.037114207
0.205 -0.01599141 -0.037799746
0.2055 -0.01666146 -0.038465764
0.206 -0.01732243 -0.039112724
0.2065 -0.01797444 -0.039741028
0.207 -0.0186176 -0.040351145
0.2075 -0.01925203 -0.040943492
0.208 -0.01987783 -0.04151854
0.2085 -0.02049512 -0.0420767
0.209 -0.021104 -0.042618413
0.2095 -0.02170459 -0.04314409
0.21 -0.022297 -0.043654162
0.2105 -0.02288131 -0.04414903
0.211 -0.02345766 -0.04462908
0.2115 -0.02402613 -0.04509478
0.212 -0.02458682 -0.045546506
0.2125 -0.02513985 -0.045984603
0.213 -0.02568532 -0.04640947
0.2135 -0.02622331 -0.046821523
0.214 -0.02675393 -0.04722106
0.2145 -0.02727728 -0.04760848
0.215 -0.02779346 -0.047984127
0.2155 -0.02830255 -0.048348326
0.216 -0.02880465 -0.048701424
0.2165 -0.02929986 -0.049043737
0.217 -0.02978827 -0.049375586
0.2175 -0.03026996 -0.049697272
0.218 -0.03074503 -0.0500091
0.2185 -0.03121357 -0.05031137
0.219 -0.03167566 -0.050604362
0.2195 -0.0321314 -0.050888322
0.22 -0.03258086 -0.05116357
0.2205 -0.03302413 -0.051430337
0.221 -0.0334613 -0.051688883
0.2215 -0.03389244 -0.05193945
0.222 -0.03431764 -0.052182302
0.2225 -0.03473698 -0.05241764
0.223 -0.03515054 -0.052645687
0.2235 -0.03555839 -0.052866694
0.224 -0.03596062 -0.05308084
0.2245 -0.0363573 -0.05328835
0.225 -0.03674851 -0.053489443
0.2255 -0.03713432 -0.053684264
0.226 -0.0375148 -0.053873032
0.2265 -0.03789004 -0.054055944
0.227 -0.03826009 -0.05423315
0.2275 -0.03862503 -0.05440484
0.228 -0.03898494 -0.054571163
0.2285 -0.03933987 -0.054732274
0.229 -0.0396899 -0.054888375
0.2295 -0.0400351 -0.055039585
0.23 -0.04037553 -0.055186052
0.2305 -0.04071125 -0.055327903
0.231 -0.04104234 -0.05546533
0.2315 -0.04136886 -0.055598423
0.232 -0.04169086 -0.055727333
0.2325 -0.04200842 -0.055852167
0.233 -0.04232159 -0.055973083
0.2335 -0.04263043 -0.056090172
0.234 -0.042935 -0.05620354
0.2345 -0.04323537 -0.05631333
0.235 -0.04353159 -0.05641963
0.2355 -0.04382372 -0.056522537
0.236 -0.04411181 -0.05662218
0.2365 -0.04439592 -0.056718677
0.237 -0.04467611 -0.05681208
0.2375 -0.04495243 -0.056902494
0.238 -0.04522493 -0.056990024
0.2385 -0.04549368 -0.057074748
0.239 -0.0457587 -0.057156757
0.2395 -0.04602008 -0.057236128
0.24 -0.04627784 -0.057312947
0.2405 -0.04653204 -0.057387307
0.241 -0.04678274 -0.057459243
0.2415 -0.04702997 -0.057528887
0.242 -0.0472738 -0.057596244
0.2425 -0.04751426 -0.057661455
0.243 -0.0477514 -0.057724535
0.2435 -0.04798527 -0.05778555
0.244 -0.04821592 -0.05784459
0.2445 -0.04844338 -0.05790172
0.245 -0.04866771 -0.05795698
0.2455 -0.04888895 -0.058010444
0.246 -0.04910713 -0.058062136
0.2465 -0.04932231 -0.058112144
0.247 -0.04953453 -0.058160532
0.2475 -0.04974382 -0.058207314
0.248 -0.04995023 -0.058252547
0.2485 -0.05015379 -0.05829631
0.249 -0.05035455 -0.058338623
0.2495 -0.05055255 -0.05837954
0.25 -0.05074783 -0.0584191
0.2505 -0.05094041 -0.058457356
0.251 -0.05113035 -0.058494356
0.2515 -0.05131767 -0.05853012
0.252 -0.05150242 -0.058564674
0.2525 -0.05168462 -0.058598094
0.253 -0.05186432 -0.0586304
0.2535 -0.05204156 -0.058661632
0.254 -0.05221635 -0.058691826
0.2545 -0.05238874 -0.05872102
0.255 -0.05255877 -0.05874921
0.2555 -0.05272646 -0.05877647
0.256 -0.05289185 -0.058802806
0.2565 -0.05305497 -0.058828276
0.257 -0.05321585 -0.05885287
0.2575 -0.05337452 -0.05887663
0.258 -0.05353101 -0.05889961
0.2585 -0.05368536 -0.058921836
0.259 -0.0538376 -0.058943305
0.2595 -0.05398774 -0.058964025
0.26 -0.05413583 -0.05898406
0.2605 -0.05428189 -0.059003398
0.261 -0.05442595 -0.059022095
0.2615 -0.05456803 -0.059040144
0.262 -0.05470818 -0.05905759
0.2625 -0.0548464 -0.059074424
0.263 -0.05498273 -0.059090715
0.2635 -0.05511719 -0.059106432
0.264 -0.05524982 -0.059121624
0.2645 -0.05538063 -0.059136294
0.265 -0.05550966 -0.059150487
0.2655 -0.05563692 -0.05916415
0.266 -0.05576244 -0.0591774
0.2665 -0.05588625 -0.05919014
0.267 -0.05600837 -0.059202474
0.2675 -0.05612882 -0.059214376
0.268 -0.05624763 -0.059225872
0.2685 -0.05636481 -0.059236977
0.269 -0.0564804 -0.059247706
0.2695 -0.05659441 -0.059258033
0.27 -0.05670686 -0.059268046
0.2705 -0.05681779 -0.059277687
0.271 -0.0569272 -0.059287004
0.2715 -0.05703512 -0.059296023
0.272 -0.05714157 -0.059304707
0.2725 -0.05724657 -0.05931309
0.273 -0.05735015 -0.059321184
0.2735 -0.05745231 -0.059329003
0.274 -0.05755308 -0.059336543
0.2745 -0.05765248 -0.059343826
0.275 -0.05775054 -0.05935086
0.2755 -0.05784725 -0.059357673
0.276 -0.05794266 -0.05936421
0.2765 -0.05803677 -0.059370555
0.277 -0.0581296 -0.059376646
0.2775 -0.05822117 -0.05938254
0.278 -0.05831149 -0.05938824
0.2785 -0.05840059 -0.059393737
0.279 -0.05848849 -0.05939906
0.2795 -0.05857519 -0.05940417
0.28 -0.05866071 -0.05940911
0.2805 -0.05874507 -0.059413876
0.281 -0.0588283 -0.05941847
0.2815 -0.05891039 -0.05942291
0.282 -0.05899137 -0.059427183
0.2825 -0.05907126 -0.05943133
0.283 -0.05915006 -0.059435323
0.2835 -0.0592278 -0.059439182
0.284 -0.05930449 -0.059442904
0.2845 -0.05938014 -0.059446488
0.285 -0.05945477 -0.05944995
0.2855 -0.05952838 -0.05945329
0.286 -0.05960101 -0.05945653
0.2865 -0.05967265 -0.059459627
0.287 -0.05974332 -0.059462637
0.2875 -0.05981304 -0.05946555
0.288 -0.05988182 -0.05946834
0.2885 -0.05994967 -0.059471026
0.289 -0.06001661 -0.05947361
0.2895 -0.06008264 -0.059476133
0.29 -0.06014778 -0.05947856
0.2905 -0.06021205 -0.0594809
0.291 -0.06027545 -0.05948319
0.2915 -0.06033799 -0.059485354
0.292 -0.06039969 -0.05948746
0.2925 -0.06046057 -0.05948948
0.293 -0.06052062 -0.059491448
0.2935 -0.06057986 -0.05949333
0.294 -0.06063831 -0.059495162
0.2945 -0.06069597 -0.0594969
0.295 -0.06075285 -0.059498597
0.2955 -0.06080898 -0.05950022
0.296 -0.06086434 -0.059501797
0.2965 -0.06091897 -0.059503328
0.297 -0.06097285 -0.05950479
0.2975 -0.06102602 -0.059506197
0.298 -0.06107847 -0.059507567
0.2985 -0.06113022 -0.059508886
0.299 -0.06118127 -0.059510145
0.2995 -0.06123164 -0.05951137
0.3 -0.06128134 -0.05951256
0.3005 -0.06133036 -0.059513707
0.301 -0.06137874 -0.0595148
0.3015 -0.06142646 -0.059515856
0.302 -0.06147354 -0.059516884
0.3025 -0.06151999 -0.05951789
0.303 -0.06156582 -0.059518836
0.3035 -0.06161104 -0.059519757
0.304 -0.06165566 -0.059520643
0.3045 -0.06169967 -0.059521504
0.305 -0.0617431 -0.059522316
0.3055 -0.06178594 -0.059523117
0.306 -0.06182822 -0.059523895
0.3065 -0.06186993 -0.059524626
0.307 -0.06191108 -0.059525345
0.3075 -0.06195168 -0.05952604
0.308 -0.06199174 -0.059526704
0.3085 -0.06203127 -0.05952735
0.309 -0.06207027 -0.059527963
0.3095 -0.06210874 -0.059528563
0.31 -0.06214671 -0.059529126
0.3105 -0.06218417 -0.059529703
0.311 -0.06222112 -0.059530225
0.3115 -0.06225759 -0.05953074
0.312 -0.06229357 -0.05953126
0.3125 -0.06232907 -0.05953174
0.313 -0.0623641 -0.05953221
0.3135 -0.06239866 -0.059532646
0.314 -0.06243276 -0.059533074
0.3145 -0.06246641 -0.059533488
0.315 -0.06249961 -0.059533887
0.3155 -0.06253237 -0.05953428
0.316 -0.0625647 -0.05953465
0.3165 -0.06259659 -0.059535008
0.317 -0.06262806 -0.059535354
0.3175 -0.06265911 -0.0595357
0.318 -0.06268975 -0.059536047
0.3185 -0.06271998 -0.05953633
0.319 -0.06274981 -0.059536636
0.3195 -0.06277925 -0.059536923
0.32 -0.06280829 -0.05953722
0.3205 -0.06283695 -0.059537478
0.321 -0.06286523 -0.05953773
0.3215 -0.06289313 -0.05953798
0.322 -0.06292067 -0.059538234
0.3225 -0.06294784 -0.059538476
0.323 -0.06297465 -0.059538696
0.3235 -0.0630011 -0.059538912
0.324 -0.0630272 -0.059539128
0.3245 -0.06305296 -0.05953932
0.325 -0.06307838 -0.05953952
0.3255 -0.06310346 -0.059539706
0.326 -0.0631282 -0.059539888
0.3265 -0.06315263 -0.05954005
0.327 -0.06317672 -0.05954023
0.3275 -0.0632005 -0.05954039
0.328 -0.06322397 -0.05954055
0.3285 -0.06324712 -0.059540704
0.329 -0.06326997 -0.059540857
0.3295 -0.06329252 -0.059541002
0.33 -0.06331477 -0.05954113
0.3305 -0.06333672 -0.059541274
0.331 -0.06335839 -0.059541397
0.3315 -0.06337977 -0.05954151
0.332 -0.06340086 -0.059541624
0.3325 -0.06342168 -0.05954176
0.333 -0.06344223 -0.059541844
0.3335 -0.0634625 -0.059541952
0.334 -0.06348251 -0.059542064
0.3345 -0.06350225 -0.059542164
0.335 -0.06352173 -0.059542272
0.3355 -0.06354096 -0.059542365
0.336 -0.06355993 -0.059542455
0.3365 -0.06357865 -0.05954253
0.337 -0.06359713 -0.059542608
0.3375 -0.06361536 -0.059542667
0.338 -0.06363335 -0.059542757
0.3385 -0.06365111 -0.05954283
0.339 -0.06366863 -0.05954289
0.3395 -0.06368592 -0.05954296
0.34 -0.06370299 -0.059543032
0.3405 -0.06371983 -0.0595431
0.341 -0.06373645 -0.05954314
0.3415 -0.06375285 -0.05954321
0.342 -0.06376903 -0.059543267
0.3425 -0.06378501 -0.059543323
0.343 -0.06380077 -0.059543353
0.3435 -0.06381632 -0.059543416
0.344 -0.06383168 -0.059543487
0.3445 -0.06384683 -0.059543505
0.345 -0.06386178 -0.059543557
0.3455 -0.06387653 -0.059543595
0.346 -0.06389109 -0.059543632
0.3465 -0.06390546 -0.059543673
0.347 -0.06391965 -0.059543725
0.3475 -0.06393364 -0.059543774
0.348 -0.06394745 -0.059543803
0.3485 -0.06396109 -0.059543833
0.349 -0.06397454 -0.059543855
0.3495 -0.06398782 -0.059543908
0.35 -0.06400092 -0.059543926
0.3505 -0.06401385 -0.059543967
0.351 -0.06402661 -0.059543997
0.3515 -0.06403921 -0.059544027
0.352 -0.06405164 -0.059544053
0.3525 -0.0640639 -0.05954407
0.353 -0.06407601 -0.0595441
0.3535 -0.06408796 -0.059544116
0.354 -0.06409975 -0.05954415
0.3545 -0.06411139 -0.059544176
0.355 -0.06412288 -0.059544206
0.3555 -0.06413421 -0.059544213
0.356 -0.0641454 -0.05954423
0.3565 -0.06415644 -0.059544254
0.357 -0.06416734 -0.059544284
0.3575 -0.0641781 -0.059544295
0.358 -0.06418871 -0.059544314
0.3585 -0.06419919 -0.059544332
0.359 -0.06420953 -0.059544347
0.3595 -0.06421973 -0.059544355
0.36 -0.0642298 -0.059544373
0.3605 -0.06423974 -0.05954438
0.361 -0.06424955 -0.0595444
0.3615 -0.06425924 -0.059544425
0.362 -0.06426879 -0.059544418
0.3625 -0.06427822 -0.059544433
0.363 -0.06428753 -0.05954446
0.3635 -0.06429672 -0.05954447
0.364 -0.06430579 -0.059544474
0.3645 -0.06431474 -0.05954448
0.365 -0.06432357 -0.059544474
0.3655 -0.06433229 -0.059544496
0.366 -0.06434089 -0.059544504
0.3665 -0.06434939 -0.059544507
0.367 -0.06435777 -0.059544515
0.3675 -0.06436604 -0.059544545
0.368 -0.06437421 -0.059544545
0.3685 -0.06438227 -0.059544556
0.369 -0.06439022 -0.059544574
0.3695 -0.06439807 -0.05954459
0.37 -0.06440582 -0.059544597
0.3705 -0.06441347 -0.05954461
0.371 -0.06442102 -0.059544615
0.3715 -0.06442847 -0.059544615
0.372 -0.06443582 -0.059544638
0.3725 -0.06444308 -0.05954463
0.373 -0.06445025 -0.059544627
0.3735 -0.06445732 -0.05954463
0.374 -0.0644643 -0.05954463
0.3745 -0.06447118 -0.059544638
0.375 -0.06447798 -0.059544653
0.3755 -0.06448469 -0.05954464
0.376 -0.06449132 -0.059544653
0.3765 -0.06449786 -0.059544653
0.377 -0.06450431 -0.05954464
0.3775 -0.06451068 -0.05954465
0.378 -0.06451697 -0.05954465
0.3785 -0.06452317 -0.059544653
0.379 -0.0645293 -0.05954467
0.3795 -0.06453534 -0.05954469
0.38 -0.06454131 -0.05954469
0.3805 -0.0645472 -0.05954469
0.381 -0.06455301 -0.059544683
0.3815 -0.06455875 -0.05954469
0.382 -0.06456441 -0.05954469
0.3825 -0.06457 -0.05954469
0.383 -0.06457552 -0.05954469
0.3835 -0.06458097 -0.059544705
0.384 -0.06458634 -0.059544705
0.3845 -0.06459165 -0.059544712
0.385 -0.06459689 -0.059544723
0.3855 -0.06460206 -0.059544723
0.386 -0.06460716 -0.05954473
0.3865 -0.0646122 -0.05954474
0.387 -0.06461717 -0.05954474
0.3875 -0.06462208 -0.059544746
0.388 -0.06462692 -0.05954474
0.3885 -0.06463171 -0.059544753
0.389 -0.06463643 -0.059544753
0.3895 -0.06464109 -0.05954476
0.39 -0.06464568 -0.059544783
0.3905 -0.06465022 -0.059544794
0.391 -0.0646547 -0.05954479
0.3915 -0.06465913 -0.059544787
0.392 -0.06466349 -0.059544787
0.3925 -0.0646678 -0.059544787
0.393 -0.06467206 -0.059544787
0.3935 -0.06467625 -0.059544787
0.394 -0.0646804 -0.059544787
0.3945 -0.06468449 -0.059544787
0.395 -0.06468853 -0.059544787
0.3955 -0.06469252 -0.059544787
0.396 -0.06469645 -0.059544787
0.3965 -0.06470033 -0.059544787
0.397 -0.06470417 -0.059544787
0.3975 -0.06470795 -0.059544787
0.398 -0.06471169 -0.059544787
0.3985 -0.06471538 -0.059544787
0.399 -0.06471902 -0.059544787
0.3995 -0.06472261 -0.059544787
0.4 -0.06472616 -0.059544787
0.4005 -0.06472966 -0.059544787
0.401 -0.06473311 -0.059544787
0.4015 -0.06473652 -0.059544787
0.402 -0.06473989 -0.059544787
0.4025 -0.06474322 -0.059544787
0.403 -0.0647465 -0.059544787
0.4035 -0.06474974 -0.059544787
0.404 -0.06475293 -0.059544787
0.4045 -0.06475609 -0.059544787
0.405 -0.06475921 -0.059544787
0.4055 -0.06476228 -0.059544787
0.406 -0.06476532 -0.059544787
0.4065 -0.06476832 -0.059544787
0.407 -0.06477127 -0.059544787
0.4075 -0.06477419 -0.059544787
0.408 -0.06477708 -0.059544787
0.4085 -0.06477992 -0.059544787
0.409 -0.06478273 -0.059544787
0.4095 -0.0647855 -0.059544787
0.41 -0.06478824 -0.059544787
0.4105 -0.06479094 -0.059544787
0.411 -0.06479361 -0.059544787
0.4115 -0.06479625 -0.059544787
0.412 -0.06479884 -0.059544787
0.4125 -0.06480141 -0.059544787
0.413 -0.06480394 -0.059544787
0.4135 -0.06480644 -0.059544787
0.414 -0.06480891 -0.059544787
0.4145 -0.06481135 -0.059544787
0.415 -0.06481375 -0.059544787
0.4155 -0.06481613 -0.059544787
0.416 -0.06481847 -0.059544787
0.4165 -0.06482079 -0.059544787
0.417 -0.06482307 -0.059544787
0.4175 -0.06482533 -0.059544787
0.418 -0.06482755 -0.059544787
0.4185 -0.06482975 -0.059544787
0.419 -0.06483192 -0.059544787
0.4195 -0.06483406 -0.059544787
0.42 -0.06483617 -0.059544787
0.4205 -0.06483826 -0.059544787
0.421 -0.06484032 -0.059544787
0.4215 -0.06484236 -0.059544787
0.422 -0.06484436 -0.059544787
0.4225 -0.06484635 -0.059544787
0.423 -0.0648483 -0.059544787
0.4235 -0.06485023 -0.059544787
0.424 -0.06485214 -0.059544787
0.4245 -0.06485402 -0.059544787
0.425 -0.06485588 -0.059544787
0.4255 -0.06485771 -0.059544787
0.426 -0.06485953 -0.059544787
0.4265 -0.06486131 -0.059544787
0.427 -0.06486308 -0.059544787
0.4275 -0.06486482 -0.059544787
0.428 -0.06486654 -0.059544787
0.4285 -0.06486824 -0.059544787
0.429 -0.06486991 -0.059544787
0.4295 -0.06487157 -0.059544787
0.43 -0.0648732 -0.059544787
0.4305 -0.06487481 -0.059544787
0.431 -0.06487641 -0.059544787
0.4315 -0.06487798 -0.059544787
0.432 -0.06487953 -0.059544787
0.4325 -0.06488106 -0.059544787
0.433 -0.06488257 -0.059544787
0.4335 -0.06488407 -0.059544787
0.434 -0.06488554 -0.059544787
0.4345 -0.06488699 -0.059544787
0.435 -0.06488843 -0.059544787
0.4355 -0.06488985 -0.059544787
0.436 -0.06489125 -0.059544787
0.4365 -0.06489263 -0.059544787
0.437 -0.06489399 -0.059544787
0.4375 -0.06489534 -0.059544787
0.438 -0.06489667 -0.059544787
0.4385 -0.06489798 -0.059544787
0.439 -0.06489928 -0.059544787
0.4395 -0.06490056 -0.059544787
0.44 -0.06490182 -0.059544787
0.4405 -0.06490307 -0.059544787
0.441 -0.0649043 -0.059544787
0.4415 -0.06490551 -0.059544787
0.442 -0.06490671 -0.059544787
0.4425 -0.0649079 -0.059544787
0.443 -0.06490907 -0.059544787
0.4435 -0.06491022 -0.059544787
0.444 -0.06491136 -0.059544787
0.4445 -0.06491249 -0.059544787
0.445 -0.0649136 -0.059544787
0.4455 -0.06491469 -0.059544787
0.446 -0.06491578 -0.059544787
0.4465 -0.06491684 -0.059544787
0.447 -0.0649179 -0.059544787
0.4475 -0.06491894 -0.059544787
0.448 -0.06491997 -0.059544787
0.4485 -0.06492098 -0.059544787
0.449 -0.06492199 -0.059544787
0.4495 -0.06492298 -0.059544787
0.45 -0.06492395 -0.059544787
0.4505 -0.06492492 -0.059544787
0.451 -0.06492587 -0.059544787
0.4515 -0.06492681 -0.059544787
0.452 -0.06492774 -0.059544787
0.4525 -0.06492865 -0.059544787
0.453 -0.06492956 -0.059544787
0.4535 -0.06493045 -0.059544787
0.454 -0.06493133 -0.059544787
0.4545 -0.0649322 -0.059544787
0.455 -0.06493306 -0.059544787
0.4555 -0.06493391 -0.059544787
0.456 -0.06493475 -0.059544787
0.4565 -0.06493558 -0.059544787
0.457 -0.06493639 -0.059544787
0.4575 -0.0649372 -0.059544787
0.458 -0.06493799 -0.059544787
0.4585 -0.06493878 -0.059544787
0.459 -0.06493955 -0.059544787
0.4595 -0.06494032 -0.059544787
0.46 -0.06494108 -0.059544787
0.4605 -0.06494182 -0.059544787
0.461 -0.06494256 -0.059544787
0.4615 -0.06494329 -0.059544787
0.462 -0.064944 -0.059544787
0.4625 -0.06494471 -0.059544787
0.463 -0.06494541 -0.059544787
0.4635 -0.0649461 -0.059544787
0.464 -0.06494679 -0.059544787
0.4645 -0.06494746 -0.059544787
0.465 -0.06494813 -0.059544787
0.4655 -0.06494878 -0.059544787
0.466 -0.06494943 -0.059544787
0.4665 -0.06495007 -0.059544787
0.467 -0.0649507 -0.059544787
0.4675 -0.06495133 -0.059544787
0.468 -0.06495194 -0.059544787
0.4685 -0.06495255 -0.059544787
0.469 -0.06495315 -0.059544787
0.4695 -0.06495374 -0.059544787
0.47 -0.06495433 -0.059544787
0.4705 -0.06495491 -0.059544787
0.471 -0.06495548 -0.059544787
0.4715 -0.06495604 -0.059544787
0.472 -0.0649566 -0.059544787
0.4725 -0.06495714 -0.059544787
0.473 -0.06495769 -0.059544787
0.4735 -0.06495822 -0.059544787
0.474 -0.06495875 -0.059544787
0.4745 -0.06495927 -0.059544787
0.475 -0.06495979 -0.059544787
0.4755 -0.0649603 -0.059544787
0.476 -0.0649608 -0.059544787
0.4765 -0.06496129 -0.059544787
0.477 -0.06496178 -0.059544787
0.4775 -0.06496227 -0.059544787
0.478 -0.06496274 -0.059544787
0.4785 -0.06496321 -0.059544787
0.479 -0.06496368 -0.059544787
0.4795 -0.06496414 -0.059544787
0.48 -0.06496459 -0.059544787
0.4805 -0.06496504 -0.059544787
0.481 -0.06496548 -0.059544787
0.4815 -0.06496592 -0.059544787
0.482 -0.06496635 -0.059544787
0.4825 -0.06496677 -0.059544787
0.483 -0.06496719 -0.059544787
0.4835 -0.06496761 -0.059544787
0.484 -0.06496801 -0.059544787
0.4845 -0.06496842 -0.059544787
0.485 -0.06496882 -0.059544787
0.4855 -0.06496921 -0.059544787
0.486 -0.0649696 -0.059544787
0.4865 -0.06496998 -0.059544787
0.487 -0.06497036 -0.059544787
0.4875 -0.06497074 -0.059544787
0.488 -0.06497111 -0.059544787
0.4885 -0.06497147 -0.059544787
0.489 -0.06497183 -0.059544787
0.4895 -0.06497219 -0.059544787
0.49 -0.06497254 -0.059544787
0.4905 -0.06497289 -0.059544787
0.491 -0.06497323 -0.059544787
0.4915 -0.06497357 -0.059544787
0.492 -0.0649739 -0.059544787
0.4925 -0.06497423 -0.059544787
0.493 -0.06497455 -0.059544787
0.4935 -0.06497488 -0.059544787
0.494 -0.06497519 -0.059544787
0.4945 -0.06497551 -0.059544787
0.495 -0.06497581 -0.059544787
0.4955 -0.06497612 -0.059544787
0.496 -0.06497642 -0.059544787
0.4965 -0.06497672 -0.059544787
0.497 -0.06497701 -0.059544787
0.4975 -0.0649773 -0.059544787
0.498 -0.06497759 -0.059544787
0.4985 -0.06497787 -0.059544787
0.499 -0.06497815 -0.059544787
0.4995 -0.06497843 -0.059544787
