0.0 -0.065 -0.102606714
0.0005 -0.06342581 -0.121325046
0.001 -0.06022075 -0.12564966
0.0015 -0.05740796 -0.12451199
0.002 -0.05519259 -0.120979324
0.0025 -0.05335007 -0.11644855
0.003 -0.05169257 -0.11163369
0.0035 -0.05011917 -0.106903434
0.004 -0.0485834 -0.1024328
0.0045 -0.04706444 -0.098284885
0.005 -0.04554802 -0.09446041
0.0055 -0.04402365 -0.09092809
0.006 -0.04249365 -0.08764288
0.0065 -0.04096232 -0.084557146
0.007 -0.03942685 -0.081626624
0.0075 -0.03788524 -0.07881293
0.008 -0.03634033 -0.076085
0.0085 -0.03479252 -0.07341862
0.009 -0.0332438 -0.070795685
0.0095 -0.03169451 -0.068203405
0.01 -0.03014281 -0.065633535
0.0105 -0.02858847 -0.06308088
0.011 -0.02703256 -0.060542833
0.0115 -0.02547658 -0.05801904
0.012 -0.02392193 -0.055510174
0.0125 -0.02236956 -0.053017925
0.013 -0.02082009 -0.05054469
0.0135 -0.01927438 -0.04809287
0.014 -0.01773354 -0.045665335
0.0145 -0.01619854 -0.043264728
0.015 -0.01467 -0.040893685
0.0155 -0.01314847 -0.03855456
0.016 -0.01163445 -0.03624971
0.0165 -0.01012838 -0.033980947
0.017 -0.008630542 -0.03175005
0.0175 -0.007141266 -0.029558491
0.018 -0.005660823 -0.027407598
0.0185 -0.004189535 -0.025298323
0.019 -0.00272777 -0.023231443
0.0195 -0.001275639 -0.021207657
0.02 0.0001647901 -0.019227337
0.0205 0.001574207 -0.017290827
0.021 0.002963109 -0.015398111
0.0215 0.0043461 -0.01354919
0.022 0.005727407 -0.011744063
0.0225 0.00710621 -0.009982418
0.023 0.008480142 -0.008263927
0.0235 0.009838314 -0.006588187
0.024 0.01118155 -0.004954662
0.0245 0.01251796 -0.0033628307
0.025 0.01384836 -0.0018122159
0.0255 0.0151713 -0.0003020428
0.026 0.01648517 0.001168374
0.0265 0.01778871 0.0025996603
0.027 0.01908107 0.0039925016
0.0275 0.02036171 0.005347792
0.028 0.02163032 0.0066661723
0.0285 0.02288677 0.007948566
0.029 0.02413106 0.009195495
0.0295 0.02536308 0.010407958
0.03 0.02658274 0.0115867
0.0305 0.02778977 0.01273248
0.031 0.02898428 0.013846103
0.0315 0.03016652 0.0149282105
0.032 0.03133656 0.015979845
0.0325 0.03249445 0.017001498
0.033 0.0336402 0.01799417
0.0335 0.03477382 0.018958513
0.034 0.03589534 0.0198952
0.0345 0.03700478 0.02080505
0.035 0.03810219 0.021688674
0.0355 0.03918447 0.022546891
0.036 0.04024589 0.023380253
0.0365 0.04129272 0.024189431
0.037 0.04233032 0.024975244
0.0375 0.04335841 0.025738213
0.038 0.04436946 0.02647895
0.0385 0.04536578 0.02719814
0.039 0.0463532 0.027896438
0.0395 0.04733392 0.028574366
0.04 0.04830762 0.029232536
0.0405 0.04927317 0.029871289
0.041 0.05022947 0.03049149
0.0415 0.05117557 0.031093422
0.042 0.05211077 0.031677727
0.0425 0.05303485 0.032244865
0.043 0.0539441 0.032795403
0.0435 0.05482428 0.03332973
0.044 0.0556934 0.03384832
0.0445 0.0565504 0.03435168
0.045 0.05738629 0.03484017
0.0455 0.05821892 0.035314325
0.046 0.05905313 0.035774592
0.0465 0.05988695 0.03622115
0.047 0.06071701 0.036654595
0.0475 0.0615404 0.03707524
0.048 0.06235517 0.037483443
0.0485 0.06316023 0.03787962
0.049 0.06395501 0.038264144
0.0495 0.0647393 0.038637344
0.05 0.06551308 0.038999427
0.0505 0.06627644 0.039350916
0.051 0.06702952 0.03969181
0.0515 0.0677725 0.04002281
0.052 0.06850558 0.04034402
0.0525 0.06922892 0.04065563
0.053 0.0699427 0.040958125
0.0535 0.07064689 0.041251633
0.054 0.07134146 0.041536484
0.0545 0.07202304 0.041812915
0.055 0.07269204 0.04208106
0.0555 0.07335297 0.042341415
0.056 0.07400757 0.04259396
0.0565 0.07465581 0.042839143
0.057 0.07529714 0.043076966
0.0575 0.07593105 0.04330783
0.058 0.07655718 0.04353187
0.0585 0.07717533 0.043749217
0.059 0.07778544 0.043960217
0.0595 0.07838751 0.0441649
0.06 0.07898157 0.044363517
0.0605 0.07956769 0.04455637
0.061 0.08014601 0.044743333
0.0615 0.08071667 0.0449248
0.062 0.08127976 0.04510093
0.0625 0.08183157 0.045271892
0.063 0.08236507 0.045437727
0.0635 0.08288828 0.04559869
0.064 0.08340711 0.045754913
0.0645 0.08392029 0.04590643
0.065 0.08442518 0.046053413
0.0655 0.08492405 0.04619612
0.066 0.08541888 0.046334628
0.0665 0.08590948 0.04646902
0.067 0.08639061 0.04659951
0.0675 0.08686501 0.04672608
0.068 0.08733632 0.046848867
0.0685 0.08780501 0.046968136
0.069 0.08827024 0.04708371
0.0695 0.08873104 0.04719599
0.07 0.08918664 0.047304858
0.0705 0.08963459 0.04741055
0.071 0.09007099 0.04751304
0.0715 0.09049886 0.047612567
0.072 0.09091695 0.047709096
0.0725 0.09132844 0.04780281
0.073 0.09173761 0.047893707
0.0735 0.09214527 0.04798198
0.074 0.09255058 0.048067633
0.0745 0.09295057 0.048150767
0.075 0.09334472 0.048231352
0.0755 0.09373377 0.048309613
0.076 0.09410986 0.04838552
0.0765 0.09447313 0.048459206
0.077 0.09483215 0.0485307
0.0775 0.09519095 0.04860008
0.078 0.0955498 0.048667435
0.0785 0.09590758 0.04873279
0.079 0.09626304 0.04879618
0.0795 0.09661517 0.048857693
0.08 0.09696332 0.0489174
0.0805 0.09730708 0.048975322
0.081 0.09764627 0.04903159
0.0815 0.0979808 0.049086023
0.082 0.09831068 0.049138997
0.0825 0.09863593 0.049190316
0.083 0.09895662 0.04924022
0.0835 0.09926918 0.049288575
0.084 0.09956635 0.049335513
0.0845 0.09985593 0.04938096
0.085 0.1001446 0.049425174
0.0855 0.1004341 0.04946809
0.086 0.1007238 0.049509678
0.0865 0.1010114 0.049550075
0.087 0.1012927 0.049589235
0.0875 0.1015703 0.049627353
0.088 0.1018456 0.049664307
0.0885 0.1021184 0.049700115
0.089 0.1023887 0.049734805
0.0895 0.102656 0.04976857
0.09 0.1029202 0.04980125
0.0905 0.1031812 0.049833003
0.091 0.1034387 0.049863804
0.0915 0.1036927 0.04989371
0.092 0.1039429 0.04992268
0.0925 0.1041895 0.04995087
0.093 0.1044326 0.049978126
0.0935 0.1046725 0.05000459
0.094 0.1049091 0.050030295
0.0945 0.1051426 0.0500553
0.095 0.105373 0.050079543
0.0955 0.1056003 0.050103042
0.096 0.1058245 0.05012587
0.0965 0.1060457 0.050147984
0.097 0.1062639 0.0501695
0.0975 0.1064792 0.05019029
0.098 0.1066916 0.05021048
0.0985 0.1069011 0.050230164
0.099 0.1071078 0.050249163
0.0995 0.1073117 0.0502677
0.1 0.1075129 0.06866397
0.1005 0.1061805 0.07330458
0.101 0.1033044 0.07214239
0.1015 0.1008671 0.06860395
0.102 0.09905337 0.064303696
0.1025 0.09763099 0.060024906
0.103 0.09641053 0.056137744
0.1035 0.09528746 0.052797828
0.104 0.09421108 0.050047744
0.1045 0.09315822 0.047870655
0.105 0.09211871 0.046220105
0.1055 0.09108833 0.04503702
0.106 0.09006558 0.044258777
0.1065 0.08905018 0.043824244
0.107 0.0880424 0.043676626
0.1075 0.08704278 0.04376455
0.108 0.08605193 0.044042494
0.1085 0.0850705 0.044470657
0.109 0.08409908 0.045014676
0.1095 0.08313832 0.04564525
0.11 0.08218889 0.046337444
0.1105 0.08125137 0.047070388
0.111 0.08032632 0.047826592
0.1115 0.07941425 0.048591677
0.112 0.07851564 0.049353782
0.1125 0.07763094 0.050103415
0.113 0.07676054 0.0508329
0.1135 0.07590484 0.051536325
0.114 0.07506419 0.052209143
0.1145 0.07423892 0.05284797
0.115 0.07342933 0.053450365
0.1155 0.0726357 0.054014865
0.116 0.07185828 0.05454052
0.1165 0.0710973 0.05502725
0.117 0.07035298 0.05547512
0.1175 0.06962551 0.055884827
0.118 0.06891506 0.056257237
0.1185 0.06822178 0.05659345
0.119 0.06754582 0.05689499
0.1195 0.06688728 0.057163287
0.12 0.06624627 0.057399992
0.1205 0.06562288 0.057606775
0.121 0.06501719 0.05778538
0.1215 0.06442924 0.0579377
0.122 0.06385909 0.05806536
0.1225 0.06330677 0.058170293
0.123 0.06277231 0.05825423
0.1235 0.0622557 0.058318827
0.124 0.06175696 0.058365915
0.1245 0.06127606 0.058396984
0.125 0.060813 0.058413733
0.1255 0.06036773 0.05841771
0.126 0.05994021 0.058410365
0.1265 0.05953041 0.058392975
0.127 0.05913826 0.058367092
0.1275 0.05876371 0.058333937
0.128 0.05840668 0.058294702
0.1285 0.05806709 0.058250625
0.129 0.05774486 0.058202717
0.1295 0.05743991 0.058152083
0.13 0.05715214 0.058099616
0.1305 0.05688146 0.058046374
0.131 0.05662774 0.057993162
0.1315 0.0563909 0.0579408
0.132 0.0561708 0.057889972
0.1325 0.05596735 0.0578415
0.133 0.05578041 0.05779593
0.1335 0.05560987 0.05775391
0.134 0.05545559 0.057716016
0.1345 0.05531743 0.05768277
0.135 0.05519528 0.057654787
0.1355 0.05508898 0.057632256
0.136 0.0549984 0.057615776
0.1365 0.0549234 0.057605613
0.137 0.05486384 0.057602156
0.1375 0.05481958 0.057605658
0.138 0.05479047 0.057616446
0.1385 0.05477638 0.05763464
0.139 0.05477715 0.057660628
0.1395 0.05479263 0.05769453
0.14 0.05482268 0.057736445
0.1405 0.05486714 0.057786588
0.141 0.05492587 0.05784506
0.1415 0.05499871 0.057911906
0.142 0.05508551 0.057987276
0.1425 0.05518612 0.058071245
0.143 0.05530038 0.058163825
0.1435 0.05542814 0.058265034
0.144 0.05556925 0.058374826
0.1445 0.05572356 0.058493365
0.145 0.0558909 0.058620516
0.1455 0.05607114 0.05875628
0.146 0.05626411 0.058900643
0.1465 0.05646967 0.059053574
0.147 0.05668767 0.059214924
0.1475 0.05691795 0.059384633
0.148 0.05716036 0.0595627
0.1485 0.05741475 0.0597491
0.149 0.05768098 0.059943575
0.1495 0.0579589 0.060146216
0.15 0.05824836 0.060356755
0.1505 0.05854921 0.060575116
0.151 0.05886131 0.06080136
0.1515 0.05918452 0.061035205
0.152 0.05951868 0.061276484
0.1525 0.05986366 0.06152514
0.153 0.06021932 0.061781142
0.1535 0.06058552 0.062044237
0.154 0.06096211 0.06231429
0.1545 0.06134896 0.06259121
0.155 0.06174594 0.06287487
0.1555 0.06215289 0.06316517
0.156 0.06256971 0.06346184
0.1565 0.06299623 0.06376481
0.157 0.06343235 0.06407395
0.1575 0.06387792 0.06438905
0.158 0.06433282 0.06471005
0.1585 0.06479691 0.065036744
0.159 0.06527007 0.06536913
0.1595 0.06575218 0.06570685
0.16 0.06624309 0.06604986
0.1605 0.0667427 0.066397965
0.161 0.06725087 0.06675111
0.1615 0.0677675 0.06710909
0.162 0.06829247 0.06747189
0.1625 0.06882565 0.06783913
0.163 0.06936694 0.068210825
0.1635 0.06991621 0.06858675
0.164 0.07047336 0.06896685
0.1645 0.07103827 0.06935099
0.165 0.07161074 0.069738925
0.1655 0.07219038 0.07013057
0.166 0.07277709 0.070525795
0.1665 0.07337096 0.070924565
0.167 0.07397204 0.07132663
0.1675 0.0745803 0.07173185
0.168 0.07519566 0.07214014
0.1685 0.07581804 0.07255131
0.169 0.07644733 0.07296534
0.1695 0.07708272 0.073381975
0.17 0.07772272 0.073801145
0.1705 0.07836901 0.0742228
0.171 0.07902225 0.07464674
0.1715 0.07968251 0.0750729
0.172 0.08034962 0.07550113
0.1725 0.08102337 0.07593134
0.173 0.08170362 0.07636334
0.1735 0.08239016 0.07679707
0.174 0.0830828 0.07723242
0.1745 0.08378135 0.07766929
0.175 0.08448567 0.078107566
0.1755 0.08519562 0.07854706
0.176 0.08591111 0.07898784
0.1765 0.08663202 0.0794296
0.177 0.08735807 0.079872444
0.1775 0.08808903 0.08031617
0.178 0.08882453 0.08076066
0.1785 0.08956466 0.081205785
0.179 0.09030978 0.08165152
0.1795 0.09106003 0.08209784
0.18 0.0918154 0.082544565
0.1805 0.0925758 0.08299157
0.181 0.09334111 0.0834389
0.1815 0.09411124 0.083886325
0.182 0.09488609 0.08433384
0.1825 0.09566558 0.08478132
0.183 0.09644961 0.08522877
0.1835 0.09723812 0.085676
0.184 0.09803102 0.08612296
0.1845 0.09882824 0.08656967
0.185 0.09962972 0.08701585
0.1855 0.1004354 0.08746171
0.186 0.1012451 0.08790702
0.1865 0.102059 0.08835159
0.187 0.1028766 0.0887956
0.1875 0.103697 0.08923879
0.188 0.1045199 0.08968125
0.1885 0.1053458 0.09012273
0.189 0.1061752 0.09056327
0.1895 0.1070087 0.09100294
0.19 0.1078464 0.09144148
0.1905 0.1086884 0.091878936
0.191 0.1095345 0.09231508
0.1915 0.1103846 0.09275004
0.192 0.1112373 0.093183786
0.1925 0.1120783 0.09361613
0.193 0.1129144 0.094047114
0.1935 0.1137586 0.094476596
0.194 0.1146141 0.09490457
0.1945 0.1154799 0.09533106
0.195 0.1163534 0.095755905
0.1955 0.1172327 0.09617908
0.196 0.1181162 0.09660059
0.1965 0.1190031 0.0970204
0.197 0.1198929 0.097438455
0.1975 0.1207851 0.097854555
0.198 0.1216751 0.098268956
0.1985 0.1225485 0.098681286
0.199 0.12342 0.0990918
0.1995 0.1243009 0.09950036
0.2 0.1251934 0.09540838
0.2005 0.1147057 0.09172934
0.201 0.1034526 0.08831979
0.2015 0.09665293 0.08507298
0.202 0.09251841 0.0819139
0.2025 0.08963795 0.0787947
0.203 0.08731867 0.075690106
0.2035 0.08525466 0.072593495
0.204 0.08331419 0.069512546
0.2045 0.08144022 0.06646547
0.205 0.0796075 0.0634775
0.2055 0.07780444 0.060577918
0.206 0.07602552 0.05779675
0.2065 0.07426794 0.055163193
0.207 0.07253024 0.05270334
0.2075 0.07081158 0.0504389
0.208 0.06911143 0.048386607
0.2085 0.06742948 0.0465574
0.209 0.0657655 0.044956837
0.2095 0.0641193 0.043584753
0.21 0.06249077 0.04243632
0.2105 0.06087977 0.04150218
0.211 0.0592862 0.04076946
0.2115 0.05770996 0.040222336
0.212 0.05615096 0.039843146
0.2125 0.05460909 0.03961246
0.213 0.05308428 0.039510373
0.2135 0.05157641 0.03951666
0.214 0.05008539 0.039611343
0.2145 0.04861113 0.03977518
0.215 0.04715353 0.039989684
0.2155 0.04571248 0.040237743
0.216 0.04428787 0.040503476
0.2165 0.04287961 0.040772427
0.217 0.04148758 0.041031513
0.2175 0.04011167 0.0412693
0.218 0.03875178 0.041475613
0.2185 0.03740777 0.04164179
0.219 0.03607955 0.041760404
0.2195 0.03476699 0.041825328
0.22 0.03346996 0.041831437
0.2205 0.03218836 0.041774917
0.221 0.03092205 0.04165263
0.2215 0.02967091 0.041462485
0.222 0.02843482 0.041203145
0.2225 0.02721364 0.040873963
0.223 0.02600726 0.04047479
0.2235 0.02481553 0.04000621
0.224 0.02363834 0.039469037
0.2245 0.02247555 0.038864765
0.225 0.02132703 0.038194988
0.2255 0.02019265 0.03746179
0.226 0.01907227 0.036667306
0.2265 0.01796576 0.035814036
0.227 0.01687299 0.034904566
0.2275 0.01579383 0.03394154
0.228 0.01472814 0.032927874
0.2285 0.01367578 0.031866442
0.229 0.01263663 0.030760203
0.2295 0.01161055 0.029612083
0.23 0.0105974 0.028425042
0.2305 0.009597052 0.02720214
0.231 0.008609371 0.025946248
0.2315 0.007634224 0.024660308
0.232 0.006671477 0.023347203
0.2325 0.005720997 0.022009786
0.233 0.004782651 0.020650763
0.2335 0.003856309 0.01927289
0.234 0.002941837 0.017878745
0.2345 0.002039106 0.016470943
0.235 0.001147983 0.01505186
0.2355 0.0002683401 0.013623979
0.236 -0.0005999528 0.012189571
0.2365 -0.001457024 0.010750774
0.237 -0.002303002 0.009309765
0.2375 -0.003138014 0.007868554
0.238 -0.003962186 0.00642908
0.2385 -0.004775644 0.0049931817
0.239 -0.005578513 0.0035625808
0.2395 -0.006370916 0.002138991
0.24 -0.007152977 0.0007239096
0.2405 -0.007924819 -0.00068118796
0.241 -0.008686563 -0.0020748787
0.2415 -0.009438328 -0.0034559183
0.242 -0.01018024 -0.0048230626
0.2425 -0.0109124 -0.0061752163
0.243 -0.01163495 -0.0075113364
0.2435 -0.01234799 -0.008830506
0.244 -0.01305164 -0.01013181
0.2445 -0.01374602 -0.011414479
0.245 -0.01443123 -0.012677807
0.2455 -0.0151074 -0.013921153
0.246 -0.01577463 -0.015143894
0.2465 -0.01643303 -0.01634558
0.247 -0.01708272 -0.017525781
0.2475 -0.0177238 -0.018684056
0.248 -0.01835638 -0.01982015
0.2485 -0.01898056 -0.020933788
0.249 -0.01959646 -0.022024747
0.2495 -0.02020418 -0.023092914
0.25 -0.02080381 -0.02413816
0.2505 -0.02139546 -0.02516045
0.251 -0.02197924 -0.026159775
0.2515 -0.02255524 -0.027136177
0.252 -0.02312356 -0.028089706
0.2525 -0.02368431 -0.029020462
0.253 -0.02423757 -0.029928636
0.2535 -0.02478344 -0.030814357
0.254 -0.02532203 -0.03167783
0.2545 -0.02585341 -0.032519277
0.255 -0.02637769 -0.033338998
0.2555 -0.02689496 -0.034137238
0.256 -0.02740531 -0.03491431
0.2565 -0.02790882 -0.035670474
0.257 -0.02840559 -0.03640611
0.2575 -0.02889571 -0.037121553
0.258 -0.02937925 -0.03781714
0.2585 -0.02985632 -0.03849323
0.259 -0.03032698 -0.03915023
0.2595 -0.03079133 -0.03978849
0.26 -0.03124945 -0.040408414
0.2605 -0.03170142 -0.04101042
0.261 -0.03214732 -0.04159484
0.2615 -0.03258723 -0.04216214
0.262 -0.03302123 -0.042712692
0.2625 -0.0334494 -0.043246888
0.263 -0.03387181 -0.04376512
0.2635 -0.03428854 -0.044267803
0.264 -0.03469967 -0.04475532
0.2645 -0.03510527 -0.04522806
0.265 -0.03550542 -0.045686416
0.2655 -0.03590018 -0.046130784
0.266 -0.03628963 -0.046561506
0.2665 -0.03667383 -0.046978977
0.267 -0.03705287 -0.047383577
0.2675 -0.0374268 -0.047775637
0.268 -0.03779569 -0.04815556
0.2685 -0.03815962 -0.0485236
0.269 -0.03851865 -0.048880186
0.2695 -0.03887284 -0.04922562
0.27 -0.03922226 -0.049560208
0.2705 -0.03956697 -0.049884304
0.271 -0.03990704 -0.05019818
0.2715 -0.04024253 -0.05050217
0.272 -0.04057349 -0.050796576
0.2725 -0.0409 -0.051081657
0.273 -0.04122211 -0.051357727
0.2735 -0.04153987 -0.051625032
0.274 -0.04185335 -0.051883858
0.2745 -0.04216261 -0.052134447
0.275 -0.0424677 -0.05237706
0.2755 -0.04276868 -0.05261194
0.276 -0.0430656 -0.052839316
0.2765 -0.04335852 -0.05305944
0.277 -0.04364749 -0.05327251
0.2775 -0.04393256 -0.05347878
0.278 -0.0442138 -0.05367844
0.2785 -0.04449124 -0.053871684
0.279 -0.04476494 -0.05405874
0.2795 -0.04503496 -0.054239776
0.28 -0.04530133 -0.054414988
0.2805 -0.04556412 -0.054584578
0.281 -0.04582336 -0.054748703
0.2815 -0.04607911 -0.054907545
0.282 -0.04633142 -0.055061232
0.2825 -0.04658032 -0.055209983
0.283 -0.04682587 -0.0553539
0.2835 -0.04706812 -0.055493165
0.284 -0.0473071 -0.055627912
0.2845 -0.04754286 -0.055758312
0.285 -0.04777544 -0.05588449
0.2855 -0.0480049 -0.056006543
0.286 -0.04823126 -0.05612465
0.2865 -0.04845457 -0.0562389
0.287 -0.04867488 -0.05634944
0.2875 -0.04889222 -0.056456372
0.288 -0.04910664 -0.056559812
0.2885 -0.04931816 -0.056659874
0.289 -0.04952685 -0.056756664
0.2895 -0.04973272 -0.056850288
0.29 -0.04993582 -0.05694086
0.2905 -0.05013619 -0.05702845
0.291 -0.05033386 -0.05711317
0.2915 -0.05052888 -0.057195093
0.292 -0.05072127 -0.057274334
0.2925 -0.05091107 -0.05735098
0.293 -0.05109832 -0.05742509
0.2935 -0.05128305 -0.05749675
0.294 -0.0514653 -0.057566043
0.2945 -0.0516451 -0.057633057
0.295 -0.05182248 -0.057697847
0.2955 -0.05199748 -0.057760496
0.296 -0.05217013 -0.05782107
0.2965 -0.05234045 -0.05787962
0.297 -0.05250849 -0.057936236
0.2975 -0.05267427 -0.057990965
0.298 -0.05283783 -0.058043882
0.2985 -0.05299918 -0.058095034
0.299 -0.05315837 -0.058144458
0.2995 -0.05331543 -0.058192264
0.3 -0.05347037 -0.05823846
0.3005 -0.05362324 -0.058283094
0.301 -0.05377406 -0.058326233
0.3015 -0.05392285 -0.05836796
0.302 -0.05406964 -0.058408238
0.3025 -0.05421447 -0.0584472
0.303 -0.05435735 -0.058484856
0.3035 -0.05449832 -0.058521226
0.304 -0.0546374 -0.058556385
0.3045 -0.05477461 -0.058590356
0.305 -0.05490999 -0.058623187
0.3055 -0.05504355 -0.058654897
0.306 -0.05517532 -0.058685552
0.3065 -0.05530533 -0.058715146
0.307 -0.05543359 -0.058743756
0.3075 -0.05556014 -0.058771376
0.308 -0.05568499 -0.05879809
0.3085 -0.05580817 -0.05882388
0.309 -0.0559297 -0.058848772
0.3095 -0.05604961 -0.05887285
0.31 -0.05616791 -0.0588961
0.3105 -0.05628462 -0.058918558
0.311 -0.05639978 -0.05894025
0.3115 -0.0565134 -0.058961194
0.312 -0.0566255 -0.058981437
0.3125 -0.05673609 -0.059000988
0.313 -0.05684521 -0.059019875
0.3135 -0.05695288 -0.059038095
0.314 -0.0570591 -0.0590557
0.3145 -0.0571639 -0.059072696
0.315 -0.05726731 -0.059089106
0.3155 -0.05736933 -0.059104983
0.316 -0.05746999 -0.059120286
0.3165 -0.05756931 -0.05913508
0.317 -0.0576673 -0.05914934
0.3175 -0.05776398 -0.059163123
0.318 -0.05785937 -0.05917643
0.3185 -0.05795349 -0.059189286
0.319 -0.05804635 -0.059201688
0.3195 -0.05813798 -0.059213683
0.32 -0.05822838 -0.059225224
0.3205 -0.05831758 -0.05923642
0.321 -0.05840559 -0.059247192
0.3215 -0.05849243 -0.059257604
0.322 -0.05857811 -0.05926764
0.3225 -0.05866264 -0.05927736
0.323 -0.05874605 -0.05928673
0.3235 -0.05882835 -0.05929576
0.324 -0.05890956 -0.05930448
0.3245 -0.05898968 -0.059312902
0.325 -0.05906874 -0.059321016
0.3255 -0.05914674 -0.059328873
0.326 -0.05922371 -0.059336443
0.3265 -0.05929965 -0.059343774
0.327 -0.05937458 -0.059350815
0.3275 -0.05944852 -0.05935764
0.328 -0.05952147 -0.059364226
0.3285 -0.05959345 -0.05937055
0.329 -0.05966448 -0.059376683
0.3295 -0.05973456 -0.059382606
0.33 -0.05980371 -0.059388302
0.3305 -0.05987194 -0.059393786
0.331 -0.05993926 -0.059399102
0.3315 -0.06000569 -0.05940423
0.332 -0.06007124 -0.05940921
0.3325 -0.06013592 -0.059413966
0.333 -0.06019974 -0.059418578
0.3335 -0.06026271 -0.05942304
0.334 -0.06032485 -0.059427314
0.3345 -0.06038616 -0.059431467
0.335 -0.06044666 -0.059435464
0.3355 -0.06050636 -0.05943932
0.336 -0.06056527 -0.059443045
0.3365 -0.06062339 -0.059446618
0.337 -0.06068074 -0.059450105
0.3375 -0.06073734 -0.059453446
0.338 -0.06079318 -0.059456665
0.3385 -0.06084828 -0.059459776
0.339 -0.06090266 -0.059462786
0.3395 -0.06095631 -0.059465673
0.34 -0.06100925 -0.05946847
0.3405 -0.0610615 -0.059471183
0.341 -0.06111305 -0.059473787
0.3415 -0.06116392 -0.05947629
0.342 -0.06121411 -0.05947872
0.3425 -0.06126364 -0.059481062
0.343 -0.06131252 -0.0594833
0.3435 -0.06136075 -0.059485473
0.344 -0.06140834 -0.059487566
0.3445 -0.0614553 -0.05948959
0.345 -0.06150164 -0.05949154
0.3455 -0.06154737 -0.059493426
0.346 -0.0615925 -0.059495263
0.3465 -0.06163703 -0.05949701
0.347 -0.06168097 -0.05949869
0.3475 -0.06172433 -0.05950032
0.348 -0.06176711 -0.05950191
0.3485 -0.06180934 -0.059503425
0.349 -0.061851 -0.059504893
0.3495 -0.06189212 -0.059506316
0.35 -0.06193269 -0.059507683
0.3505 -0.06197273 -0.059508983
0.351 -0.06201224 -0.059510257
0.3515 -0.06205122 -0.059511486
0.352 -0.0620897 -0.059512664
0.3525 -0.06212766 -0.059513807
0.353 -0.06216513 -0.059514895
0.3535 -0.0622021 -0.059515957
0.354 -0.06223858 -0.059516992
0.3545 -0.06227459 -0.059517965
0.355 -0.06231012 -0.059518922
0.3555 -0.06234518 -0.059519842
0.356 -0.06237978 -0.05952073
0.3565 -0.06241392 -0.059521586
0.357 -0.06244762 -0.059522413
0.3575 -0.06248087 -0.0595232
0.358 -0.06251368 -0.05952397
0.3585 -0.06254606 -0.05952472
0.359 -0.06257802 -0.059525426
0.3595 -0.06260955 -0.059526116
0.36 -0.06264067 -0.059526764
0.3605 -0.06267138 -0.059527427
0.361 -0.06270169 -0.05952803
0.3615 -0.0627316 -0.059528634
0.362 -0.06276112 -0.05952921
0.3625 -0.06279024 -0.05952976
0.363 -0.06281899 -0.059530307
0.3635 -0.06284735 -0.059530832
0.364 -0.06287535 -0.05953131
0.3645 -0.06290298 -0.059531808
0.365 -0.06293024 -0.05953228
0.3655 -0.06295715 -0.059532724
0.366 -0.0629837 -0.05953314
0.3665 -0.0630099 -0.05953355
0.367 -0.06303576 -0.059533954
0.3675 -0.06306128 -0.05953433
0.368 -0.06308647 -0.059534714
0.3685 -0.06311132 -0.059535068
0.369 -0.06313585 -0.059535414
0.3695 -0.06316006 -0.059535746
0.37 -0.06318395 -0.05953607
0.3705 -0.06320753 -0.059536383
0.371 -0.0632308 -0.059536677
0.3715 -0.06325376 -0.059536964
0.372 -0.06327642 -0.059537232
0.3725 -0.06329879 -0.059537515
0.373 -0.06332086 -0.059537757
0.3735 -0.06334264 -0.05953802
0.374 -0.06336414 -0.05953826
0.3745 -0.06338536 -0.059538487
0.375 -0.0634063 -0.05953872
0.3755 -0.06342696 -0.059538934
0.376 -0.06344736 -0.059539147
0.3765 -0.06346748 -0.05953935
0.377 -0.06348735 -0.059539545
0.3775 -0.06350695 -0.059539735
0.378 -0.0635263 -0.059539925
0.3785 -0.06354539 -0.059540085
0.379 -0.06356424 -0.059540264
0.3795 -0.06358284 -0.059540413
0.38 -0.06360119 -0.059540577
0.3805 -0.06361931 -0.05954072
0.381 -0.06363718 -0.059540857
0.3815 -0.06365483 -0.059541006
0.382 -0.06367224 -0.059541125
0.3825 -0.06368943 -0.059541266
0.383 -0.06370639 -0.059541397
0.3835 -0.06372313 -0.059541512
0.384 -0.06373966 -0.059541617
0.3845 -0.06375596 -0.059541725
0.385 -0.06377206 -0.059541836
0.3855 -0.06378794 -0.059541944
0.386 -0.06380362 -0.059542052
0.3865 -0.06381909 -0.059542157
0.387 -0.06383436 -0.05954226
0.3875 -0.06384943 -0.059542347
0.388 -0.0638643 -0.059542436
0.3885 -0.06387898 -0.059542526
0.389 -0.06389347 -0.059542585
0.3895 -0.06390777 -0.059542663
0.39 -0.06392188 -0.059542753
0.3905 -0.06393581 -0.05954282
0.391 -0.06394956 -0.05954289
0.3915 -0.06396313 -0.05954296
0.392 -0.06397652 -0.059543032
0.3925 -0.06398974 -0.0595431
0.393 -0.06400278 -0.05954314
0.3935 -0.06401566 -0.05954321
0.394 -0.06402837 -0.059543267
0.3945 -0.06404091 -0.059543323
0.395 -0.06405329 -0.059543353
0.3955 -0.06406551 -0.059543416
0.396 -0.06407757 -0.059543487
0.3965 -0.06408947 -0.059543505
0.397 -0.06410122 -0.059543557
0.3975 -0.06411281 -0.059543595
0.398 -0.06412425 -0.059543632
0.3985 -0.06413555 -0.059543673
0.399 -0.0641467 -0.059543725
0.3995 -0.0641577 -0.059543774
0.4 -0.06416856 -0.059543803
0.4005 -0.06417928 -0.059543833
0.401 -0.06418986 -0.059543855
0.4015 -0.0642003 -0.059543908
0.402 -0.0642106 -0.059543926
0.4025 -0.06422078 -0.059543967
0.403 -0.06423082 -0.059543997
0.4035 -0.06424073 -0.059544027
0.404 -0.06425051 -0.059544053
0.4045 -0.06426016 -0.05954407
0.405 -0.06426969 -0.0595441
0.4055 -0.06427909 -0.059544116
0.406 -0.06428838 -0.05954415
0.4065 -0.06429754 -0.059544176
0.407 -0.06430658 -0.059544206
0.4075 -0.06431551 -0.059544213
0.408 -0.06432432 -0.05954423
0.4085 -0.06433301 -0.059544254
0.409 -0.0643416 -0.059544284
0.4095 -0.06435007 -0.059544295
0.41 -0.06435843 -0.059544314
0.4105 -0.06436668 -0.059544332
0.411 -0.06437483 -0.059544347
0.4115 -0.06438287 -0.059544355
0.412 -0.06439081 -0.059544373
0.4125 -0.06439864 -0.05954438
0.413 -0.06440637 -0.0595444
0.4135 -0.06441401 -0.059544425
0.414 -0.06442154 -0.059544418
0.4145 -0.06442898 -0.059544433
0.415 -0.06443631 -0.05954446
0.4155 -0.06444356 -0.05954447
0.416 -0.06445071 -0.059544474
0.4165 -0.06445777 -0.05954448
0.417 -0.06446473 -0.059544474
0.4175 -0.06447161 -0.059544496
0.418 -0.0644784 -0.059544504
0.4185 -0.0644851 -0.059544507
0.419 -0.06449171 -0.059544515
0.4195 -0.06449824 -0.059544545
0.42 -0.06450468 -0.059544545
0.4205 -0.06451104 -0.059544556
0.421 -0.06451732 -0.059544574
0.4215 -0.06452351 -0.05954459
0.422 -0.06452963 -0.059544597
0.4225 -0.06453567 -0.05954461
0.423 -0.06454162 -0.059544615
0.4235 -0.06454751 -0.059544615
0.424 -0.06455331 -0.059544638
0.4245 -0.06455904 -0.05954463
0.425 -0.0645647 -0.059544627
0.4255 -0.06457028 -0.05954463
0.426 -0.06457579 -0.05954463
0.4265 -0.06458124 -0.059544638
0.427 -0.06458661 -0.059544653
0.4275 -0.06459191 -0.05954464
0.428 -0.06459714 -0.059544653
0.4285 -0.0646023 -0.059544653
0.429 -0.0646074 -0.05954464
0.4295 -0.06461243 -0.05954465
0.43 -0.0646174 -0.05954465
0.4305 -0.0646223 -0.059544653
0.431 -0.06462714 -0.05954467
0.4315 -0.06463192 -0.05954469
0.432 -0.06463664 -0.05954469
0.4325 -0.06464129 -0.05954469
0.433 -0.06464589 -0.059544683
0.4335 -0.06465042 -0.05954469
0.434 -0.0646549 -0.05954469
0.4345 -0.06465932 -0.05954469
0.435 -0.06466368 -0.05954469
0.4355 -0.06466799 -0.059544705
0.436 -0.06467224 -0.059544705
0.4365 -0.06467643 -0.059544712
0.437 -0.06468058 -0.059544723
0.4375 -0.06468466 -0.059544723
0.438 -0.0646887 -0.05954473
0.4385 -0.06469268 -0.05954474
0.439 -0.06469662 -0.05954474
0.4395 -0.0647005 -0.059544746
0.44 -0.06470433 -0.05954474
0.4405 -0.06470811 -0.059544753
0.441 -0.06471185 -0.059544753
0.4415 -0.06471553 -0.05954476
0.442 -0.06471917 -0.059544783
0.4425 -0.06472276 -0.059544794
0.443 -0.06472631 -0.05954479
0.4435 -0.06472981 -0.059544787
0.444 -0.06473326 -0.059544787
0.4445 -0.06473667 -0.059544787
0.445 -0.06474004 -0.059544787
0.4455 -0.06474336 -0.059544787
0.446 -0.06474664 -0.059544787
0.4465 -0.06474988 -0.059544787
0.447 -0.06475307 -0.059544787
0.4475 -0.06475623 -0.059544787
0.448 -0.06475934 -0.059544787
0.4485 -0.06476242 -0.059544787
0.449 -0.06476545 -0.059544787
0.4495 -0.06476845 -0.059544787
0.45 -0.06477141 -0.059544787
0.4505 -0.06477433 -0.059544787
0.451 -0.06477721 -0.059544787
0.4515 -0.06478005 -0.059544787
0.452 -0.06478286 -0.059544787
0.4525 -0.06478563 -0.059544787
0.453 -0.06478837 -0.059544787
0.4535 -0.06479107 -0.059544787
0.454 -0.06479374 -0.059544787
0.4545 -0.06479637 -0.059544787
0.455 -0.06479897 -0.059544787
0.4555 -0.06480154 -0.059544787
0.456 -0.06480407 -0.059544787
0.4565 -0.06480657 -0.059544787
0.457 -0.06480904 -0.059544787
0.4575 -0.06481147 -0.059544787
0.458 -0.06481388 -0.059544787
0.4585 -0.06481625 -0.059544787
0.459 -0.06481859 -0.059544787
0.4595 -0.06482091 -0.059544787
0.46 -0.06482319 -0.059544787
0.4605 -0.06482545 -0.059544787
0.461 -0.06482767 -0.059544787
0.4615 -0.06482987 -0.059544787
0.462 -0.06483204 -0.059544787
0.4625 -0.06483418 -0.059544787
0.463 -0.06483629 -0.059544787
0.4635 -0.06483838 -0.059544787
0.464 -0.06484044 -0.059544787
0.4645 -0.06484247 -0.059544787
0.465 -0.06484448 -0.059544787
0.4655 -0.06484646 -0.059544787
0.466 -0.06484842 -0.059544787
0.4665 -0.06485035 -0.059544787
0.467 -0.06485226 -0.059544787
0.4675 -0.06485414 -0.059544787
0.468 -0.064856 -0.059544787
0.4685 -0.06485783 -0.059544787
0.469 -0.06485964 -0.059544787
0.4695 -0.06486143 -0.059544787
0.47 -0.06486319 -0.059544787
0.4705 -0.06486494 -0.059544787
0.471 -0.06486665 -0.059544787
0.4715 -0.06486835 -0.059544787
0.472 -0.06487003 -0.059544787
0.4725 -0.06487168 -0.059544787
0.473 -0.06487332 -0.059544787
0.4735 -0.06487493 -0.059544787
0.474 -0.06487652 -0.059544787
0.4745 -0.06487809 -0.059544787
0.475 -0.06487964 -0.059544787
0.4755 -0.06488117 -0.059544787
0.476 -0.06488269 -0.059544787
0.4765 -0.06488418 -0.059544787
0.477 -0.06488565 -0.059544787
0.4775 -0.06488711 -0.059544787
0.478 -0.06488854 -0.059544787
0.4785 -0.06488996 -0.059544787
0.479 -0.06489136 -0.059544787
0.4795 -0.06489274 -0.059544787
0.48 -0.06489411 -0.059544787
0.4805 -0.06489545 -0.059544787
0.481 -0.06489678 -0.059544787
0.4815 -0.06489809 -0.059544787
0.482 -0.06489939 -0.059544787
0.4825 -0.06490067 -0.059544787
0.483 -0.06490193 -0.059544787
0.4835 -0.06490318 -0.059544787
0.484 -0.06490441 -0.059544787
0.4845 -0.06490562 -0.059544787
0.485 -0.06490682 -0.059544787
0.4855 -0.06490801 -0.059544787
0.486 -0.06490917 -0.059544787
0.4865 -0.06491033 -0.059544787
0.487 -0.06491147 -0.059544787
0.4875 -0.06491259 -0.059544787
0.488 -0.0649137 -0.059544787
0.4885 -0.0649148 -0.059544787
0.489 -0.06491588 -0.059544787
0.4895 -0.06491695 -0.059544787
0.49 -0.064918 -0.059544787
0.4905 -0.06491905 -0.059544787
0.491 -0.06492007 -0.059544787
0.4915 -0.06492109 -0.059544787
0.492 -0.06492209 -0.059544787
0.4925 -0.06492308 -0.059544787
0.493 -0.06492406 -0.059544787
0.4935 -0.06492502 -0.059544787
0.494 -0.06492597 -0.059544787
0.4945 -0.06492691 -0.059544787
0.495 -0.06492784 -0.059544787
0.4955 -0.06492875 -0.059544787
0.496 -0.06492966 -0.059544787
0.4965 -0.06493055 -0.059544787
0.497 -0.06493143 -0.059544787
0.4975 -0.0649323 -0.059544787
0.498 -0.06493316 -0.059544787
0.4985 -0.06493401 -0.059544787
0.499 -0.06493485 -0.059544787
0.4995 -0.06493567 -0.059544787
