0.0 -0.065 -0.040035598
0.0005 -0.065 -0.051512327
0.001 -0.065 -0.057968985
0.0015 -0.065 -0.061691377
0.002 -0.065 -0.06394327
0.0025 -0.065 -0.06540548
0.003 -0.065 -0.06643767
0.0035 -0.065 -0.0672257
0.004 -0.065 -0.06786301
0.0045 -0.065 -0.06839512
0.005 -0.065 -0.06884357
0.0055 -0.065 -0.069218576
0.006 -0.065 -0.06952569
0.0065 -0.065 -0.06976872
0.007 -0.065 -0.069951415
0.0075 -0.065 -0.07007774
0.008 -0.065 -0.07015213
0.0085 -0.065 -0.07017927
0.009 -0.065 -0.07016397
0.0095 -0.065 -0.07011103
0.01 -0.065 -0.07002513
0.0105 -0.065 -0.06991067
0.011 -0.065 -0.06977174
0.0115 -0.065 -0.069612145
0.012 -0.065 -0.0694353
0.0125 -0.065 -0.069244266
0.013 -0.065 -0.06904179
0.0135 -0.065 -0.068830326
0.014 -0.065 -0.068611994
0.0145 -0.065 -0.068388656
0.015 -0.065 -0.06816192
0.0155 -0.065 -0.06793322
0.016 -0.065 -0.06770378
0.0165 -0.065 -0.06747462
0.017 -0.065 -0.06724664
0.0175 -0.065 -0.06702058
0.018 -0.065 -0.06679711
0.0185 -0.065 -0.06657671
0.019 -0.065 -0.06635986
0.0195 -0.065 -0.06614691
0.02 -0.065 -0.065938175
0.0205 -0.065 -0.065733835
0.021 -0.065 -0.06553411
0.0215 -0.065 -0.06533913
0.022 -0.065 -0.065148965
0.0225 -0.065 -0.06496374
0.023 -0.065 -0.06478344
0.0235 -0.065 -0.06460808
0.024 -0.065 -0.06443766
0.0245 -0.065 -0.06427212
0.025 -0.065 -0.06411144
0.0255 -0.065 -0.063955575
0.026 -0.065 -0.06380444
0.0265 -0.065 -0.06365796
0.027 -0.065 -0.063516065
0.0275 -0.065 -0.06337865
0.028 -0.065 -0.063245624
0.0285 -0.065 -0.06311686
0.029 -0.065 -0.062992305
0.0295 -0.065 -0.06287183
0.03 -0.065 -0.06275533
0.0305 -0.065 -0.0626427
0.031 -0.065 -0.06253384
0.0315 -0.065 -0.062428612
0.032 -0.065 -0.062326953
0.0325 -0.065 -0.062228728
0.033 -0.065 -0.062133867
0.0335 -0.065 -0.06204225
0.034 -0.065 -0.06195378
0.0345 -0.065 -0.06186836
0.035 -0.065 -0.06178589
0.0355 -0.065 -0.061706282
0.036 -0.065 -0.061629444
0.0365 -0.065 -0.061555285
0.037 -0.065 -0.06148371
0.0375 -0.065 -0.061414633
0.038 -0.065 -0.061348002
0.0385 -0.065 -0.06128368
0.039 -0.065 -0.061221648
0.0395 -0.065 -0.061161797
0.04 -0.065 -0.06110404
0.0405 -0.065 -0.06104834
0.041 -0.065 -0.060994595
0.0415 -0.065 -0.060942788
0.042 -0.065 -0.060892794
0.0425 -0.065 -0.060844544
0.043 -0.065 -0.060798045
0.0435 -0.065 -0.060753193
0.044 -0.065 -0.06070995
0.0445 -0.065 -0.060668234
0.045 -0.065 -0.060627997
0.0455 -0.065 -0.060589213
0.046 -0.065 -0.060551815
0.0465 -0.065 -0.060515735
0.047 -0.065 -0.06048095
0.0475 -0.065 -0.060447413
0.048 -0.065 -0.060415067
0.0485 -0.065 -0.060383875
0.049 -0.065 -0.060353816
0.0495 -0.065 -0.060324807
0.05 -0.065 -0.06029684
0.0505 -0.065 -0.060269892
0.051 -0.065 -0.060243893
0.0515 -0.065 -0.060218833
0.052 -0.065 -0.060194675
0.0525 -0.065 -0.06017137
0.053 -0.065 -0.06014891
0.0535 -0.065 -0.060127247
0.054 -0.065 -0.06010636
0.0545 -0.065 -0.060086235
0.055 -0.065 -0.060066827
0.0555 -0.065 -0.060048103
0.056 -0.065 -0.060030073
0.0565 -0.065 -0.060012676
0.057 -0.065 -0.0599959
0.0575 -0.065 -0.05997972
0.058 -0.065 -0.05996413
0.0585 -0.065 -0.059949104
0.059 -0.065 -0.059934605
0.0595 -0.065 -0.059920635
0.06 -0.065 -0.05990717
0.0605 -0.065 -0.059894178
0.061 -0.065 -0.059881646
0.0615 -0.065 -0.059869573
0.062 -0.065 -0.059857935
0.0625 -0.065 -0.05984673
0.063 -0.065 -0.059835922
0.0635 -0.065 -0.059825484
0.064 -0.065 -0.059815437
0.0645 -0.065 -0.059805732
0.065 -0.065 -0.059796363
0.0655 -0.065 -0.059787363
0.066 -0.065 -0.059778683
0.0665 -0.065 -0.059770297
0.067 -0.065 -0.059762232
0.0675 -0.065 -0.059754446
0.068 -0.065 -0.059746902
0.0685 -0.065 -0.059739683
0.069 -0.065 -0.059732694
0.0695 -0.065 -0.05972596
0.07 -0.065 -0.059719466
0.0705 -0.065 -0.059713215
0.071 -0.065 -0.0597072
0.0715 -0.065 -0.05970138
0.072 -0.065 -0.05969576
0.0725 -0.065 -0.059690364
0.073 -0.065 -0.05968514
0.0735 -0.065 -0.05968011
0.074 -0.065 -0.059675284
0.0745 -0.065 -0.05967059
0.075 -0.065 -0.059666093
0.0755 -0.065 -0.05966175
0.076 -0.065 -0.05965757
0.0765 -0.065 -0.059653554
0.077 -0.065 -0.059649657
0.0775 -0.065 -0.059645902
0.078 -0.065 -0.05964229
0.0785 -0.065 -0.059638802
0.079 -0.065 -0.05963542
0.0795 -0.065 -0.059632167
0.08 -0.065 -0.05962905
0.0805 -0.065 -0.059626035
0.081 -0.065 -0.059623126
0.0815 -0.065 -0.059620317
0.082 -0.065 -0.05961763
0.0825 -0.065 -0.059615042
0.083 -0.065 -0.059612513
0.0835 -0.065 -0.05961009
0.084 -0.065 -0.05960776
0.0845 -0.065 -0.05960549
0.085 -0.065 -0.059603333
0.0855 -0.065 -0.05960126
0.086 -0.065 -0.059599213
0.0865 -0.065 -0.059597276
0.087 -0.065 -0.05959541
0.0875 -0.065 -0.059593577
0.088 -0.065 -0.059591837
0.0885 -0.065 -0.05959016
0.089 -0.065 -0.059588548
0.0895 -0.065 -0.059586998
0.09 -0.065 -0.059585486
0.0905 -0.065 -0.059584033
0.091 -0.065 -0.05958261
0.0915 -0.065 -0.05958126
0.092 -0.065 -0.05957996
0.0925 -0.065 -0.0595787
0.093 -0.065 -0.05957749
0.0935 -0.065 -0.059576306
0.094 -0.065 -0.059575178
0.0945 -0.065 -0.059574116
0.095 -0.065 -0.05957307
0.0955 -0.065 -0.059572056
0.096 -0.065 -0.059571084
0.0965 -0.065 -0.05957013
0.097 -0.065 -0.059569225
0.0975 -0.065 -0.059568338
0.098 -0.065 -0.0595675
0.0985 -0.065 -0.059566703
0.099 -0.065 -0.059565905
0.0995 -0.065 -0.059565153
0.1 -0.065 -0.056762308
0.1005 -0.05364023 -0.04802345
0.101 -0.04157442 -0.040161904
0.1015 -0.03399742 -0.033914942
0.102 -0.02910543 -0.028999645
0.1025 -0.02547948 -0.025023218
0.103 -0.0224232 -0.021667104
0.1035 -0.01962909 -0.018705118
0.104 -0.01696454 -0.015985873
0.1045 -0.0143766 -0.013411347
0.105 -0.01185248 -0.010920104
0.1055 -0.009373864 -0.00847457
0.106 -0.006917896 -0.0060528927
0.1065 -0.004476812 -0.0036433004
0.107 -0.002054487 -0.001240354
0.1075 0.000349272 0.0011576153
0.108 0.002732798 0.0035501309
0.1085 0.005087009 0.0059352107
0.109 0.007420988 0.008310396
0.1095 0.009741419 0.01067305
0.11 0.0120475 0.013020594
0.1105 0.01433793 0.0153504945
0.111 0.01661243 0.017660592
0.1115 0.01887011 0.019948903
0.112 0.02111023 0.022213835
0.1125 0.0233313 0.024453957
0.113 0.0255316 0.026668359
0.1135 0.02771385 0.028855968
0.114 0.0298791 0.031016175
0.1145 0.03202759 0.03314859
0.115 0.03415295 0.035252918
0.1155 0.03624133 0.037328888
0.116 0.03831053 0.03937659
0.1165 0.04037172 0.04139607
0.117 0.04242662 0.043387387
0.1175 0.04447343 0.045350898
0.118 0.04650941 0.047286887
0.1185 0.04850918 0.049195636
0.119 0.05044703 0.05107758
0.1195 0.05235222 0.052933265
0.12 0.05425055 0.054763023
0.1205 0.05613872 0.056567255
0.121 0.05803453 0.058346618
0.1215 0.05994227 0.060101423
0.122 0.06185704 0.061832298
0.1225 0.06377222 0.06353971
0.123 0.06568247 0.065224126
0.1235 0.06758414 0.06688601
0.124 0.06947489 0.06852591
0.1245 0.07135346 0.07014431
0.125 0.07321929 0.07174164
0.1255 0.07507222 0.07331841
0.126 0.07691236 0.07487503
0.1265 0.07873999 0.07641195
0.127 0.0805555 0.0779296
0.1275 0.08235927 0.079428256
0.128 0.08415151 0.08090851
0.1285 0.08593244 0.08237068
0.129 0.08770255 0.08381501
0.1295 0.08946236 0.08524199
0.13 0.09121223 0.08665185
0.1305 0.09295239 0.088045
0.131 0.09468304 0.08942169
0.1315 0.09639811 0.090782255
0.132 0.09808528 0.09212701
0.1325 0.09976075 0.093456104
0.133 0.1014324 0.09476991
0.1335 0.1031025 0.09606853
0.134 0.104771 0.09735219
0.1345 0.1064366 0.09862125
0.135 0.1080843 0.0998759
0.1355 0.1097097 0.10111624
0.136 0.1113303 0.1023425
0.1365 0.1129533 0.10355468
0.137 0.1145783 0.10475324
0.1375 0.1162028 0.10593803
0.138 0.1178134 0.10710934
0.1385 0.1193989 0.10826737
0.139 0.1209777 0.109412104
0.1395 0.1225593 0.1105437
0.14 0.1241443 0.11166228
0.1405 0.1257301 0.11276783
0.141 0.1273139 0.11386061
0.1415 0.128894 0.11494063
0.142 0.1304692 0.11600788
0.1425 0.1320387 0.117062464
0.143 0.1336023 0.1181045
0.1435 0.1351565 0.11913414
0.144 0.1366825 0.12015125
0.1445 0.1381735 0.12115586
0.145 0.1396525 0.12214817
0.1455 0.1411414 0.123128176
0.146 0.1426437 0.12409584
0.1465 0.1441543 0.12505122
0.147 0.145668 0.12599437
0.1475 0.1471817 0.12692532
0.148 0.1486936 0.12784407
0.1485 0.1502025 0.12875065
0.149 0.1517079 0.12964512
0.1495 0.1532094 0.13052748
0.15 0.1547065 0.1313984
0.1505 0.1561976 0.13230452
0.151 0.1576826 0.13324483
0.1515 0.1591622 0.13421804
0.152 0.1606332 0.13522297
0.1525 0.1620923 0.13625865
0.153 0.1635369 0.13732395
0.1535 0.164952 0.13841772
0.154 0.1663545 0.13953905
0.1545 0.1677413 0.14068684
0.155 0.1690961 0.14186002
0.1555 0.1704584 0.14305763
0.156 0.1718437 0.14427868
0.1565 0.1732297 0.14552204
0.157 0.1746068 0.1467868
0.1575 0.1759914 0.14807205
0.158 0.1773879 0.14937675
0.1585 0.1787898 0.15069976
0.159 0.1801925 0.15204044
0.1595 0.1815946 0.15339758
0.16 0.1829944 0.15477023
0.1605 0.1843902 0.15615764
0.161 0.1857808 0.15755872
0.1615 0.1871651 0.15897255
0.162 0.1885428 0.16039824
0.1625 0.1899136 0.161835
0.163 0.1912774 0.16328166
0.1635 0.1926344 0.16473743
0.164 0.1939845 0.16620152
0.1645 0.1953279 0.16767299
0.165 0.1966532 0.16915089
0.1655 0.1979404 0.17063433
0.166 0.1992145 0.17212258
0.1665 0.2004934 0.17361471
0.167 0.2016793 0.1751098
0.1675 0.2027028 0.17660722
0.168 0.2037968 0.17810602
0.1685 0.2049954 0.17960535
0.169 0.2062708 0.18110451
0.1695 0.2075625 0.18260266
0.17 0.2088527 0.184099
0.1705 0.2101532 0.18559273
0.171 0.2114617 0.18708321
0.1715 0.2127716 0.18856946
0.172 0.2140768 0.19005091
0.1725 0.2153736 0.19152676
0.173 0.2166599 0.19299646
0.1735 0.2179342 0.19445913
0.174 0.2191955 0.19591393
0.1745 0.2204448 0.19736044
0.175 0.2216839 0.19879796
0.1755 0.2229137 0.2002257
0.176 0.2241349 0.20164305
0.1765 0.2253479 0.20304939
0.177 0.226553 0.20444405
0.1775 0.2277508 0.2058265
0.178 0.2289416 0.20719613
0.1785 0.2301257 0.20855242
0.179 0.2313031 0.20989469
0.1795 0.2324442 0.21122248
0.18 0.2335623 0.21253514
0.1805 0.2346642 0.21383217
0.181 0.2357556 0.21511313
0.1815 0.2368571 0.21637744
0.182 0.2379732 0.21762477
0.1825 0.2391 0.21885447
0.183 0.2402318 0.22006616
0.1835 0.2413637 0.22125939
0.184 0.2424925 0.22243391
0.1845 0.2436158 0.22358918
0.185 0.2447322 0.22472472
0.1855 0.2458419 0.22584042
0.186 0.2469448 0.22693568
0.1865 0.2480389 0.22801031
0.187 0.2490974 0.22906397
0.1875 0.2501325 0.23009644
0.188 0.2511683 0.23110735
0.1885 0.2521913 0.2320965
0.189 0.2531938 0.23306358
0.1895 0.2542076 0.23400849
0.19 0.2552376 0.23493105
0.1905 0.2562772 0.23583096
0.191 0.2573201 0.23670816
0.1915 0.258363 0.23756248
0.192 0.2594034 0.23839381
0.1925 0.2604392 0.23920208
0.193 0.2614199 0.23998725
0.1935 0.2623496 0.24074918
0.194 0.2632889 0.24148786
0.1945 0.2642541 0.24220341
0.195 0.2652409 0.24289578
0.1955 0.2662402 0.24356496
0.196 0.2672447 0.24421102
0.1965 0.2682486 0.24483415
0.197 0.2692482 0.24543422
0.1975 0.2702422 0.2460118
0.198 0.2712301 0.2465666
0.1985 0.2722112 0.24709904
0.199 0.2731857 0.24760917
0.1995 0.2741542 0.24809733
0.2 0.275117 0.25799122
0.2005 0.2631447 0.2633093
0.201 0.2488361 0.26510507
0.2015 0.2394025 0.264202
0.202 0.2332454 0.26125038
0.2025 0.2287225 0.25676745
0.203 0.2249523 0.25116697
0.2035 0.2215244 0.24478093
0.204 0.2182567 0.23787588
0.2045 0.215069 0.23066545
0.205 0.211926 0.22332
0.2055 0.2088119 0.21597427
0.206 0.2057198 0.20873334
0.2065 0.2026467 0.2016781
0.207 0.1995914 0.19486871
0.2075 0.1965538 0.1883488
0.208 0.193534 0.18214773
0.2085 0.1905324 0.17628345
0.209 0.1875496 0.1707646
0.2095 0.1845862 0.16559222
0.21 0.1816427 0.16076125
0.2105 0.1787196 0.1562623
0.211 0.1758176 0.1520819
0.2115 0.1729371 0.1482044
0.212 0.1700786 0.14461239
0.2125 0.1672425 0.14128698
0.213 0.1644295 0.138209
0.2135 0.1616397 0.13535891
0.214 0.1588736 0.13271762
0.2145 0.1561315 0.13026616
0.215 0.1534138 0.12798654
0.2155 0.1507208 0.12586147
0.216 0.1480527 0.123874515
0.2165 0.1454097 0.122010425
0.217 0.1427922 0.12025495
0.2175 0.1402002 0.11859466
0.218 0.1376339 0.1170176
0.2185 0.1350936 0.115512356
0.219 0.1325793 0.11406897
0.2195 0.1300912 0.11267808
0.22 0.1276293 0.11133148
0.2205 0.1251938 0.110021666
0.221 0.1227847 0.108741924
0.2215 0.120402 0.1074864
0.222 0.1180458 0.10624978
0.2225 0.1157161 0.10502754
0.223 0.1134129 0.103815675
0.2235 0.1111362 0.10261071
0.224 0.1088859 0.101409584
0.2245 0.1066621 0.10020985
0.225 0.1044647 0.09900935
0.2255 0.1022935 0.09780632
0.226 0.1001487 0.096599236
0.2265 0.09803003 0.09538701
0.227 0.09593746 0.09416869
0.2275 0.09387089 0.0929437
0.228 0.09183021 0.09171148
0.2285 0.08981531 0.09047185
0.229 0.08782607 0.08922465
0.2295 0.08586236 0.08796987
0.23 0.08392405 0.08670771
0.2305 0.08201101 0.08543843
0.231 0.08012307 0.08416228
0.2315 0.0782601 0.08287984
0.232 0.07642194 0.08159153
0.2325 0.07460842 0.08029784
0.233 0.07281937 0.078999415
0.2335 0.07105463 0.07769683
0.234 0.06931403 0.07639079
0.2345 0.06759737 0.075081974
0.235 0.06590449 0.073771045
0.2355 0.06423519 0.072458655
0.236 0.0625893 0.071145564
0.2365 0.06096661 0.06983243
0.237 0.05936694 0.068519905
0.2375 0.05779008 0.0672088
0.238 0.05623585 0.06589973
0.2385 0.05470405 0.06459336
0.239 0.05319446 0.0632903
0.2395 0.0517069 0.061991263
0.24 0.05024116 0.060696866
0.2405 0.04879703 0.059407663
0.241 0.0473743 0.058124255
0.2415 0.04597278 0.056847204
0.242 0.04459225 0.055577133
0.2425 0.0432325 0.05431443
0.243 0.04189334 0.05305971
0.2435 0.04057454 0.05181339
0.244 0.03927591 0.050575938
0.2445 0.03799723 0.049347807
0.245 0.0367383 0.04812931
0.2455 0.0354989 0.046921033
0.246 0.03427883 0.04572319
0.2465 0.03307789 0.044536177
0.247 0.03189586 0.04336034
0.2475 0.03073254 0.042195965
0.248 0.02958772 0.041043337
0.2485 0.0284612 0.039902788
0.249 0.02735277 0.03877442
0.2495 0.02626224 0.037658703
0.25 0.02518939 0.036555227
0.2505 0.02413647 0.035446335
0.251 0.02311324 0.03433739
0.2515 0.02212127 0.03323235
0.252 0.02115741 0.03213421
0.2525 0.02021898 0.031045187
0.253 0.01930439 0.029967073
0.2535 0.01841274 0.028900925
0.254 0.01754348 0.027847607
0.2545 0.01669624 0.026807737
0.255 0.01587071 0.025781665
0.2555 0.01506664 0.024769578
0.256 0.01428377 0.02377167
0.2565 0.01352185 0.022787962
0.257 0.01278064 0.021818433
0.2575 0.01205991 0.020863134
0.258 0.0113594 0.019921962
0.2585 0.01067887 0.018995058
0.259 0.01001808 0.01808228
0.2595 0.00937678 0.01718377
0.26 0.008754727 0.016299639
0.2605 0.008151674 0.015429858
0.261 0.007567374 0.014574718
0.2615 0.00700158 0.013734255
0.262 0.006454048 0.01290882
0.2625 0.00592453 0.012098614
0.263 0.005412781 0.011303853
0.2635 0.004918557 0.010524962
0.264 0.004441614 0.009762261
0.2645 0.003981709 0.0090161
0.265 0.0035386 0.008287031
0.2655 0.003112047 0.0075753815
0.266 0.00270181 0.0068816207
0.2665 0.002307652 0.0062063523
0.267 0.001929336 0.005550001
0.2675 0.001566628 0.00491317
0.268 0.001219294 0.0042963587
0.2685 0.0008871022 0.0037001856
0.269 0.0005698243 0.0031252392
0.2695 0.000267232 0.002572056
0.27 -2.090016e-05 0.0020412616
0.2705 -0.000294796 0.0015334673
0.271 -0.000554677 0.0010493137
0.2715 -0.0008007629 0.0005893521
0.272 -0.001033271 0.00015427545
0.2725 -0.001252416 -0.00025543198
0.273 -0.001458411 -0.0006390549
0.2735 -0.001651468 -0.0009961613
0.274 -0.001833015 -0.0013261773
0.2745 -0.002007568 -0.0016285069
0.275 -0.002170448 -0.0019026436
0.2755 -0.00231908 -0.0021480806
0.276 -0.00245341 -0.002364356
0.2765 -0.002574205 -0.0025510974
0.277 -0.002682315 -0.002707798
0.2775 -0.002778448 -0.0028342046
0.278 -0.002863138 -0.0029299222
0.2785 -0.002936785 -0.0029947348
0.279 -0.002999687 -0.0030283742
0.2795 -0.003052086 -0.0030306764
0.28 -0.003094182 -0.0030015372
0.2805 -0.003126155 -0.0029408596
0.281 -0.00314817 -0.0028485842
0.2815 -0.003160387 -0.0027249344
0.282 -0.003162962 -0.0025698803
0.2825 -0.00315605 -0.002383668
0.283 -0.003139803 -0.0021665283
0.2835 -0.003114373 -0.0019188486
0.284 -0.003079913 -0.0016409867
0.2845 -0.003036572 -0.0013334714
0.285 -0.002984502 -0.0009968244
0.2855 -0.002923851 -0.0006317459
0.286 -0.002854766 -0.00023892894
0.2865 -0.002777393 0.00018077716
0.287 -0.002691876 0.00062649325
0.2875 -0.002598359 0.0010972284
0.288 -0.002496981 0.0015919395
0.2885 -0.002387882 0.0021094792
0.289 -0.002271198 0.0026485436
0.2895 -0.00214732 0.003207866
0.29 -0.002017351 0.0037860535
0.2905 -0.001880732 0.004381586
0.291 -0.001737005 0.0049929507
0.2915 -0.0015861 0.0056185015
0.292 -0.001428104 0.006256547
0.2925 -0.001263162 0.0069052987
0.293 -0.001091435 0.0075629614
0.2935 -0.0009130811 0.008227635
0.294 -0.0007282552 0.008897383
0.2945 -0.0005371033 0.009570207
0.295 -0.000339764 0.01024409
0.2955 -0.0001363691 0.010917027
0.296 7.295643e-05 0.011586923
0.2965 0.0002881103 0.012251679
0.297 0.0005090074 0.012909282
0.2975 0.0007355334 0.013557609
0.298 0.0009675626 0.014194604
0.2985 0.001204973 0.014818262
0.299 0.001447651 0.015426617
0.2995 0.001695489 0.016017701
0.3 0.001948387 0.016588178
0.3005 0.002206351 0.01699027
0.301 0.00246979 0.01731234
0.3015 0.002738815 0.017599411
0.302 0.003013367 0.01787046
0.3025 0.003293388 0.018129729
0.303 0.003578829 0.018374216
0.3035 0.003867874 0.018598396
0.304 0.00415894 0.01879656
0.3045 0.004454633 0.018964414
0.305 0.004756812 0.019099448
0.3055 0.00506587 0.019200984
0.306 0.005381452 0.019269977
0.3065 0.005703049 0.019308683
0.307 0.006030186 0.019320335
0.3075 0.006363328 0.019308764
0.308 0.006702472 0.019278195
0.3085 0.007047296 0.019232918
0.309 0.007397496 0.019177187
0.3095 0.007752886 0.019115034
0.31 0.008113383 0.01905026
0.3105 0.008478964 0.018986274
0.311 0.008849637 0.018926103
0.3115 0.009225422 0.01887248
0.312 0.00960634 0.018827688
0.3125 0.009992406 0.018793676
0.313 0.01038363 0.0187721
0.3135 0.01078001 0.018764224
0.314 0.01118156 0.0187711
0.3145 0.01158826 0.018793564
0.315 0.01199999 0.018832099
0.3155 0.01241662 0.018887136
0.316 0.01283822 0.018958803
0.3165 0.01326489 0.019047175
0.317 0.0136967 0.019152183
0.3175 0.01413366 0.019273628
0.318 0.01457577 0.01941124
0.3185 0.01502301 0.019564662
0.319 0.01547528 0.019733515
0.3195 0.01593249 0.019917328
0.32 0.01639465 0.020115595
0.3205 0.0168618 0.020327825
0.321 0.01733395 0.020553458
0.3215 0.0178111 0.020791922
0.322 0.01829322 0.021042693
0.3225 0.01878028 0.021305192
0.323 0.01927229 0.021578837
0.3235 0.01976931 0.021863092
0.324 0.02027131 0.022157375
0.3245 0.02077819 0.022461195
0.325 0.02128986 0.02277394
0.3255 0.0218063 0.023095224
0.326 0.02232754 0.02342439
0.3265 0.02285355 0.023761053
0.327 0.02338424 0.024104673
0.3275 0.02391955 0.02445482
0.328 0.02445943 0.024811078
0.3285 0.02500386 0.025172982
0.329 0.02555283 0.025540117
0.3295 0.02610633 0.025912095
0.33 0.02666434 0.026288543
0.3305 0.02722685 0.026669133
0.331 0.02779384 0.02705345
0.3315 0.02836202 0.027441148
0.332 0.0289279 0.027831975
0.3325 0.02949683 0.02822562
0.333 0.03007248 0.028621737
0.3335 0.03065566 0.02902006
0.334 0.03124585 0.02942035
0.3345 0.03184221 0.029822323
0.335 0.03244399 0.030225743
0.3355 0.03304807 0.030630399
0.336 0.0336536 0.031036053
0.3365 0.03426371 0.031442467
0.337 0.03487958 0.031849463
0.3375 0.03550114 0.032256875
0.338 0.03612792 0.03266445
0.3385 0.03675947 0.033072058
0.339 0.03739527 0.033479486
0.3395 0.03803504 0.03388669
0.34 0.03867876 0.034293417
0.3405 0.03932646 0.034699503
0.341 0.03997816 0.035104904
0.3415 0.04063356 0.03550941
0.342 0.04128826 0.035912845
0.3425 0.04193647 0.036315177
0.343 0.04258142 0.036716316
0.3435 0.04323196 0.037116114
0.344 0.04389185 0.037514422
0.3445 0.04456106 0.03791118
0.345 0.04523824 0.03830624
0.3455 0.04591633 0.038699616
0.346 0.04658915 0.039091144
0.3465 0.04726871 0.03948081
0.347 0.04795804 0.039868418
0.3475 0.04865601 0.04025394
0.348 0.04936078 0.040637363
0.3485 0.05007087 0.041018534
0.349 0.05078528 0.041397426
0.3495 0.05150339 0.04177398
0.35 0.05222482 0.04049987
0.3505 0.05139498 0.038294215
0.351 0.04897318 0.035862017
0.3515 0.04694712 0.03358299
0.352 0.04550984 0.031643037
0.3525 0.04443691 0.030113403
0.353 0.04354453 0.028998699
0.3535 0.04273161 0.02826694
0.354 0.04194937 0.027867753
0.3545 0.04117564 0.0277437
0.355 0.04040076 0.027836796
0.3555 0.03962075 0.02809215
0.356 0.03883419 0.028460156
0.3565 0.03804087 0.02889705
0.357 0.03724105 0.02936541
0.3575 0.03643528 0.0298337
0.358 0.03562417 0.03027584
0.3585 0.03480837 0.03067078
0.359 0.03398855 0.031001795
0.3595 0.03316534 0.03125609
0.36 0.03233936 0.031424146
0.3605 0.03151119 0.03149916
0.361 0.03068139 0.03147689
0.3615 0.02985048 0.03135499
0.362 0.02901897 0.031132843
0.3625 0.02818734 0.03081112
0.363 0.02735602 0.030391667
0.3635 0.02652544 0.02987736
0.364 0.025696 0.029271584
0.3645 0.02486808 0.028578412
0.365 0.02404201 0.027802337
0.3655 0.02321815 0.026948143
0.366 0.02239679 0.026020948
0.3665 0.02157823 0.025025856
0.367 0.02076274 0.023968104
0.3675 0.01995059 0.022853065
0.368 0.01914201 0.021685973
0.3685 0.01833722 0.020472001
0.369 0.01753643 0.019216228
0.3695 0.01673984 0.017923683
0.37 0.01594762 0.01659925
0.3705 0.01515995 0.015247572
0.371 0.01437698 0.013873268
0.3715 0.01359884 0.012480583
0.372 0.01282567 0.0110737495
0.3725 0.01205759 0.009656832
0.373 0.01129471 0.008233529
0.3735 0.01053713 0.0068074875
0.374 0.009784924 0.0053820796
0.3745 0.009038188 0.0039605834
0.375 0.008296988 0.0025460012
0.3755 0.007561388 0.0011411794
0.376 0.006831443 -0.0002512671
0.3765 0.006107202 -0.0016288497
0.377 0.005388705 -0.0029892437
0.3775 0.004675987 -0.0043304004
0.378 0.003969076 -0.0056503452
0.3785 0.003267993 -0.0069472753
0.379 0.002572755 -0.008219566
0.3795 0.001883372 -0.009465855
0.38 0.001199851 -0.01068468
0.3805 0.0005221929 -0.011875
0.381 -0.0001496069 -0.013035674
0.3815 -0.0008155559 -0.014165949
0.382 -0.001475666 -0.015264932
0.3825 -0.002129953 -0.016332034
0.383 -0.002778437 -0.017366711
0.3835 -0.00342114 -0.018368546
0.384 -0.004058088 -0.019337285
0.3845 -0.004689311 -0.020272713
0.385 -0.005314839 -0.021174643
0.3855 -0.005934708 -0.022043165
0.386 -0.006548954 -0.02287827
0.3865 -0.007157616 -0.023680147
0.387 -0.007760736 -0.024449024
0.3875 -0.008358356 -0.02518515
0.388 -0.008950521 -0.025888953
0.3885 -0.009537279 -0.026560854
0.389 -0.01011868 -0.027201321
0.3895 -0.01069477 -0.027810935
0.39 -0.0112656 -0.028390262
0.3905 -0.01183122 -0.028939959
0.391 -0.01239169 -0.029460754
0.3915 -0.01294706 -0.02995332
0.392 -0.01349739 -0.03041846
0.3925 -0.01404273 -0.030856948
0.393 -0.01458313 -0.031269643
0.3935 -0.01511867 -0.03165743
0.394 -0.01564939 -0.032021146
0.3945 -0.01617535 -0.032361764
0.395 -0.01669661 -0.032680202
0.3955 -0.01721323 -0.032977473
0.396 -0.01772527 -0.033254523
0.3965 -0.0182328 -0.033512328
0.397 -0.01873586 -0.033751953
0.3975 -0.01923452 -0.03397442
0.398 -0.01972884 -0.03418078
0.3985 -0.02021887 -0.03437208
0.399 -0.02070469 -0.03454944
0.3995 -0.02118635 -0.034713898
0.4 -0.0216639 -0.03486767
0.4005 -0.02213482 -0.035146188
0.401 -0.02258844 -0.03547355
0.4015 -0.02302276 -0.035799336
0.402 -0.02344075 -0.036092006
0.4025 -0.02384489 -0.036333356
0.403 -0.02423658 -0.036514647
0.4035 -0.02461651 -0.036633614
0.404 -0.02498498 -0.03669208
0.4045 -0.02534213 -0.036694497
0.405 -0.02568804 -0.03664661
0.4055 -0.02602272 -0.036554772
0.406 -0.02634561 -0.036425356
0.4065 -0.02665647 -0.036264434
0.407 -0.02695617 -0.036077604
0.4075 -0.0272451 -0.035869826
0.408 -0.02752329 -0.03564545
0.4085 -0.02779069 -0.03540823
0.409 -0.02804722 -0.035161316
0.4095 -0.02829283 -0.034907363
0.41 -0.0285275 -0.034648523
0.4105 -0.02875125 -0.034386627
0.411 -0.0289641 -0.03412313
0.4115 -0.02916608 -0.033859134
0.412 -0.02935725 -0.033595614
0.4125 -0.02953765 -0.033333275
0.413 -0.02970735 -0.033072703
0.4135 -0.02986639 -0.03281434
0.414 -0.03001485 -0.03255846
0.4145 -0.03015279 -0.032305315
0.415 -0.03028027 -0.03205508
0.4155 -0.03039736 -0.03180781
0.416 -0.03050413 -0.031563547
0.4165 -0.03060066 -0.031322293
0.417 -0.03068701 -0.031083936
0.4175 -0.03076326 -0.030848393
0.418 -0.03082949 -0.030615523
0.4185 -0.03088576 -0.030385146
0.419 -0.03093217 -0.030157046
0.4195 -0.03096878 -0.029930994
0.42 -0.03099568 -0.029706715
0.4205 -0.03101295 -0.029483894
0.421 -0.03102066 -0.029262224
0.4215 -0.03101891 -0.029041354
0.422 -0.03100777 -0.028820919
0.4225 -0.03098732 -0.028600564
0.423 -0.03095765 -0.02837986
0.4235 -0.03091884 -0.028158423
0.424 -0.03087098 -0.027935842
0.4245 -0.03081416 -0.027711697
0.425 -0.03074845 -0.027485574
0.4255 -0.03067394 -0.027257062
0.426 -0.03059072 -0.02702576
0.4265 -0.03049887 -0.026791252
0.427 -0.03039848 -0.026553143
0.4275 -0.03028963 -0.02631104
0.428 -0.03017242 -0.0260646
0.4285 -0.03004691 -0.025813483
0.429 -0.02991321 -0.025557354
0.4295 -0.02977139 -0.025295904
0.43 -0.02962154 -0.025028827
0.4305 -0.02946375 -0.024755882
0.431 -0.02929809 -0.024476828
0.4315 -0.02912464 -0.024191443
0.432 -0.02894347 -0.02389952
0.4325 -0.02875465 -0.023600893
0.433 -0.02855854 -0.023295438
0.4335 -0.02835925 -0.022982989
0.434 -0.02815623 -0.02266346
0.4345 -0.02794612 -0.022336787
0.435 -0.02772719 -0.02200288
0.4355 -0.02749885 -0.021661717
0.436 -0.02726142 -0.021313272
0.4365 -0.02701554 -0.02095751
0.437 -0.02676189 -0.020594459
0.4375 -0.02650098 -0.020224165
0.438 -0.02623319 -0.01984663
0.4385 -0.02595879 -0.019461896
0.439 -0.02567793 -0.019070096
0.4395 -0.02539075 -0.018671222
0.44 -0.02509734 -0.018265393
0.4405 -0.02479773 -0.017852694
0.441 -0.02449197 -0.017433215
0.4415 -0.0241801 -0.017007038
0.442 -0.02386217 -0.016574312
0.4425 -0.02353825 -0.016135126
0.443 -0.02320841 -0.015689593
0.4435 -0.0228737 -0.015237838
0.444 -0.02253483 -0.014779981
0.4445 -0.02219059 -0.014316119
0.445 -0.02184181 -0.013846386
0.4455 -0.02148916 -0.013370909
0.446 -0.02113065 -0.012889769
0.4465 -0.0207652 -0.012403127
0.447 -0.02039276 -0.011911076
0.4475 -0.0200137 -0.011413742
0.448 -0.01962848 -0.010911208
0.4485 -0.01923751 -0.010403607
0.449 -0.01884107 -0.009891059
0.4495 -0.01843941 -0.00937359
0.45 -0.01803268 -0.008851372
0.4505 -0.01762099 -0.0083244555
0.451 -0.01720444 -0.007792961
0.4515 -0.0167831 -0.0072569586
0.452 -0.01635705 -0.0067165233
0.4525 -0.01592632 -0.006171722
0.453 -0.015491 -0.0056226663
0.4535 -0.01505115 -0.0050693713
0.454 -0.01460679 -0.004511956
0.4545 -0.01415799 -0.0039504357
0.455 -0.01370478 -0.0033849217
0.4555 -0.01324722 -0.0028153919
0.456 -0.01278537 -0.002241958
0.4565 -0.01231927 -0.0016646273
0.457 -0.011849 -0.0010834448
0.4575 -0.01137459 -0.0004984848
0.458 -0.01089605 9.025261e-05
0.4585 -0.01041334 0.0006827377
0.459 -0.009926691 0.0012789331
0.4595 -0.009436208 0.0018787868
0.46 -0.008941928 0.002482351
0.4605 -0.008443874 0.0030895509
0.461 -0.007942071 0.003700424
0.4615 -0.007436555 0.0043149106
0.462 -0.006927362 0.004932981
0.4625 -0.006414715 0.005554687
0.463 -0.005901469 0.0061800294
0.4635 -0.005387573 0.006808948
0.464 -0.00487019 0.0074414797
0.4645 -0.004347883 0.008077633
0.465 -0.003820508 0.008717429
0.4655 -0.003288447 0.009360801
0.466 -0.002752249 0.01000781
0.4665 -0.002212257 0.010658469
0.467 -0.001668242 0.011312809
0.4675 -0.001120464 0.011970807
0.468 -0.0005693609 0.0126324855
0.4685 -1.526606e-05 0.013297852
0.469 0.0005416468 0.013966959
0.4695 0.001101344 0.014639791
0.47 0.00166382 0.015316378
0.4705 0.002229067 0.01599675
0.471 0.002797074 0.016680907
0.4715 0.003367834 0.017368872
0.472 0.003941334 0.018060673
0.4725 0.00451756 0.018756386
0.473 0.005096493 0.01945592
0.4735 0.005678109 0.02015939
0.474 0.006262382 0.020866822
0.4745 0.006849284 0.02157816
0.475 0.007438783 0.022293527
0.4755 0.008030848 0.023012858
0.476 0.008625445 0.023736287
0.4765 0.009222528 0.024463732
0.477 0.00982192 0.02519526
0.4775 0.01042353 0.025930893
0.478 0.01102743 0.026670668
0.4785 0.01163367 0.027414579
0.479 0.01224224 0.028162662
0.4795 0.0128531 0.028915007
0.48 0.01346627 0.029671583
0.4805 0.01408168 0.030432407
0.481 0.01469944 0.031197492
0.4815 0.01531956 0.031966884
0.482 0.01594198 0.032740626
0.4825 0.0165666 0.033518735
0.483 0.01719336 0.03430118
0.4835 0.01782221 0.035088006
0.484 0.01845309 0.03587923
0.4845 0.01908596 0.036674906
0.485 0.0197208 0.03747504
0.4855 0.02035763 0.038279656
0.486 0.02099648 0.039088745
0.4865 0.02163729 0.03990232
0.487 0.02227996 0.040720467
0.4875 0.02292444 0.04154313
0.488 0.02357069 0.042370323
0.4885 0.02421867 0.043202076
0.489 0.02486837 0.044038523
0.4895 0.02551979 0.044879485
0.49 0.02617291 0.04572505
0.4905 0.02682769 0.04657531
0.491 0.02748391 0.047430176
0.4915 0.0281414 0.048289675
0.492 0.02880031 0.049153853
0.4925 0.0294608 0.05002265
0.493 0.03012295 0.05089614
0.4935 0.03078675 0.05177434
0.494 0.0314522 0.052657235
0.4945 0.03211925 0.053544823
0.495 0.03278788 0.054437105
0.4955 0.03345805 0.05533405
0.496 0.03412974 0.05623578
0.4965 0.03480291 0.057142172
0.497 0.03547754 0.05805332
0.4975 0.03615361 0.05896913
0.498 0.03683108 0.059889663
0.4985 0.03750995 0.060814936
0.499 0.03819019 0.061744828
0.4995 0.03887177 0.06267947
