0.0 -0.065 -0.076840386
0.0005 -0.05362171 -0.07136879
0.001 -0.04150363 -0.06310299
0.0015 -0.03387331 -0.054714013
0.002 -0.02893887 -0.04673226
0.0025 -0.02528174 -0.039254546
0.003 -0.02220731 -0.032265708
0.0035 -0.01941029 -0.02572244
0.004 -0.01674892 -0.019578263
0.0045 -0.01416073 -0.013790797
0.005 -0.0116308 -0.00832342
0.0055 -0.009157847 -0.0031451918
0.006 -0.006718963 0.0017702617
0.0065 -0.004300547 0.006445214
0.007 -0.001899593 0.010898668
0.0075 0.0004797185 0.015147131
0.008 0.002824759 0.01920494
0.0085 0.005143493 0.023084592
0.009 0.007441548 0.026797418
0.0095 0.009709161 0.030353371
0.01 0.0119513 0.033761535
0.0105 0.01417489 0.037030164
0.011 0.01637923 0.04016668
0.0115 0.01855985 0.04317825
0.012 0.02071801 0.046071086
0.0125 0.0228536 0.04885115
0.013 0.02496572 0.05152418
0.0135 0.02705368 0.054095227
0.014 0.02911699 0.056569304
0.0145 0.03115541 0.058950845
0.015 0.03316886 0.06124435
0.0155 0.03515738 0.06345381
0.016 0.03712117 0.065583006
0.0165 0.03906051 0.06763573
0.017 0.04097569 0.069615304
0.0175 0.04286704 0.07152501
0.018 0.04473485 0.07336801
0.0185 0.04657942 0.075147256
0.019 0.04840102 0.076865554
0.0195 0.05019991 0.07852544
0.02 0.05197633 0.08012958
0.0205 0.05373051 0.08168021
0.021 0.05545158 0.08317976
0.0215 0.05711745 0.084630325
0.022 0.05875715 0.086033985
0.0225 0.0603806 0.08739272
0.023 0.06199219 0.088708356
0.0235 0.06359662 0.08998282
0.024 0.06519169 0.09121768
0.0245 0.06677389 0.09241453
0.025 0.06834028 0.09357494
0.0255 0.06988891 0.09470044
0.026 0.07141863 0.0957924
0.0265 0.07292885 0.09685208
0.027 0.07441867 0.097880885
0.0275 0.07586508 0.09887996
0.028 0.07727638 0.099850506
0.0285 0.07867564 0.100793585
0.029 0.08006896 0.10171029
0.0295 0.08145444 0.10260163
0.03 0.08282852 0.10346851
0.0305 0.08418824 0.10431188
0.031 0.08553136 0.10513273
0.0315 0.08685447 0.105931774
0.032 0.0881423 0.10670984
0.0325 0.08940456 0.107467666
0.033 0.09065491 0.10820606
0.0335 0.09189594 0.108925715
0.034 0.09311094 0.10962738
0.0345 0.09430383 0.11031143
0.035 0.09548754 0.11097874
0.0355 0.09666509 0.111629814
0.036 0.09783464 0.112265244
0.0365 0.09899341 0.11288552
0.037 0.1001392 0.11349118
0.0375 0.1012705 0.11408281
0.038 0.1023866 0.11466074
0.0385 0.1034872 0.115225494
0.039 0.1045723 0.11577752
0.0395 0.1056418 0.11631723
0.04 0.1066962 0.11684501
0.0405 0.1077357 0.11736129
0.041 0.1087509 0.11786641
0.0415 0.1097372 0.1183607
0.042 0.1107117 0.118844524
0.0425 0.1116718 0.11931832
0.043 0.1126129 0.11978224
0.0435 0.113549 0.120236665
0.044 0.114482 0.12068182
0.0445 0.1154097 0.12111804
0.045 0.1163291 0.12154563
0.0455 0.117238 0.12196475
0.046 0.1181352 0.12237573
0.0465 0.1190199 0.12277886
0.047 0.1198915 0.12317422
0.0475 0.1207497 0.12356211
0.048 0.1215948 0.12394276
0.0485 0.1224274 0.124316335
0.049 0.123248 0.12468302
0.0495 0.1240571 0.12504312
0.05 0.1248549 0.12539673
0.0505 0.1256417 0.12574403
0.051 0.1264175 0.12608512
0.0515 0.1271824 0.12642036
0.052 0.1279364 0.12674981
0.0525 0.1286799 0.12707369
0.053 0.129413 0.12739192
0.0535 0.130136 0.12770475
0.054 0.130849 0.12801243
0.0545 0.1315521 0.12831503
0.055 0.1322456 0.12861267
0.0555 0.1329292 0.12890546
0.056 0.1336025 0.12919353
0.0565 0.1342615 0.1294771
0.057 0.1348946 0.1297561
0.0575 0.1355069 0.13003078
0.058 0.1361144 0.1303011
0.0585 0.1367224 0.13056737
0.059 0.1373304 0.13082948
0.0595 0.1379361 0.1310876
0.06 0.1385365 0.13134189
0.0605 0.1391264 0.13159242
0.061 0.1397076 0.13183916
0.0615 0.1402821 0.1320823
0.062 0.1408494 0.13232192
0.0625 0.1413926 0.13255814
0.063 0.1419167 0.13279092
0.0635 0.1424384 0.13302036
0.064 0.142963 0.13324665
0.0645 0.1434892 0.13346958
0.065 0.1440142 0.13368951
0.0655 0.1445355 0.13390638
0.066 0.1450515 0.13412033
0.0665 0.145561 0.13433132
0.067 0.1460634 0.13453944
0.0675 0.1465586 0.1347447
0.068 0.1470464 0.13494733
0.0685 0.147527 0.13514721
0.069 0.1480004 0.13534442
0.0695 0.1484668 0.13553914
0.07 0.1489263 0.13573128
0.0705 0.1493792 0.13592091
0.071 0.1498254 0.13610815
0.0715 0.150265 0.136293
0.072 0.1506979 0.13647544
0.0725 0.1511201 0.13665564
0.073 0.1515156 0.13683356
0.0735 0.1518999 0.13700931
0.074 0.152286 0.13718282
0.0745 0.1526766 0.1373543
0.075 0.1530696 0.13752355
0.0755 0.1534623 0.13769089
0.076 0.1538524 0.13785605
0.0765 0.1542385 0.13801923
0.077 0.1546197 0.13818048
0.0775 0.1549956 0.13833982
0.078 0.1553658 0.13849716
0.0785 0.1557294 0.13865279
0.079 0.1560691 0.13880646
0.0795 0.1563912 0.13895836
0.08 0.1567129 0.13910863
0.0805 0.1570396 0.13925695
0.081 0.1573702 0.13940366
0.0815 0.1577021 0.13954867
0.082 0.1580328 0.13969195
0.0825 0.1583606 0.1398336
0.083 0.1586752 0.13997367
0.0835 0.1589658 0.1401121
0.084 0.1592508 0.14024909
0.0845 0.15954 0.14038442
0.085 0.1598341 0.14051822
0.0855 0.1601308 0.14065066
0.086 0.1604274 0.14078158
0.0865 0.1607182 0.14091115
0.087 0.1608334 0.14103915
0.0875 0.1609213 0.14116584
0.088 0.1610855 0.14129108
0.0885 0.1613074 0.14141493
0.089 0.1615616 0.1415374
0.0895 0.1618462 0.14165868
0.09 0.1621492 0.14177856
0.0905 0.1624588 0.14189711
0.091 0.1627667 0.1420145
0.0915 0.1630684 0.1421306
0.092 0.1633614 0.1422454
0.0925 0.1636452 0.14235896
0.093 0.1639198 0.14247139
0.0935 0.1641671 0.14258261
0.094 0.1643688 0.14269269
0.0945 0.164562 0.14280151
0.095 0.1647668 0.14290923
0.0955 0.1649849 0.14301583
0.096 0.1652122 0.14312136
0.0965 0.1654435 0.14322568
0.097 0.1656753 0.143329
0.0975 0.165905 0.14343119
0.098 0.1661312 0.14353235
0.0985 0.1663533 0.14363241
0.099 0.1665711 0.14373147
0.0995 0.1667834 0.14382952
0.1 0.1669894 0.14520444
0.1005 0.1558382 0.1461682
0.101 0.1439953 0.14676496
0.1015 0.1366672 0.14703462
0.102 0.1320546 0.14701341
0.1025 0.128736 0.14673445
0.103 0.1260115 0.14622748
0.1035 0.1235713 0.14552006
0.104 0.1212814 0.14463678
0.1045 0.1190835 0.14360033
0.105 0.1169519 0.14243142
0.1055 0.1148745 0.14114864
0.106 0.1128455 0.13976917
0.1065 0.110862 0.13830867
0.107 0.1089224 0.13678141
0.1075 0.1070256 0.13520011
0.108 0.1051711 0.13357675
0.1085 0.1033583 0.13192183
0.109 0.1015869 0.13024509
0.1095 0.09985657 0.12855521
0.11 0.09816697 0.1290974
0.1105 0.09650123 0.12824327
0.111 0.09485423 0.1262619
0.1115 0.09324428 0.12339391
0.112 0.09167309 0.11985345
0.1125 0.09013965 0.11583045
0.113 0.08864287 0.11149162
0.1135 0.08718199 0.10698186
0.114 0.08575648 0.10242599
0.1145 0.08436597 0.0979297
0.115 0.08301015 0.09358084
0.1155 0.08168874 0.08945088
0.116 0.08040148 0.08559632
0.1165 0.0791481 0.082059786
0.117 0.07792836 0.078871414
0.1175 0.07674198 0.07605052
0.118 0.07558871 0.07360673
0.1185 0.07446827 0.071541116
0.119 0.0733804 0.06984767
0.1195 0.07232483 0.068514615
0.12 0.07130128 0.067524895
0.1205 0.07030949 0.06685801
0.121 0.06934923 0.06649035
0.1215 0.06842021 0.066396356
0.122 0.06752213 0.066548795
0.1225 0.06665467 0.066920236
0.123 0.06581754 0.06748277
0.1235 0.06501044 0.06820892
0.124 0.06423308 0.069071725
0.1245 0.06348517 0.07004534
0.125 0.06276643 0.07110511
0.1255 0.06207657 0.07222772
0.126 0.06141529 0.0733912
0.1265 0.06078232 0.074575275
0.127 0.06017737 0.075761124
0.1275 0.05960015 0.076931536
0.128 0.05905036 0.07807092
0.1285 0.05852773 0.07916503
0.129 0.05803196 0.08020122
0.1295 0.05756277 0.08116835
0.13 0.05711988 0.08205651
0.1305 0.05670299 0.082857355
0.131 0.05631182 0.08356373
0.1315 0.05594608 0.08417007
0.132 0.05560551 0.08467193
0.1325 0.0552898 0.08506651
0.133 0.05499869 0.08535209
0.1335 0.0547319 0.08552854
0.134 0.05448914 0.08559704
0.1345 0.05427013 0.0855602
0.135 0.05407462 0.08542195
0.1355 0.05390231 0.0851876
0.136 0.05375295 0.08486351
0.1365 0.05362626 0.08445731
0.137 0.05352197 0.08397764
0.1375 0.05343982 0.08343384
0.138 0.05337954 0.08283606
0.1385 0.05334088 0.082194805
0.139 0.05332356 0.081520915
0.1395 0.05332733 0.08082533
0.14 0.05335194 0.080118865
0.1405 0.05339714 0.07941209
0.141 0.05346266 0.07871519
0.1415 0.05354826 0.0780378
0.142 0.05365369 0.07738876
0.1425 0.05377871 0.07677649
0.143 0.05392306 0.07620835
0.1435 0.05408652 0.07569106
0.144 0.05426884 0.0752306
0.1445 0.05446978 0.07483202
0.145 0.05468911 0.07449968
0.1455 0.0549266 0.07423726
0.146 0.05518201 0.074047685
0.1465 0.05545512 0.07393341
0.147 0.0557457 0.073896155
0.1475 0.05605352 0.07393716
0.148 0.0563783 0.074057266
0.1485 0.05671984 0.0742569
0.149 0.05707798 0.074536115
0.1495 0.05745256 0.07489461
0.15 0.05784335 0.075320885
0.1505 0.05823996 0.07473789
0.151 0.05860031 0.0738534
0.1515 0.05891632 0.07299332
0.152 0.05919946 0.07227841
0.1525 0.0594593 0.07172772
0.153 0.05970109 0.07131511
0.1535 0.05992723 0.0709991
0.154 0.06013865 0.070737675
0.1545 0.06033515 0.070494115
0.155 0.06051319 0.070239514
0.1555 0.06067496 0.06995247
0.156 0.06082319 0.069618344
0.1565 0.06095838 0.069227874
0.157 0.06108001 0.068776146
0.1575 0.06118731 0.068261415
0.158 0.06127963 0.06768431
0.1585 0.06135648 0.06704712
0.159 0.06141752 0.06635326
0.1595 0.06146251 0.06560682
0.16 0.06149128 0.06481226
0.1605 0.06150373 0.06397417
0.161 0.06149977 0.06309709
0.1615 0.06147936 0.062185604
0.162 0.06144244 0.06124394
0.1625 0.06138899 0.06027614
0.163 0.061319 0.059286017
0.1635 0.06123245 0.058277022
0.164 0.06112936 0.057252366
0.1645 0.06100973 0.056214932
0.165 0.06087359 0.05516735
0.1655 0.06072095 0.054112006
0.166 0.06055186 0.053050954
0.1665 0.06036635 0.05198616
0.167 0.06016448 0.050919224
0.1675 0.0599463 0.049851645
0.168 0.05971187 0.048784632
0.1685 0.05946126 0.047719296
0.169 0.05919455 0.04665665
0.1695 0.05891182 0.045597386
0.17 0.05861315 0.04454219
0.1705 0.05829864 0.043491576
0.171 0.05796838 0.042445976
0.1715 0.05762246 0.041405756
0.172 0.057261 0.040371086
0.1725 0.0568841 0.03934207
0.173 0.05649188 0.038318794
0.1735 0.05608444 0.03730123
0.174 0.05566192 0.0362893
0.1745 0.05522442 0.03528283
0.175 0.05477207 0.03428166
0.1755 0.05430501 0.03328545
0.176 0.05382335 0.032293957
0.1765 0.05332723 0.03130685
0.177 0.05281678 0.030323725
0.1775 0.05229213 0.029344145
0.178 0.05175343 0.028367661
0.1785 0.0512008 0.027393803
0.179 0.0506344 0.026422065
0.1795 0.05005434 0.025451895
0.18 0.04946079 0.02448273
0.1805 0.04885387 0.023513991
0.181 0.04823373 0.02254511
0.1815 0.04760051 0.021575458
0.182 0.04695435 0.020604406
0.1825 0.04629541 0.019631322
0.183 0.04562381 0.018655509
0.1835 0.04493971 0.017676376
0.184 0.04424324 0.01669322
0.1845 0.04353455 0.01570535
0.185 0.04281379 0.01471211
0.1855 0.04208109 0.013712794
0.186 0.0413366 0.012706701
0.1865 0.04058046 0.011693157
0.187 0.03981282 0.0106714405
0.1875 0.0390338 0.00964088
0.188 0.03824356 0.008600766
0.1885 0.03744224 0.007550396
0.189 0.03662997 0.0064890664
0.1895 0.03580688 0.005416127
0.19 0.03497313 0.004330851
0.1905 0.03412884 0.003232563
0.191 0.03327416 0.002120573
0.1915 0.03240921 0.0009942092
0.192 0.03153413 -0.00014715642
0.1925 0.03064906 -0.0013042502
0.193 0.02975412 -0.0024776831
0.1935 0.02884945 -0.0036681034
0.194 0.02793518 -0.004876137
0.1945 0.02701144 -0.006102439
0.195 0.02607834 -0.0073476173
0.1955 0.02513603 -0.008612271
0.196 0.02418463 -0.009897005
0.1965 0.02322425 -0.011202391
0.197 0.02225503 -0.012529012
0.1975 0.02127709 -0.013877418
0.198 0.02029054 -0.015248157
0.1985 0.01929551 -0.01664177
0.199 0.01829211 -0.018058792
0.1995 0.01728046 -0.019499715
0.2 0.01626068 -0.02096505
0.2005 0.01523797 -0.022592325
0.201 0.01423338 -0.02433439
0.2015 0.01325095 -0.026139535
0.202 0.01228494 -0.027961623
0.2025 0.01133057 -0.029763523
0.203 0.01038524 -0.031517506
0.2035 0.009447742 -0.0332042
0.204 0.008517615 -0.034811184
0.2045 0.00759473 -0.03633138
0.205 0.006679107 -0.03776171
0.2055 0.005770831 -0.039102104
0.206 0.004870009 -0.04035438
0.2065 0.003976755 -0.041521844
0.207 0.003091178 -0.042608544
0.2075 0.002213382 -0.043619063
0.208 0.001343463 -0.04455818
0.2085 0.0004815077 -0.04543066
0.209 -0.0003724039 -0.046241228
0.2095 -0.001218202 -0.046994396
0.21 -0.002055824 -0.047694497
0.2105 -0.002885216 -0.048345547
0.211 -0.00370633 -0.048951335
0.2115 -0.004519128 -0.04951543
0.212 -0.005323576 -0.05004106
0.2125 -0.006119648 -0.05053125
0.213 -0.006907323 -0.050988793
0.2135 -0.007686588 -0.051416278
0.214 -0.008457434 -0.051815998
0.2145 -0.009219857 -0.052190173
0.215 -0.009973859 -0.052540787
0.2155 -0.01071945 -0.052869644
0.216 -0.01145663 -0.05317841
0.2165 -0.01218543 -0.053468622
0.217 -0.01290585 -0.053741675
0.2175 -0.01361794 -0.05399886
0.218 -0.0143217 -0.05424135
0.2185 -0.01501717 -0.054470226
0.219 -0.01570439 -0.054686453
0.2195 -0.01638339 -0.054890957
0.22 -0.01705422 -0.055084582
0.2205 -0.0177169 -0.055268053
0.221 -0.0183715 -0.05544207
0.2215 -0.01901804 -0.05560731
0.222 -0.0196566 -0.055764318
0.2225 -0.0202872 -0.055913642
0.223 -0.02090992 -0.05605581
0.2235 -0.0215248 -0.056191243
0.224 -0.0221319 -0.056320384
0.2245 -0.02273129 -0.0564436
0.225 -0.02332301 -0.056561258
0.2255 -0.02390713 -0.05667369
0.226 -0.02448371 -0.0567812
0.2265 -0.02505282 -0.05688406
0.227 -0.02561453 -0.05698255
0.2275 -0.02616889 -0.057076883
0.228 -0.02671597 -0.057167303
0.2285 -0.02725584 -0.057254016
0.229 -0.02778857 -0.0573372
0.2295 -0.02831423 -0.057417065
0.23 -0.02883289 -0.057493757
0.2305 -0.02934461 -0.057567403
0.231 -0.02984947 -0.057638217
0.2315 -0.03034753 -0.057706244
0.232 -0.03083887 -0.057771727
0.2325 -0.03132356 -0.057834703
0.233 -0.03180167 -0.05789527
0.2335 -0.03227327 -0.057953596
0.234 -0.03273843 -0.058009747
0.2345 -0.03319722 -0.05806384
0.235 -0.03364971 -0.05811593
0.2355 -0.03409598 -0.058166128
0.236 -0.0345361 -0.05821449
0.2365 -0.03497014 -0.058261096
0.237 -0.03539816 -0.058306027
0.2375 -0.03582024 -0.05834935
0.238 -0.03623645 -0.058391128
0.2385 -0.03664686 -0.058431398
0.239 -0.03705154 -0.058470257
0.2395 -0.03745056 -0.058507722
0.24 -0.03784399 -0.058543883
0.2405 -0.03823189 -0.05857874
0.241 -0.03861434 -0.058612395
0.2415 -0.0389914 -0.058644846
0.242 -0.03936315 -0.058676172
0.2425 -0.03972964 -0.05870641
0.243 -0.04009095 -0.0587356
0.2435 -0.04044714 -0.058763765
0.244 -0.04079827 -0.058790937
0.2445 -0.04114442 -0.058817178
0.245 -0.04148565 -0.058842488
0.2455 -0.04182202 -0.058866918
0.246 -0.04215359 -0.058890507
0.2465 -0.04248043 -0.058913298
0.247 -0.0428026 -0.05893527
0.2475 -0.04312017 -0.058956493
0.248 -0.04343318 -0.05897698
0.2485 -0.04374172 -0.058996763
0.249 -0.04404583 -0.05901585
0.2495 -0.04434557 -0.059034273
0.25 -0.04464101 -0.059052072
0.2505 -0.0449322 -0.059069272
0.251 -0.0452192 -0.059085883
0.2515 -0.04550207 -0.059101876
0.252 -0.04578087 -0.059117325
0.2525 -0.04605564 -0.05913224
0.253 -0.04632645 -0.059146624
0.2535 -0.04659336 -0.059160545
0.254 -0.0468564 -0.059173964
0.2545 -0.04711565 -0.0591869
0.255 -0.04737115 -0.05919942
0.2555 -0.04762295 -0.059211504
0.256 -0.04787111 -0.05922314
0.2565 -0.04811568 -0.05923439
0.257 -0.0483567 -0.05924526
0.2575 -0.04859423 -0.059255734
0.258 -0.04882832 -0.05926586
0.2585 -0.04905902 -0.059275635
0.259 -0.04928637 -0.059285056
0.2595 -0.04951042 -0.059294157
0.26 -0.04973122 -0.05930294
0.2605 -0.04994881 -0.059311457
0.261 -0.05016325 -0.05931962
0.2615 -0.05037457 -0.059327535
0.262 -0.05058283 -0.059335146
0.2625 -0.05078806 -0.059342522
0.263 -0.0509903 -0.059349615
0.2635 -0.05118961 -0.059356496
0.264 -0.05138603 -0.059363108
0.2645 -0.05157958 -0.059369486
0.265 -0.05177033 -0.05937566
0.2655 -0.0519583 -0.05938162
0.266 -0.05214354 -0.059387356
0.2665 -0.05232609 -0.05939289
0.267 -0.05250599 -0.059398256
0.2675 -0.05268327 -0.05940341
0.268 -0.05285797 -0.05940839
0.2685 -0.05303014 -0.059413183
0.269 -0.0531998 -0.059417807
0.2695 -0.053367 -0.05942228
0.27 -0.05353176 -0.059426613
0.2705 -0.05369414 -0.05943076
0.271 -0.05385415 -0.059434768
0.2715 -0.05401184 -0.059438653
0.272 -0.05416724 -0.05944242
0.2725 -0.05432038 -0.059446022
0.273 -0.0544713 -0.059449498
0.2735 -0.05462003 -0.059452854
0.274 -0.0547666 -0.059456125
0.2745 -0.05491104 -0.059459247
0.275 -0.05505339 -0.059462268
0.2755 -0.05519367 -0.059465177
0.276 -0.05533191 -0.059467997
0.2765 -0.05546816 -0.05947069
0.277 -0.05560242 -0.059473295
0.2775 -0.05573474 -0.05947584
0.278 -0.05586514 -0.05947828
0.2785 -0.05599366 -0.05948064
0.279 -0.05612031 -0.05948291
0.2795 -0.05624513 -0.059485096
0.28 -0.05636814 -0.059487224
0.2805 -0.05648937 -0.059489246
0.281 -0.05660885 -0.059491184
0.2815 -0.0567266 -0.059493102
0.282 -0.05684265 -0.059494942
0.2825 -0.05695702 -0.059496697
0.283 -0.05706973 -0.059498426
0.2835 -0.05718082 -0.059500065
0.284 -0.05729031 -0.059501648
0.2845 -0.05739821 -0.05950317
0.285 -0.05750456 -0.059504643
0.2855 -0.05760938 -0.05950606
0.286 -0.05771268 -0.059507433
0.2865 -0.05781449 -0.059508756
0.287 -0.05791484 -0.059510045
0.2875 -0.05801374 -0.059511267
0.288 -0.05811122 -0.059512448
0.2885 -0.0582073 -0.0595136
0.289 -0.05830199 -0.0595147
0.2895 -0.05839532 -0.05951578
0.29 -0.05848731 -0.059516806
0.2905 -0.05857798 -0.059517805
0.291 -0.05866735 -0.05951875
0.2915 -0.05875543 -0.05951968
0.292 -0.05884225 -0.05952057
0.2925 -0.05892782 -0.05952144
0.293 -0.05901217 -0.05952227
0.2935 -0.05909531 -0.059523053
0.294 -0.05917725 -0.059523832
0.2945 -0.05925803 -0.05952458
0.295 -0.05933764 -0.059525304
0.2955 -0.05941612 -0.059526004
0.296 -0.05949348 -0.05952668
0.2965 -0.05956973 -0.05952732
0.297 -0.05964489 -0.059527956
0.2975 -0.05971897 -0.059528537
0.298 -0.059792 -0.05952912
0.2985 -0.05986399 -0.059529677
0.299 -0.05993495 -0.05953022
0.2995 -0.0600049 -0.059530742
0.3 -0.06007385 -0.059531234
0.3005 -0.06014182 -0.05953173
0.301 -0.06020882 -0.059532184
0.3015 -0.06027487 -0.059532627
0.302 -0.06033998 -0.05953306
0.3025 -0.06040417 -0.059533488
0.303 -0.06046744 -0.059533864
0.3035 -0.06052981 -0.059534255
0.304 -0.0605913 -0.059534613
0.3045 -0.06065192 -0.059534978
0.305 -0.06071167 -0.05953534
0.3055 -0.06077058 -0.059535656
0.306 -0.06082866 -0.059535995
0.3065 -0.06088591 -0.059536293
0.307 -0.06094235 -0.059536606
0.3075 -0.06099799 -0.05953689
0.308 -0.06105285 -0.059537176
0.3085 -0.06110693 -0.059537437
0.309 -0.06116025 -0.0595377
0.3095 -0.06121281 -0.059537962
0.31 -0.06126464 -0.05953819
0.3105 -0.06131573 -0.059538446
0.311 -0.0613661 -0.05953868
0.3115 -0.06141576 -0.059538905
0.312 -0.06146472 -0.05953911
0.3125 -0.06151299 -0.059539303
0.313 -0.06156059 -0.05953951
0.3135 -0.06160751 -0.059539687
0.314 -0.06165377 -0.059539877
0.3145 -0.06169939 -0.05954005
0.315 -0.06174436 -0.059540227
0.3155 -0.0617887 -0.059540372
0.316 -0.06183242 -0.05954052
0.3165 -0.06187553 -0.059540678
0.317 -0.06191803 -0.059540845
0.3175 -0.06195994 -0.059540994
0.318 -0.06200126 -0.05954113
0.3185 -0.062042 -0.05954126
0.319 -0.06208217 -0.059541382
0.3195 -0.06212178 -0.059541494
0.32 -0.06216084 -0.0595416
0.3205 -0.06219935 -0.059541725
0.321 -0.06223732 -0.05954182
0.3215 -0.06227477 -0.059541922
0.322 -0.06231169 -0.05954204
0.3225 -0.06234809 -0.059542146
0.323 -0.06238399 -0.05954224
0.3235 -0.06241939 -0.059542354
0.324 -0.0624543 -0.059542432
0.3245 -0.06248872 -0.05954252
0.325 -0.06252266 -0.059542593
0.3255 -0.06255613 -0.05954266
0.326 -0.06258914 -0.05954274
0.3265 -0.06262168 -0.059542812
0.327 -0.06265378 -0.05954288
0.3275 -0.06268543 -0.05954294
0.328 -0.06271664 -0.059543025
0.3285 -0.06274742 -0.05954309
0.329 -0.06277777 -0.059543125
0.3295 -0.0628077 -0.059543204
0.33 -0.06283722 -0.059543252
0.3305 -0.06286633 -0.059543308
0.331 -0.06289503 -0.059543353
0.3315 -0.06292334 -0.05954341
0.332 -0.06295126 -0.05954348
0.3325 -0.06297879 -0.059543498
0.333 -0.06300595 -0.059543543
0.3335 -0.06303273 -0.059543595
0.334 -0.06305913 -0.059543625
0.3345 -0.06308518 -0.059543665
0.335 -0.06311087 -0.059543725
0.3355 -0.0631362 -0.059543766
0.336 -0.06316118 -0.059543796
0.3365 -0.06318582 -0.059543826
0.337 -0.06321012 -0.05954384
0.3375 -0.06323409 -0.0595439
0.338 -0.06325773 -0.059543926
0.3385 -0.06328104 -0.059543967
0.339 -0.06330403 -0.059543997
0.3395 -0.06332671 -0.059544027
0.34 -0.06334908 -0.059544053
0.3405 -0.06337114 -0.05954408
0.341 -0.0633929 -0.0595441
0.3415 -0.06341436 -0.059544116
0.342 -0.06343552 -0.05954415
0.3425 -0.0634564 -0.059544176
0.343 -0.06347699 -0.059544206
0.3435 -0.0634973 -0.059544213
0.344 -0.06351733 -0.05954423
0.3445 -0.06353709 -0.059544254
0.345 -0.06355658 -0.059544284
0.3455 -0.0635758 -0.059544295
0.346 -0.06359476 -0.059544314
0.3465 -0.06361347 -0.059544332
0.347 -0.06363191 -0.059544347
0.3475 -0.06365011 -0.059544355
0.348 -0.06366806 -0.059544373
0.3485 -0.06368576 -0.05954438
0.349 -0.06370322 -0.0595444
0.3495 -0.06372045 -0.059544425
0.35 -0.06373744 -0.059544418
0.3505 -0.0637542 -0.059544433
0.351 -0.06377073 -0.05954446
0.3515 -0.06378704 -0.05954447
0.352 -0.06380313 -0.059544474
0.3525 -0.06381899 -0.05954448
0.353 -0.06383465 -0.059544474
0.3535 -0.06385009 -0.059544496
0.354 -0.06386532 -0.059544504
0.3545 -0.06388034 -0.059544507
0.355 -0.06389517 -0.059544515
0.3555 -0.06390979 -0.059544545
0.356 -0.06392421 -0.059544545
0.3565 -0.06393844 -0.059544556
0.357 -0.06395248 -0.059544574
0.3575 -0.06396632 -0.05954459
0.358 -0.06397998 -0.059544597
0.3585 -0.06399346 -0.05954461
0.359 -0.06400675 -0.059544615
0.3595 -0.06401986 -0.059544615
0.36 -0.0640328 -0.059544638
0.3605 -0.06404556 -0.05954463
0.361 -0.06405815 -0.059544627
0.3615 -0.06407058 -0.05954463
0.362 -0.06408283 -0.05954463
0.3625 -0.06409492 -0.059544638
0.363 -0.06410684 -0.059544653
0.3635 -0.06411861 -0.05954464
0.364 -0.06413022 -0.059544653
0.3645 -0.06414167 -0.059544653
0.365 -0.06415297 -0.05954464
0.3655 -0.06416411 -0.05954465
0.366 -0.06417511 -0.05954465
0.3665 -0.06418596 -0.059544653
0.367 -0.06419666 -0.05954467
0.3675 -0.06420722 -0.05954469
0.368 -0.06421764 -0.05954469
0.3685 -0.06422792 -0.05954469
0.369 -0.06423806 -0.059544683
0.3695 -0.06424806 -0.05954469
0.37 -0.06425793 -0.05954469
0.3705 -0.06426767 -0.05954469
0.371 -0.06427728 -0.05954469
0.3715 -0.06428676 -0.059544705
0.372 -0.06429611 -0.059544705
0.3725 -0.06430534 -0.059544712
0.373 -0.06431445 -0.059544723
0.3735 -0.06432343 -0.059544723
0.374 -0.06433229 -0.05954473
0.3745 -0.06434104 -0.05954474
0.375 -0.06434967 -0.05954474
0.3755 -0.06435818 -0.059544746
0.376 -0.06436658 -0.05954474
0.3765 -0.06437487 -0.059544753
0.377 -0.06438305 -0.059544753
0.3775 -0.06439112 -0.05954476
0.378 -0.06439908 -0.059544783
0.3785 -0.06440693 -0.059544794
0.379 -0.06441468 -0.05954479
0.3795 -0.06442233 -0.059544787
0.38 -0.06442988 -0.059544787
0.3805 -0.06443732 -0.059544787
0.381 -0.06444467 -0.059544787
0.3815 -0.06445192 -0.059544787
0.382 -0.06445907 -0.059544787
0.3825 -0.06446613 -0.059544787
0.383 -0.0644731 -0.059544787
0.3835 -0.06447997 -0.059544787
0.384 -0.06448675 -0.059544787
0.3845 -0.06449344 -0.059544787
0.385 -0.06450004 -0.059544787
0.3855 -0.06450656 -0.059544787
0.386 -0.06451299 -0.059544787
0.3865 -0.06451933 -0.059544787
0.387 -0.06452559 -0.059544787
0.3875 -0.06453176 -0.059544787
0.388 -0.06453786 -0.059544787
0.3885 -0.06454387 -0.059544787
0.389 -0.06454981 -0.059544787
0.3895 -0.06455566 -0.059544787
0.39 -0.06456144 -0.059544787
0.3905 -0.06456715 -0.059544787
0.391 -0.06457277 -0.059544787
0.3915 -0.06457833 -0.059544787
0.392 -0.06458381 -0.059544787
0.3925 -0.06458921 -0.059544787
0.393 -0.06459455 -0.059544787
0.3935 -0.06459981 -0.059544787
0.394 -0.06460501 -0.059544787
0.3945 -0.06461014 -0.059544787
0.395 -0.0646152 -0.059544787
0.3955 -0.06462019 -0.059544787
0.396 -0.06462512 -0.059544787
0.3965 -0.06462998 -0.059544787
0.397 -0.06463478 -0.059544787
0.3975 -0.06463952 -0.059544787
0.398 -0.06464419 -0.059544787
0.3985 -0.0646488 -0.059544787
0.399 -0.06465335 -0.059544787
0.3995 -0.06465784 -0.059544787
0.4 -0.06466227 -0.059544787
0.4005 -0.06466665 -0.059544787
0.401 -0.06467097 -0.059544787
0.4015 -0.06467523 -0.059544787
0.402 -0.06467943 -0.059544787
0.4025 -0.06468358 -0.059544787
0.403 -0.06468767 -0.059544787
0.4035 -0.06469171 -0.059544787
0.404 -0.0646957 -0.059544787
0.4045 -0.06469964 -0.059544787
0.405 -0.06470352 -0.059544787
0.4055 -0.06470735 -0.059544787
0.406 -0.06471114 -0.059544787
0.4065 -0.06471487 -0.059544787
0.407 -0.06471855 -0.059544787
0.4075 -0.06472219 -0.059544787
0.408 -0.06472578 -0.059544787
0.4085 -0.06472932 -0.059544787
0.409 -0.06473281 -0.059544787
0.4095 -0.06473626 -0.059544787
0.41 -0.06473967 -0.059544787
0.4105 -0.06474303 -0.059544787
0.411 -0.06474634 -0.059544787
0.4115 -0.06474962 -0.059544787
0.412 -0.06475285 -0.059544787
0.4125 -0.06475603 -0.059544787
0.413 -0.06475918 -0.059544787
0.4135 -0.06476228 -0.059544787
0.414 -0.06476535 -0.059544787
0.4145 -0.06476837 -0.059544787
0.415 -0.06477136 -0.059544787
0.4155 -0.0647743 -0.059544787
0.416 -0.06477721 -0.059544787
0.4165 -0.06478008 -0.059544787
0.417 -0.06478291 -0.059544787
0.4175 -0.06478571 -0.059544787
0.418 -0.06478847 -0.059544787
0.4185 -0.06479119 -0.059544787
0.419 -0.06479388 -0.059544787
0.4195 -0.06479653 -0.059544787
0.42 -0.06479915 -0.059544787
0.4205 -0.06480173 -0.059544787
0.421 -0.06480428 -0.059544787
0.4215 -0.0648068 -0.059544787
0.422 -0.06480928 -0.059544787
0.4225 -0.06481173 -0.059544787
0.423 -0.06481415 -0.059544787
0.4235 -0.06481654 -0.059544787
0.424 -0.0648189 -0.059544787
0.4245 -0.06482123 -0.059544787
0.425 -0.06482353 -0.059544787
0.4255 -0.06482579 -0.059544787
0.426 -0.06482803 -0.059544787
0.4265 -0.06483024 -0.059544787
0.427 -0.06483242 -0.059544787
0.4275 -0.06483457 -0.059544787
0.428 -0.06483669 -0.059544787
0.4285 -0.06483879 -0.059544787
0.429 -0.06484086 -0.059544787
0.4295 -0.0648429 -0.059544787
0.43 -0.06484492 -0.059544787
0.4305 -0.0648469 -0.059544787
0.431 -0.06484887 -0.059544787
0.4315 -0.06485081 -0.059544787
0.432 -0.06485272 -0.059544787
0.4325 -0.06485461 -0.059544787
0.433 -0.06485647 -0.059544787
0.4335 -0.06485831 -0.059544787
0.434 -0.06486013 -0.059544787
0.4345 -0.06486192 -0.059544787
0.435 -0.06486369 -0.059544787
0.4355 -0.06486543 -0.059544787
0.436 -0.06486716 -0.059544787
0.4365 -0.06486886 -0.059544787
0.437 -0.06487054 -0.059544787
0.4375 -0.0648722 -0.059544787
0.438 -0.06487383 -0.059544787
0.4385 -0.06487545 -0.059544787
0.439 -0.06487704 -0.059544787
0.4395 -0.06487862 -0.059544787
0.44 -0.06488017 -0.059544787
0.4405 -0.0648817 -0.059544787
0.441 -0.06488322 -0.059544787
0.4415 -0.06488471 -0.059544787
0.442 -0.06488618 -0.059544787
0.4425 -0.06488764 -0.059544787
0.443 -0.06488908 -0.059544787
0.4435 -0.06489049 -0.059544787
0.444 -0.06489189 -0.059544787
0.4445 -0.06489328 -0.059544787
0.445 -0.06489464 -0.059544787
0.4455 -0.06489599 -0.059544787
0.446 -0.06489732 -0.059544787
0.4465 -0.06489863 -0.059544787
0.447 -0.06489992 -0.059544787
0.4475 -0.0649012 -0.059544787
0.448 -0.06490246 -0.059544787
0.4485 -0.06490371 -0.059544787
0.449 -0.06490494 -0.059544787
0.4495 -0.06490615 -0.059544787
0.45 -0.06490735 -0.059544787
0.4505 -0.06490853 -0.059544787
0.451 -0.0649097 -0.059544787
0.4515 -0.06491085 -0.059544787
0.452 -0.06491199 -0.059544787
0.4525 -0.06491311 -0.059544787
0.453 -0.06491422 -0.059544787
0.4535 -0.06491532 -0.059544787
0.454 -0.0649164 -0.059544787
0.4545 -0.06491746 -0.059544787
0.455 -0.06491852 -0.059544787
0.4555 -0.06491955 -0.059544787
0.456 -0.06492058 -0.059544787
0.4565 -0.06492159 -0.059544787
0.457 -0.06492259 -0.059544787
0.4575 -0.06492358 -0.059544787
0.458 -0.06492455 -0.059544787
0.4585 -0.06492551 -0.059544787
0.459 -0.06492646 -0.059544787
0.4595 -0.0649274 -0.059544787
0.46 -0.06492833 -0.059544787
0.4605 -0.06492924 -0.059544787
0.461 -0.06493014 -0.059544787
0.4615 -0.06493103 -0.059544787
0.462 -0.06493191 -0.059544787
0.4625 -0.06493277 -0.059544787
0.463 -0.06493363 -0.059544787
0.4635 -0.06493448 -0.059544787
0.464 -0.06493531 -0.059544787
0.4645 -0.06493613 -0.059544787
0.465 -0.06493695 -0.059544787
0.4655 -0.06493775 -0.059544787
0.466 -0.06493854 -0.059544787
0.4665 -0.06493932 -0.059544787
0.467 -0.06494009 -0.059544787
0.4675 -0.06494086 -0.059544787
0.468 -0.06494161 -0.059544787
0.4685 -0.06494235 -0.059544787
0.469 -0.06494308 -0.059544787
0.4695 -0.06494381 -0.059544787
0.47 -0.06494452 -0.059544787
0.4705 -0.06494523 -0.059544787
0.471 -0.06494592 -0.059544787
0.4715 -0.06494661 -0.059544787
0.472 -0.06494729 -0.059544787
0.4725 -0.06494796 -0.059544787
0.473 -0.06494862 -0.059544787
0.4735 -0.06494928 -0.059544787
0.474 -0.06494992 -0.059544787
0.4745 -0.06495056 -0.059544787
0.475 -0.06495118 -0.059544787
0.4755 -0.0649518 -0.059544787
0.476 -0.06495242 -0.059544787
0.4765 -0.06495302 -0.059544787
0.477 -0.06495362 -0.059544787
0.4775 -0.06495421 -0.059544787
0.478 -0.06495479 -0.059544787
0.4785 -0.06495536 -0.059544787
0.479 -0.06495593 -0.059544787
0.4795 -0.06495649 -0.059544787
0.48 -0.06495704 -0.059544787
0.4805 -0.06495759 -0.059544787
0.481 -0.06495812 -0.059544787
0.4815 -0.06495866 -0.059544787
0.482 -0.06495918 -0.059544787
0.4825 -0.0649597 -0.059544787
0.483 -0.06496021 -0.059544787
0.4835 -0.06496071 -0.059544787
0.484 -0.06496121 -0.059544787
0.4845 -0.0649617 -0.059544787
0.485 -0.06496219 -0.059544787
0.4855 -0.06496267 -0.059544787
0.486 -0.06496314 -0.059544787
0.4865 -0.06496361 -0.059544787
0.487 -0.06496407 -0.059544787
0.4875 -0.06496453 -0.059544787
0.488 -0.06496498 -0.059544787
0.4885 -0.06496542 -0.059544787
0.489 -0.06496586 -0.059544787
0.4895 -0.06496629 -0.059544787
0.49 -0.06496672 -0.059544787
0.4905 -0.06496714 -0.059544787
0.491 -0.06496756 -0.059544787
0.4915 -0.06496797 -0.059544787
0.492 -0.06496837 -0.059544787
0.4925 -0.06496878 -0.059544787
0.493 -0.06496917 -0.059544787
0.4935 -0.06496956 -0.059544787
0.494 -0.06496995 -0.059544787
0.4945 -0.06497033 -0.059544787
0.495 -0.0649707 -0.059544787
0.4955 -0.06497107 -0.059544787
0.496 -0.06497144 -0.059544787
0.4965 -0.0649718 -0.059544787
0.497 -0.06497216 -0.059544787
0.4975 -0.06497251 -0.059544787
0.498 -0.06497286 -0.059544787
0.4985 -0.0649732 -0.059544787
0.499 -0.06497354 -0.059544787
0.4995 -0.06497388 -0.059544787
