0.0 -0.065 -0.04993186
0.0005 -0.065 -0.05007902
0.001 -0.065 -0.05112858
0.0015 -0.065 -0.05241679
0.002 -0.065 -0.053687103
0.0025 -0.065 -0.054852735
0.003 -0.065 -0.055893585
0.0035 -0.065 -0.05681409
0.004 -0.065 -0.057626586
0.0045 -0.065 -0.058344886
0.005 -0.065 -0.058981955
0.0055 -0.065 -0.059549235
0.006 -0.065 -0.060056526
0.0065 -0.065 -0.06051214
0.007 -0.065 -0.06092309
0.0075 -0.065 -0.06129528
0.008 -0.065 -0.061633676
0.0085 -0.065 -0.061942488
0.009 -0.065 -0.062225256
0.0095 -0.065 -0.062484987
0.01 -0.065 -0.06272423
0.0105 -0.065 -0.062945165
0.011 -0.065 -0.063149646
0.0115 -0.065 -0.06333928
0.012 -0.065 -0.06351543
0.0125 -0.065 -0.06367931
0.013 -0.065 -0.06383194
0.0135 -0.065 -0.06397424
0.014 -0.065 -0.064107
0.0145 -0.065 -0.06423095
0.015 -0.065 -0.0643467
0.0155 -0.065 -0.06445484
0.016 -0.065 -0.064555846
0.0165 -0.065 -0.0646502
0.017 -0.065 -0.06473832
0.0175 -0.065 -0.06482058
0.018 -0.065 -0.064897336
0.0185 -0.065 -0.06496892
0.019 -0.065 -0.065035634
0.0195 -0.065 -0.06509775
0.02 -0.065 -0.06515554
0.0205 -0.065 -0.06520925
0.021 -0.065 -0.06525909
0.0215 -0.065 -0.0653053
0.022 -0.065 -0.06534809
0.0225 -0.065 -0.06538762
0.023 -0.065 -0.06542411
0.0235 -0.065 -0.0654577
0.024 -0.065 -0.06548859
0.0245 -0.065 -0.06551691
0.025 -0.065 -0.06554281
0.0255 -0.065 -0.065566435
0.026 -0.065 -0.06558792
0.0265 -0.065 -0.065607384
0.027 -0.065 -0.06562496
0.0275 -0.065 -0.06564075
0.028 -0.065 -0.06565487
0.0285 -0.065 -0.065667406
0.029 -0.065 -0.06567848
0.0295 -0.065 -0.06568817
0.03 -0.065 -0.06569656
0.0305 -0.065 -0.06570375
0.031 -0.065 -0.0657098
0.0315 -0.065 -0.06571481
0.032 -0.065 -0.065718815
0.0325 -0.065 -0.06572191
0.033 -0.065 -0.06572415
0.0335 -0.065 -0.065725595
0.034 -0.065 -0.06572631
0.0345 -0.065 -0.06572633
0.035 -0.065 -0.06572573
0.0355 -0.065 -0.06572453
0.036 -0.065 -0.06572279
0.0365 -0.065 -0.06572057
0.037 -0.065 -0.06571788
0.0375 -0.065 -0.06571478
0.038 -0.065 -0.06571129
0.0385 -0.065 -0.06570745
0.039 -0.065 -0.0657033
0.0395 -0.065 -0.06569886
0.04 -0.065 -0.06569415
0.0405 -0.065 -0.06568922
0.041 -0.065 -0.06568409
0.0415 -0.065 -0.06567875
0.042 -0.065 -0.06567326
0.0425 -0.065 -0.06566762
0.043 -0.065 -0.06566187
0.0435 -0.065 -0.06565601
0.044 -0.065 -0.065650046
0.0445 -0.065 -0.06564402
0.045 -0.065 -0.06563793
0.0455 -0.065 -0.06563179
0.046 -0.065 -0.065625615
0.0465 -0.065 -0.06561943
0.047 -0.065 -0.065613225
0.0475 -0.065 -0.065607026
0.048 -0.065 -0.06560083
0.0485 -0.065 -0.06559464
0.049 -0.065 -0.06558849
0.0495 -0.065 -0.065582365
0.05 -0.065 -0.06557628
0.0505 -0.065 -0.065570235
0.051 -0.065 -0.06556425
0.0515 -0.065 -0.06555832
0.052 -0.065 -0.06555244
0.0525 -0.065 -0.06554665
0.053 -0.065 -0.0655409
0.0535 -0.065 -0.06553524
0.054 -0.065 -0.06552965
0.0545 -0.065 -0.065524146
0.055 -0.065 -0.065518714
0.0555 -0.065 -0.06551337
0.056 -0.065 -0.06550811
0.0565 -0.065 -0.06550294
0.057 -0.065 -0.06549787
0.0575 -0.065 -0.065492876
0.058 -0.065 -0.06548799
0.0585 -0.065 -0.065483175
0.059 -0.065 -0.06547847
0.0595 -0.065 -0.06547385
0.06 -0.065 -0.065469325
0.0605 -0.065 -0.0654649
0.061 -0.065 -0.06546056
0.0615 -0.065 -0.06545633
0.062 -0.065 -0.06545218
0.0625 -0.065 -0.065448135
0.063 -0.065 -0.06544418
0.0635 -0.065 -0.06544033
0.064 -0.065 -0.06543656
0.0645 -0.065 -0.065432884
0.065 -0.065 -0.0654293
0.0655 -0.065 -0.06542581
0.066 -0.065 -0.065422416
0.0665 -0.065 -0.06541911
0.067 -0.065 -0.0654159
0.0675 -0.065 -0.06541276
0.068 -0.065 -0.06540972
0.0685 -0.065 -0.06540676
0.069 -0.065 -0.06540389
0.0695 -0.065 -0.06540111
0.07 -0.065 -0.06539841
0.0705 -0.065 -0.06539579
0.071 -0.065 -0.065393254
0.0715 -0.065 -0.06539079
0.072 -0.065 -0.06538841
0.0725 -0.065 -0.06538612
0.073 -0.065 -0.06538388
0.0735 -0.065 -0.065381736
0.074 -0.065 -0.065379664
0.0745 -0.065 -0.06537767
0.075 -0.065 -0.06537573
0.0755 -0.065 -0.065373875
0.076 -0.065 -0.06537209
0.0765 -0.065 -0.065370366
0.077 -0.065 -0.06536872
0.0775 -0.065 -0.06536713
0.078 -0.065 -0.06536561
0.0785 -0.065 -0.06536416
0.079 -0.065 -0.06536277
0.0795 -0.065 -0.065361425
0.08 -0.065 -0.06536016
0.0805 -0.065 -0.06535895
0.081 -0.065 -0.0653578
0.0815 -0.065 -0.0653567
0.082 -0.065 -0.06535566
0.0825 -0.065 -0.06535467
0.083 -0.065 -0.06535374
0.0835 -0.065 -0.06535286
0.084 -0.065 -0.06535203
0.0845 -0.065 -0.065351255
0.085 -0.065 -0.065350525
0.0855 -0.065 -0.06534985
0.086 -0.065 -0.06534921
0.0865 -0.065 -0.065348625
0.087 -0.065 -0.06534808
0.0875 -0.065 -0.06534758
0.088 -0.065 -0.06534713
0.0885 -0.065 -0.065346725
0.089 -0.065 -0.06534636
0.0895 -0.065 -0.065346025
0.09 -0.065 -0.065345734
0.0905 -0.065 -0.06534548
0.091 -0.065 -0.06534527
0.0915 -0.065 -0.06534509
0.092 -0.065 -0.06534496
0.0925 -0.065 -0.065344855
0.093 -0.065 -0.065344796
0.0935 -0.065 -0.06534476
0.094 -0.065 -0.06534475
0.0945 -0.065 -0.06534479
0.095 -0.065 -0.06534485
0.0955 -0.065 -0.065344945
0.096 -0.065 -0.06534506
0.0965 -0.065 -0.06534521
0.097 -0.065 -0.06534539
0.0975 -0.065 -0.0653456
0.098 -0.065 -0.06534583
0.0985 -0.065 -0.06534609
0.099 -0.065 -0.06534638
0.0995 -0.065 -0.06534669
0.1 -0.065 -0.06408526
0.1005 -0.06490931 -0.062964305
0.101 -0.06459041 -0.06200259
0.1015 -0.06412416 -0.061182015
0.102 -0.06357079 -0.060470007
0.1025 -0.06295184 -0.05983041
0.103 -0.06227563 -0.059228644
0.1035 -0.06154685 -0.058634058
0.104 -0.06077438 -0.05802071
0.1045 -0.05996042 -0.05736738
0.105 -0.05910016 -0.056657247
0.1055 -0.05818633 -0.055877388
0.106 -0.05722594 -0.055018216
0.1065 -0.05622177 -0.05407304
0.107 -0.0551669 -0.053037524
0.1075 -0.05406833 -0.05190931
0.108 -0.05293315 -0.050687674
0.1085 -0.05176191 -0.04937318
0.109 -0.05055305 -0.047967374
0.1095 -0.04930495 -0.04647267
0.11 -0.0480166 -0.044892013
0.1105 -0.04668754 -0.043228805
0.111 -0.04531779 -0.04148673
0.1115 -0.04390853 -0.03966966
0.112 -0.04246399 -0.03778155
0.1125 -0.0409826 -0.035826363
0.113 -0.03946195 -0.033808026
0.1135 -0.03790136 -0.031730384
0.114 -0.03630114 -0.029597146
0.1145 -0.03466211 -0.027411897
0.115 -0.03298532 -0.025178038
0.1155 -0.0312718 -0.022898821
0.116 -0.02952247 -0.020577304
0.1165 -0.02773811 -0.018216372
0.117 -0.02591933 -0.015818767
0.1175 -0.02406667 -0.013387024
0.118 -0.02218166 -0.010923523
0.1185 -0.02026827 -0.008430496
0.119 -0.01832251 -0.0059099942
0.1195 -0.01634279 -0.0033639595
0.12 -0.01432973 -0.0007941872
0.1205 -0.01228447 0.0017976575
0.121 -0.01020818 0.0044100136
0.1215 -0.008101809 0.007041432
0.122 -0.005966088 0.009690531
0.1225 -0.003801721 0.0123561025
0.123 -0.001613021 0.015036918
0.1235 0.0005907917 0.017731912
0.124 0.002803108 0.02044002
0.1245 0.005038454 0.023160286
0.125 0.00730515 0.02589178
0.1255 0.009609664 0.028633654
0.126 0.01195154 0.031385034
0.1265 0.01432664 0.03414516
0.127 0.01673013 0.036913298
0.1275 0.01915242 0.0396887
0.128 0.02158674 0.042470686
0.1285 0.02402222 0.045258574
0.129 0.02647977 0.048051715
0.1295 0.02897244 0.05084949
0.13 0.03150123 0.053651266
0.1305 0.0340626 0.056456454
0.131 0.03665249 0.059264444
0.1315 0.03926761 0.06207467
0.132 0.04190516 0.064886555
0.1325 0.04455206 0.067699514
0.133 0.04720935 0.070513025
0.1335 0.04988692 0.073326506
0.134 0.0525847 0.07613943
0.1345 0.05530428 0.07895125
0.135 0.05804692 0.08176141
0.1355 0.06081198 0.08456939
0.136 0.06359788 0.087374665
0.1365 0.06640306 0.090176694
0.137 0.06922639 0.09297495
0.1375 0.07206177 0.095768966
0.138 0.07489182 0.09855818
0.1385 0.07773631 0.10134209
0.139 0.08060558 0.1041202
0.1395 0.08350011 0.106892
0.14 0.08641725 0.10965698
0.1405 0.0893541 0.11241468
0.141 0.09230835 0.1151646
0.1415 0.09527832 0.11790625
0.142 0.0982627 0.12063915
0.1425 0.1012606 0.12336285
0.143 0.1042713 0.12607688
0.1435 0.1072944 0.12878075
0.144 0.11033 0.13147408
0.1445 0.1133783 0.13415635
0.145 0.1164394 0.13682711
0.1455 0.1195132 0.13948601
0.146 0.122589 0.14213255
0.1465 0.1256601 0.14476636
0.147 0.1287419 0.14738694
0.1475 0.1318419 0.14999399
0.148 0.1349602 0.15258706
0.1485 0.1380948 0.15516573
0.149 0.1412437 0.15772969
0.1495 0.1444027 0.16027853
0.15 0.1475664 0.16316575
0.1505 0.15058 0.16589856
0.151 0.15324 0.16849291
0.1515 0.1556734 0.1709612
0.152 0.1579802 0.1733135
0.1525 0.1601996 0.17555791
0.153 0.1623473 0.17770132
0.1535 0.1644172 0.17974949
0.154 0.1663944 0.18170735
0.1545 0.1682833 0.1835792
0.155 0.1701184 0.1853688
0.1555 0.1719161 0.18707949
0.156 0.1736764 0.1887142
0.1565 0.1753935 0.19027567
0.157 0.1770616 0.19176623
0.1575 0.1786764 0.19318804
0.158 0.1802354 0.19454321
0.1585 0.1817372 0.19583356
0.159 0.1831815 0.19706067
0.1595 0.1845685 0.19822618
0.16 0.1858985 0.19933149
0.1605 0.1871682 0.20037797
0.161 0.1883472 0.20136678
0.1615 0.1894627 0.20229903
0.162 0.1905367 0.20317587
0.1625 0.1915723 0.20399818
0.163 0.1923711 0.20476696
0.1635 0.1930798 0.20548293
0.164 0.1938284 0.20614699
0.1645 0.1946171 0.20675972
0.165 0.1954206 0.20732191
0.1655 0.1962138 0.20783412
0.166 0.1969779 0.20829692
0.1665 0.197701 0.20871079
0.167 0.1983765 0.20907626
0.1675 0.1990011 0.2093938
0.168 0.1995736 0.20966375
0.1685 0.2000934 0.20988649
0.169 0.2005616 0.21006241
0.1695 0.2009806 0.21019182
0.17 0.2013523 0.210275
0.1705 0.2016782 0.21031222
0.171 0.2019597 0.21030375
0.1715 0.2021974 0.21024981
0.172 0.2023742 0.21015066
0.1725 0.2024942 0.2100065
0.173 0.2025776 0.20981762
0.1735 0.2026325 0.2095842
0.174 0.2026594 0.20930651
0.1745 0.2026559 0.20898479
0.175 0.2026198 0.20861939
0.1755 0.2025497 0.20821056
0.176 0.2024448 0.20775867
0.1765 0.2023049 0.20726416
0.177 0.2021302 0.20672747
0.1775 0.2019212 0.20614922
0.178 0.2016782 0.20553002
0.1785 0.2014019 0.20487058
0.179 0.2010925 0.20417178
0.1795 0.2007349 0.20343462
0.18 0.2003299 0.20266026
0.1805 0.199896 0.20185
0.181 0.1994414 0.20100537
0.1815 0.1989664 0.20012811
0.182 0.1984687 0.19922021
0.1825 0.197946 0.19828388
0.183 0.1973971 0.19732168
0.1835 0.1968211 0.19633639
0.184 0.196211 0.19533113
0.1845 0.1955353 0.1943093
0.185 0.1948121 0.19327465
0.1855 0.1940786 0.19223118
0.186 0.1933419 0.19118318
0.1865 0.1925974 0.19013515
0.187 0.1918392 0.1890918
0.1875 0.1910628 0.18805784
0.188 0.1902652 0.18703806
0.1885 0.1894449 0.18603703
0.189 0.1886011 0.18505922
0.1895 0.1877338 0.18410856
0.19 0.1868431 0.18318862
0.1905 0.1859296 0.1823022
0.191 0.1849936 0.1814515
0.1915 0.1840357 0.18063778
0.192 0.1830559 0.17986155
0.1925 0.1820547 0.17912242
0.193 0.1810328 0.17841923
0.1935 0.1799901 0.17775002
0.194 0.1789267 0.17711234
0.1945 0.177844 0.17650309
0.195 0.1767429 0.17591903
0.1955 0.1756242 0.17535669
0.196 0.1744882 0.17481256
0.1965 0.1733351 0.17428318
0.197 0.1721652 0.17376521
0.1975 0.1709784 0.17325568
0.198 0.1697751 0.1727517
0.1985 0.1685554 0.17225063
0.199 0.1673195 0.17175007
0.1995 0.1660678 0.17124778
0.2 0.1648003 0.16921681
0.2005 0.1620785 0.16700685
0.201 0.1580661 0.1637361
0.2015 0.1546608 0.15957013
0.202 0.151965 0.15538415
0.2025 0.1497098 0.15192753
0.203 0.1476933 0.14936271
0.2035 0.145807 0.14743462
0.204 0.1439992 0.14582956
0.2045 0.1422463 0.14434138
0.205 0.1405377 0.14287055
0.2055 0.138869 0.14138079
0.206 0.1372382 0.13986567
0.2065 0.1356445 0.13833076
0.207 0.1340879 0.1367855
0.2075 0.1325682 0.1352396
0.208 0.1310859 0.1337021
0.2085 0.129641 0.13218078
0.209 0.1282338 0.13068226
0.2095 0.1268645 0.12921217
0.21 0.1255333 0.12777522
0.2105 0.1242403 0.12637535
0.211 0.1229856 0.12501591
0.2115 0.1217694 0.12369952
0.212 0.1205917 0.122428484
0.2125 0.1194525 0.1212045
0.213 0.1183519 0.120029055
0.2135 0.1172898 0.11890317
0.214 0.1162663 0.11782763
0.2145 0.1152811 0.11680294
0.215 0.1143343 0.11582934
0.2155 0.1134258 0.114906915
0.216 0.1125554 0.11403563
0.2165 0.111723 0.113215156
0.217 0.1109284 0.11244512
0.2175 0.1101714 0.1117251
0.218 0.1094519 0.1110544
0.2185 0.1087697 0.110432394
0.219 0.1081246 0.10985837
0.2195 0.1075162 0.10933148
0.22 0.1069445 0.10885092
0.2205 0.106409 0.10841582
0.221 0.1059097 0.10802529
0.2215 0.1054461 0.10767845
0.222 0.105018 0.10737432
0.2225 0.1046252 0.10711204
0.223 0.1042674 0.106890686
0.2235 0.1039441 0.10670931
0.224 0.1036552 0.10656705
0.2245 0.1034004 0.10646296
0.225 0.1031792 0.10639622
0.2255 0.1029914 0.10636591
0.226 0.1028366 0.10637123
0.2265 0.1027146 0.106411316
0.227 0.102625 0.106485374
0.2275 0.1025674 0.1065926
0.228 0.1025415 0.10673223
0.2285 0.102547 0.1069035
0.229 0.1025835 0.10710568
0.2295 0.1026507 0.10733806
0.23 0.1027482 0.10759994
0.2305 0.1028757 0.10789061
0.231 0.1030328 0.10820942
0.2315 0.1032192 0.10855574
0.232 0.1034346 0.10892891
0.2325 0.1036786 0.10932831
0.233 0.1039507 0.10975335
0.2335 0.1042508 0.11020344
0.234 0.1045784 0.110677965
0.2345 0.1049333 0.11117641
0.235 0.1053149 0.11169816
0.2355 0.1057231 0.11224272
0.236 0.1061575 0.11280952
0.2365 0.1066176 0.11339805
0.237 0.1071033 0.11400784
0.2375 0.1076141 0.11463828
0.238 0.1081497 0.11528892
0.2385 0.1087098 0.11595928
0.239 0.1092941 0.11664886
0.2395 0.1099022 0.11735723
0.24 0.1105338 0.11808384
0.2405 0.1111885 0.118828304
0.241 0.1118661 0.11959011
0.2415 0.1125663 0.120368846
0.242 0.1132886 0.12116406
0.2425 0.1140329 0.12197534
0.243 0.1147987 0.122802205
0.2435 0.1155859 0.12364427
0.244 0.116394 0.12450113
0.2445 0.1172228 0.12537232
0.245 0.118072 0.12625751
0.2455 0.1189413 0.1271562
0.246 0.1198304 0.12806812
0.2465 0.120739 0.12899286
0.247 0.1216665 0.12992993
0.2475 0.1226126 0.1308791
0.248 0.1235774 0.13183993
0.2485 0.1245606 0.13281205
0.249 0.125562 0.1337952
0.2495 0.1265815 0.13478893
0.25 0.1276187 0.13445392
0.2505 0.12856 0.13465488
0.251 0.1292115 0.13516724
0.2515 0.1296668 0.13585037
0.252 0.1300139 0.13661492
0.2525 0.1302941 0.13740349
0.253 0.1305246 0.13817924
0.2535 0.1307117 0.13891864
0.254 0.1308497 0.13960704
0.2545 0.1309316 0.14023566
0.255 0.1309746 0.14079952
0.2555 0.130988 0.14129639
0.256 0.1309729 0.14172569
0.2565 0.1309277 0.14208797
0.257 0.1308507 0.14238456
0.2575 0.1307404 0.14261723
0.258 0.1305962 0.14278796
0.2585 0.1304178 0.14289886
0.259 0.1302052 0.1429522
0.2595 0.1299589 0.14295006
0.26 0.1296792 0.14289457
0.2605 0.1293667 0.14278775
0.261 0.1290218 0.1426315
0.2615 0.1286452 0.14242771
0.262 0.1282373 0.14217803
0.2625 0.1277987 0.14188415
0.263 0.1273299 0.14154753
0.2635 0.1268314 0.14116961
0.264 0.1263037 0.14075178
0.2645 0.1257472 0.14029527
0.265 0.1251626 0.13980126
0.2655 0.1245501 0.13927087
0.266 0.1239104 0.13870513
0.2665 0.1232437 0.13810506
0.267 0.1225507 0.13747162
0.2675 0.1218316 0.13680565
0.268 0.121087 0.13610804
0.2685 0.1203173 0.13537955
0.269 0.1195228 0.134621
0.2695 0.118704 0.13383308
0.27 0.1178613 0.1330165
0.2705 0.1169951 0.13217199
0.271 0.1161058 0.13130015
0.2715 0.1151938 0.13040167
0.272 0.1142595 0.12947714
0.2725 0.1133032 0.1285272
0.273 0.1123254 0.12755242
0.2735 0.1113263 0.12655336
0.274 0.1103064 0.1255306
0.2745 0.1092661 0.124484725
0.275 0.1082056 0.12341628
0.2755 0.1071253 0.12232583
0.276 0.1060257 0.12121386
0.2765 0.1049069 0.120080985
0.277 0.1037694 0.118927635
0.2775 0.1026134 0.11775447
0.278 0.1014394 0.11656188
0.2785 0.1002476 0.11535051
0.279 0.09903835 0.11412079
0.2795 0.09781194 0.11287332
0.28 0.09656868 0.11160857
0.2805 0.09530888 0.11032707
0.281 0.09403284 0.1090293
0.2815 0.09274084 0.10771579
0.282 0.09143318 0.10638707
0.2825 0.09011013 0.10504363
0.283 0.08877197 0.10368592
0.2835 0.08741898 0.102314465
0.284 0.08605142 0.100929715
0.2845 0.08466957 0.09953215
0.285 0.08327367 0.09812222
0.2855 0.08186399 0.09670036
0.286 0.08044077 0.095267005
0.2865 0.07900427 0.093822576
0.287 0.07755473 0.09236739
0.2875 0.07609238 0.09090186
0.288 0.07461746 0.08942629
0.2885 0.07313021 0.08794098
0.289 0.07163084 0.08644619
0.2895 0.07011959 0.08494214
0.29 0.06859666 0.08342897
0.2905 0.06706228 0.08190686
0.291 0.06551666 0.08037581
0.2915 0.06396 0.07883585
0.292 0.06239251 0.07728686
0.2925 0.06081439 0.07572874
0.293 0.05922583 0.07416121
0.2935 0.05762704 0.07258391
0.294 0.05601819 0.07099638
0.2945 0.05439948 0.06939806
0.295 0.05277109 0.067788236
0.2955 0.0511332 0.066166036
0.296 0.04948598 0.06453045
0.2965 0.04782962 0.06288031
0.297 0.04616427 0.061214246
0.2975 0.04449011 0.059530742
0.298 0.0428073 0.05782809
0.2985 0.041116 0.05610437
0.299 0.03941637 0.054357514
0.2995 0.03770857 0.05258528
0.3 0.03599274 0.04673373
0.3005 0.03438231 0.042633027
0.301 0.03307104 0.04016675
0.3015 0.03196521 0.038953006
0.302 0.03097681 0.0384861
0.3025 0.03006414 0.038330093
0.303 0.02921022 0.038210563
0.3035 0.02840837 0.037999086
0.304 0.02765572 0.037659608
0.3045 0.02695084 0.037202217
0.305 0.02629274 0.036654823
0.3055 0.02568064 0.03604866
0.306 0.02511384 0.035412155
0.3065 0.02459165 0.03476873
0.307 0.02411344 0.03413678
0.3075 0.02367855 0.033530183
0.308 0.02328637 0.032959126
0.3085 0.02293628 0.032430865
0.309 0.02262768 0.031950414
0.3095 0.02235996 0.03152106
0.31 0.02213252 0.031144798
0.3105 0.02194478 0.030822642
0.311 0.02179615 0.030554883
0.3115 0.02168606 0.03034132
0.312 0.02161392 0.030181319
0.3125 0.02157917 0.030073993
0.313 0.02158124 0.030018255
0.3135 0.02161958 0.030012839
0.314 0.02169364 0.030056454
0.3145 0.02180286 0.030147694
0.315 0.0219467 0.03028515
0.3155 0.02212462 0.03046742
0.316 0.0223361 0.030693077
0.3165 0.02258061 0.030960731
0.317 0.02285762 0.03126899
0.3175 0.02316662 0.031616546
0.318 0.02350711 0.0320021
0.3185 0.02387858 0.032424405
0.319 0.02428053 0.03288222
0.3195 0.02471247 0.03337443
0.32 0.02517391 0.033899896
0.3205 0.02566438 0.034457557
0.321 0.02618292 0.0350464
0.3215 0.02672332 0.035665445
0.322 0.02728786 0.036313757
0.3225 0.02788124 0.036990456
0.323 0.02850449 0.037694678
0.3235 0.0291568 0.038425654
0.324 0.0298369 0.03918259
0.3245 0.03054358 0.039964743
0.325 0.03127587 0.040771417
0.3255 0.03203299 0.04160197
0.326 0.03281431 0.04245574
0.3265 0.03361762 0.043332092
0.327 0.03443682 0.04423047
0.3275 0.03527681 0.045150302
0.328 0.03613237 0.046091035
0.3285 0.03700662 0.047052138
0.329 0.0378999 0.04803311
0.3295 0.03882129 0.04903347
0.33 0.03977224 0.050052702
0.3305 0.04075034 0.051090367
0.331 0.04175275 0.05214601
0.3315 0.04277721 0.053219207
0.332 0.04382176 0.05430948
0.3325 0.04487685 0.055416442
0.333 0.04594341 0.056539662
0.3335 0.04702929 0.05767875
0.334 0.04813753 0.05883325
0.3345 0.04926785 0.060002826
0.335 0.05041881 0.061187044
0.3355 0.05158893 0.062385537
0.336 0.052777 0.06359794
0.3365 0.05398215 0.06482384
0.337 0.05520372 0.066062875
0.3375 0.05644125 0.06731471
0.338 0.05769438 0.068578936
0.3385 0.05895977 0.06985519
0.339 0.06021616 0.07114314
0.3395 0.06148061 0.072442435
0.34 0.06276838 0.073752694
0.3405 0.06408167 0.07507361
0.341 0.06541788 0.07640482
0.3415 0.06677367 0.07774595
0.342 0.06814631 0.07909674
0.3425 0.06953388 0.0804568
0.343 0.0709351 0.08182583
0.3435 0.07234917 0.08320352
0.344 0.07377554 0.08458952
0.3445 0.07521367 0.08598357
0.345 0.07666331 0.087385304
0.3455 0.07812442 0.08879445
0.346 0.07959696 0.0902107
0.3465 0.08108089 0.091633774
0.347 0.08257617 0.09306338
0.3475 0.08408262 0.09449922
0.348 0.08560006 0.095941015
0.3485 0.08712826 0.09738851
0.349 0.08866706 0.09884145
0.3495 0.09021627 0.10029956
0.35 0.0917757 0.100603096
0.3505 0.09323193 0.10134811
0.351 0.09439109 0.1023444
0.3515 0.09534677 0.10347124
0.352 0.09618693 0.10465103
0.3525 0.09695333 0.10583364
0.353 0.09766304 0.10698683
0.3535 0.09832278 0.108090065
0.354 0.09893543 0.10913075
0.3545 0.09950239 0.11010147
0.355 0.1000246 0.11099837
0.3555 0.1005029 0.111819886
0.356 0.1009378 0.11256606
0.3565 0.10133 0.11323797
0.357 0.1016802 0.113837264
0.3575 0.1019889 0.11436606
0.358 0.1022565 0.11482667
0.3585 0.1024833 0.11522145
0.359 0.1026699 0.115552865
0.3595 0.1028171 0.11582325
0.36 0.1029258 0.11603492
0.3605 0.1029964 0.11619007
0.361 0.1030294 0.116290875
0.3615 0.1030255 0.116339244
0.362 0.1029854 0.11633716
0.3625 0.1029097 0.11628633
0.363 0.1027989 0.11618846
0.3635 0.1026536 0.116045155
0.364 0.1024742 0.11585791
0.3645 0.1022614 0.115628056
0.365 0.1020155 0.115356974
0.3655 0.1017369 0.1150459
0.366 0.1014261 0.11469602
0.3665 0.1010837 0.114308424
0.367 0.1007102 0.11388419
0.3675 0.1003061 0.11342434
0.368 0.09987196 0.1129298
0.3685 0.09940825 0.11240151
0.369 0.09891544 0.111840285
0.3695 0.09839399 0.11124707
0.37 0.09784436 0.11062259
0.3705 0.09726699 0.10996764
0.371 0.09666234 0.10928299
0.3715 0.09603086 0.10856933
0.372 0.09537297 0.1078274
0.3725 0.09468912 0.10705788
0.373 0.09397974 0.10626144
0.3735 0.09324524 0.1054387
0.374 0.09248605 0.104590364
0.3745 0.09170258 0.10371701
0.375 0.09089524 0.10281929
0.3755 0.09006443 0.10189781
0.376 0.08921055 0.100953184
0.3765 0.08833399 0.099985935
0.377 0.08743514 0.09899678
0.3775 0.08651437 0.09798617
0.378 0.08557206 0.09695477
0.3785 0.08460858 0.095903136
0.379 0.0836243 0.0948318
0.3795 0.08261957 0.093741335
0.38 0.08159475 0.09263233
0.3805 0.08055018 0.0915053
0.381 0.07948622 0.09036078
0.3815 0.07840318 0.08919934
0.382 0.07730142 0.088021494
0.3825 0.07618124 0.08682775
0.383 0.07504299 0.08561865
0.3835 0.07388696 0.08439467
0.384 0.07271349 0.08315631
0.3845 0.07152286 0.08190403
0.385 0.07031538 0.08063831
0.3855 0.06909136 0.0793596
0.386 0.06785108 0.07806828
0.3865 0.06659482 0.07676477
0.387 0.06532288 0.075449474
0.3875 0.06403553 0.074122675
0.388 0.06273304 0.07278473
0.3885 0.06141568 0.071435876
0.389 0.06008371 0.07007637
0.3895 0.05873741 0.068706356
0.39 0.05737701 0.067326
0.3905 0.05600277 0.065935366
0.391 0.05461495 0.064534456
0.3915 0.05321377 0.06312323
0.392 0.05179948 0.061701514
0.3925 0.05037232 0.060269117
0.393 0.04893251 0.058825694
0.3935 0.04748028 0.057370804
0.394 0.04601586 0.05590391
0.3945 0.04453945 0.05442436
0.395 0.04305128 0.052931316
0.3955 0.04155156 0.051423818
0.396 0.04004049 0.049900793
0.3965 0.03851827 0.04836093
0.397 0.03698511 0.046802826
0.3975 0.03544121 0.04522483
0.398 0.03388675 0.04362516
0.3985 0.03232193 0.04200186
0.399 0.03074693 0.0403528
0.3995 0.02916194 0.038675755
0.4 0.02756712 0.036968313
0.4005 0.02600987 0.035204016
0.401 0.0245738 0.033426613
0.4015 0.02322544 0.03166303
0.402 0.02192834 0.029928766
0.4025 0.02066351 0.02823177
0.403 0.0194223 0.026575334
0.4035 0.01820083 0.024959989
0.404 0.01699729 0.02338478
0.4045 0.01581077 0.021848045
0.405 0.01464078 0.020347856
0.4055 0.01348697 0.018882297
0.406 0.01234909 0.017449588
0.4065 0.01122692 0.016048126
0.407 0.01012027 0.0146764815
0.4075 0.009028953 0.013333432
0.408 0.007952793 0.012017883
0.4085 0.006891618 0.010728881
0.409 0.005845254 0.00946559
0.4095 0.004813532 0.008227274
0.41 0.003796284 0.007013254
0.4105 0.002793342 0.005822912
0.411 0.001804539 0.0046556816
0.4115 0.0008297083 0.0035110377
0.412 -0.0001313152 0.0023884997
0.4125 -0.001078697 0.0012876019
0.413 -0.0020126 0.000207901
0.4135 -0.002933189 -0.00085102394
0.414 -0.003840627 -0.0018895902
0.4145 -0.004735075 -0.0029081702
0.415 -0.005616695 -0.0039071776
0.4155 -0.006485646 -0.0048869587
0.416 -0.007342089 -0.005847886
0.4165 -0.008186182 -0.0067903325
0.417 -0.009018082 -0.0077146403
0.4175 -0.009837946 -0.008621164
0.418 -0.01064593 -0.009510253
0.4185 -0.01144219 -0.0103822425
0.419 -0.01222687 -0.011237469
0.4195 -0.01300013 -0.012076266
0.42 -0.01376212 -0.012898974
0.4205 -0.014513 -0.013705917
0.421 -0.0152529 -0.014497399
0.4215 -0.01598197 -0.015273761
0.422 -0.01670037 -0.016035318
0.4225 -0.01740823 -0.016782377
0.423 -0.0181057 -0.017515253
0.4235 -0.01879292 -0.018234234
0.424 -0.01947003 -0.018939637
0.4245 -0.02013718 -0.019631755
0.425 -0.02079449 -0.020310882
0.4255 -0.02144211 -0.020977303
0.426 -0.02208016 -0.021631304
0.4265 -0.0227088 -0.022273159
0.427 -0.02332813 -0.022903144
0.4275 -0.02393831 -0.023521535
0.428 -0.02453945 -0.024128582
0.4285 -0.02513168 -0.024724554
0.429 -0.02571514 -0.025309697
0.4295 -0.02628994 -0.02588427
0.43 -0.02685622 -0.026448514
0.4305 -0.02741408 -0.027002662
0.431 -0.02796366 -0.02754695
0.4315 -0.02850507 -0.028081605
0.432 -0.02903843 -0.028606847
0.4325 -0.02956385 -0.029122896
0.433 -0.03008146 -0.029629966
0.4335 -0.03059136 -0.030128263
0.434 -0.03109367 -0.030617986
0.4345 -0.0315885 -0.031099338
0.435 -0.03207595 -0.031572502
0.4355 -0.03255615 -0.032037668
0.436 -0.03302918 -0.03249502
0.4365 -0.03349516 -0.032944746
0.437 -0.0339542 -0.033386994
0.4375 -0.03440638 -0.03382195
0.438 -0.03485183 -0.03424978
0.4385 -0.03529063 -0.03467063
0.439 -0.03572288 -0.03508466
0.4395 -0.03614868 -0.035492025
0.44 -0.03656813 -0.035892874
0.4405 -0.03698132 -0.036287338
0.441 -0.03738835 -0.036675557
0.4415 -0.0377893 -0.03705767
0.442 -0.03818427 -0.037433818
0.4425 -0.03857335 -0.037804104
0.443 -0.03895662 -0.038168676
0.4435 -0.03933417 -0.03852764
0.444 -0.03970609 -0.038881112
0.4445 -0.04007247 -0.039229214
0.445 -0.04043338 -0.03957205
0.4455 -0.0407889 -0.039909728
0.446 -0.04113913 -0.04024235
0.4465 -0.04148413 -0.040570028
0.447 -0.041824 -0.04089284
0.4475 -0.04215879 -0.041210897
0.448 -0.0424886 -0.0415243
0.4485 -0.0428135 -0.041833125
0.449 -0.04313356 -0.04213745
0.4495 -0.04344885 -0.042437382
0.45 -0.04375945 -0.04273299
0.4505 -0.04406542 -0.04302437
0.451 -0.04436684 -0.043311585
0.4515 -0.04466378 -0.043594725
0.452 -0.0449563 -0.043873854
0.4525 -0.04524448 -0.04414905
0.453 -0.04552837 -0.044420376
0.4535 -0.04580805 -0.044687912
0.454 -0.04608357 -0.044951722
0.4545 -0.04635499 -0.045211866
0.455 -0.0466224 -0.045468416
0.4555 -0.04688583 -0.045721427
0.456 -0.04714536 -0.04597096
0.4565 -0.04740103 -0.046217076
0.457 -0.04765292 -0.046459835
0.4575 -0.04790108 -0.046699286
0.458 -0.04814556 -0.04693549
0.4585 -0.04838643 -0.047168504
0.459 -0.04862373 -0.04739837
0.4595 -0.04885752 -0.047625143
0.46 -0.04908785 -0.047848877
0.4605 -0.04931478 -0.048069622
0.461 -0.04953836 -0.048287418
0.4615 -0.04975863 -0.04850231
0.462 -0.04997566 -0.048714347
0.4625 -0.05018948 -0.04892359
0.463 -0.05040015 -0.049130056
0.4635 -0.05060771 -0.0493338
0.464 -0.05081222 -0.049534857
0.4645 -0.05101371 -0.049733277
0.465 -0.05121224 -0.049929097
0.4655 -0.05140785 -0.050122358
0.466 -0.05160058 -0.050313085
0.4665 -0.05179048 -0.05050133
0.467 -0.05197759 -0.050687127
0.4675 -0.05216196 -0.050870508
0.468 -0.05234361 -0.05105151
0.4685 -0.05252261 -0.05123017
0.469 -0.05269898 -0.051406518
0.4695 -0.05287276 -0.051580586
0.47 -0.053044 -0.05175242
0.4705 -0.05321273 -0.05192203
0.471 -0.05337899 -0.052089464
0.4715 -0.05354283 -0.052254748
0.472 -0.05370427 -0.052417908
0.4725 -0.05386335 -0.052578982
0.473 -0.0540201 -0.052738
0.4735 -0.05417457 -0.052894987
0.474 -0.05432679 -0.053049963
0.4745 -0.05447679 -0.05320296
0.475 -0.0546246 -0.053354017
0.4755 -0.05477026 -0.053503145
0.476 -0.0549138 -0.053650387
0.4765 -0.05505526 -0.053795747
0.477 -0.05519466 -0.053939275
0.4775 -0.05533203 -0.054080978
0.478 -0.05546741 -0.054220892
0.4785 -0.05560082 -0.054359026
0.479 -0.0557323 -0.054495413
0.4795 -0.05586187 -0.054630082
0.48 -0.05598956 -0.05476305
0.4805 -0.05611541 -0.054894343
0.481 -0.05623943 -0.05502398
0.4815 -0.05636166 -0.055151977
0.482 -0.05648213 -0.055278372
0.4825 -0.05660085 -0.055403177
0.483 -0.05671786 -0.055526413
0.4835 -0.05683318 -0.055648096
0.484 -0.05694684 -0.055768255
0.4845 -0.05705886 -0.05588691
0.485 -0.05716926 -0.05600407
0.4855 -0.05727808 -0.056119762
0.486 -0.05738533 -0.05623401
0.4865 -0.05749104 -0.05634683
0.487 -0.05759522 -0.056458235
0.4875 -0.05769792 -0.056568246
0.488 -0.05779913 -0.056676887
0.4885 -0.0578989 -0.056784168
0.489 -0.05799723 -0.05689011
0.4895 -0.05809416 -0.056994736
0.49 -0.05818969 -0.057098046
0.4905 -0.05828386 -0.057200074
0.491 -0.05837668 -0.057300832
0.4915 -0.05846817 -0.057400335
0.492 -0.05855836 -0.057498597
0.4925 -0.05864726 -0.057595644
0.493 -0.05873489 -0.057691477
0.4935 -0.05882127 -0.057786126
0.494 -0.05890641 -0.057879597
0.4945 -0.05899035 -0.057971902
0.495 -0.05907308 -0.058063067
0.4955 -0.05915464 -0.058153097
0.496 -0.05923504 -0.058242008
0.4965 -0.0593143 -0.058329828
0.497 -0.05939243 -0.05841655
0.4975 -0.05946945 -0.0585022
0.498 -0.05954538 -0.0585868
0.4985 -0.05962023 -0.05867034
0.499 -0.05969402 -0.058752853
0.4995 -0.05976676 -0.058834344
