0.0 -0.065 -0.05097832
0.0005 -0.06342581 -0.049635496
0.001 -0.06022075 -0.048207898
0.0015 -0.05740796 -0.046710864
0.002 -0.05519259 -0.04515681
0.0025 -0.05335007 -0.043555833
0.003 -0.05169257 -0.04191617
0.0035 -0.05011917 -0.04024449
0.004 -0.0485834 -0.038546205
0.0045 -0.04706444 -0.036825668
0.005 -0.04554802 -0.03508641
0.0055 -0.04402365 -0.033331215
0.006 -0.04249365 -0.031562377
0.0065 -0.04096232 -0.029781712
0.007 -0.03942685 -0.027990788
0.0075 -0.03788524 -0.026190974
0.008 -0.03634033 -0.024383554
0.0085 -0.03479252 -0.022569854
0.009 -0.0332438 -0.020751283
0.0095 -0.03169451 -0.018929407
0.01 -0.03014281 -0.017106
0.0105 -0.02858847 -0.015283048
0.011 -0.02703256 -0.013462745
0.0115 -0.02547658 -0.011647474
0.012 -0.02392193 -0.009839762
0.0125 -0.02236956 -0.008042194
0.013 -0.02082009 -0.0062573627
0.0135 -0.01927438 -0.004487749
0.014 -0.01773354 -0.0027356818
0.0145 -0.01619854 -0.001003243
0.015 -0.01467 0.0007077679
0.0155 -0.01314847 0.002395887
0.016 -0.01163445 0.0040599704
0.0165 -0.01012838 0.0056992546
0.017 -0.008630542 0.0073132813
0.0175 -0.007141266 0.008901902
0.018 -0.005660823 0.01046522
0.0185 -0.004189535 0.012003541
0.019 -0.00272777 0.01351738
0.0195 -0.001275639 0.015007354
0.02 0.0001647901 0.01647415
0.0205 0.001574207 0.017918535
0.021 0.002963109 0.019341268
0.0215 0.0043461 0.02074314
0.022 0.005727407 0.02212485
0.0225 0.00710621 0.02348715
0.023 0.008480142 0.024830662
0.0235 0.009838314 0.026156
0.024 0.01118155 0.027463749
0.0245 0.01251796 0.028754428
0.025 0.01384836 0.030028477
0.0255 0.0151713 0.031286336
0.026 0.01648517 0.032528393
0.0265 0.01778871 0.03375501
0.027 0.01908107 0.0349665
0.0275 0.02036171 0.036163174
0.028 0.02163032 0.037345298
0.0285 0.02288677 0.03851313
0.029 0.02413106 0.03966696
0.0295 0.02536308 0.040806957
0.03 0.02658274 0.041933395
0.0305 0.02778977 0.043046452
0.031 0.02898428 0.04414636
0.0315 0.03016652 0.045233294
0.032 0.03133656 0.046307445
0.0325 0.03249445 0.047368996
0.033 0.0336402 0.048418157
0.0335 0.03477382 0.04945507
0.034 0.03589534 0.05047991
0.0345 0.03700478 0.05149284
0.035 0.03810219 0.05249404
0.0355 0.03918447 0.053483665
0.036 0.04024589 0.05446189
0.0365 0.04129272 0.05542884
0.037 0.04233032 0.056384675
0.0375 0.04335841 0.057329595
0.038 0.04436946 0.058263667
0.0385 0.04536578 0.059187092
0.039 0.0463532 0.06009998
0.0395 0.04733392 0.061002508
0.04 0.04830762 0.061894774
0.0405 0.04927317 0.062776946
0.041 0.05022947 0.06364913
0.0415 0.05117557 0.0645115
0.042 0.05211077 0.06536416
0.0425 0.05303485 0.06620723
0.043 0.0539441 0.06704083
0.0435 0.05482428 0.06786511
0.044 0.0556934 0.06868019
0.0445 0.0565504 0.06948618
0.045 0.05738629 0.07028321
0.0455 0.05821892 0.071071364
0.046 0.05905313 0.0718508
0.0465 0.05988695 0.0726216
0.047 0.06071701 0.073383905
0.0475 0.0615404 0.074137785
0.048 0.06235517 0.074883394
0.0485 0.06316023 0.07562079
0.049 0.06395501 0.076350115
0.0495 0.0647393 0.07707145
0.05 0.06551308 0.07778492
0.0505 0.06627644 0.07849059
0.051 0.06702952 0.07918859
0.0515 0.0677725 0.07987899
0.052 0.06850558 0.08056191
0.0525 0.06922892 0.08123743
0.053 0.0699427 0.08190567
0.0535 0.07064689 0.082566686
0.054 0.07134146 0.08322058
0.0545 0.07202304 0.08386747
0.055 0.07269204 0.08450735
0.0555 0.07335297 0.085140385
0.056 0.07400757 0.08576665
0.0565 0.07465581 0.086386226
0.057 0.07529714 0.086999185
0.0575 0.07593105 0.08760562
0.058 0.07655718 0.08820561
0.0585 0.07717533 0.088799186
0.059 0.07778544 0.089386486
0.0595 0.07838751 0.08996756
0.06 0.07898157 0.09054247
0.0605 0.07956769 0.09111134
0.061 0.08014601 0.09167416
0.0615 0.08071667 0.09223107
0.062 0.08127976 0.09278212
0.0625 0.08183157 0.09332738
0.063 0.08236507 0.09386689
0.0635 0.08288828 0.094400756
0.064 0.08340711 0.09492903
0.0645 0.08392029 0.09545175
0.065 0.08442518 0.09596907
0.0655 0.08492405 0.09648094
0.066 0.08541888 0.09698749
0.0665 0.08590948 0.09748877
0.067 0.08639061 0.0979848
0.0675 0.08686501 0.09847567
0.068 0.08733632 0.09896148
0.0685 0.08780501 0.09944222
0.069 0.08827024 0.099917985
0.0695 0.08873104 0.10038883
0.07 0.08918664 0.10085479
0.0705 0.08963459 0.10131597
0.071 0.09007099 0.101772346
0.0715 0.09049886 0.102224015
0.072 0.09091695 0.102671005
0.0725 0.09132844 0.10311342
0.073 0.09173761 0.10355129
0.0735 0.09214527 0.10398462
0.074 0.09255058 0.10441352
0.0745 0.09295057 0.10483799
0.075 0.09334472 0.105258144
0.0755 0.09373377 0.10567392
0.076 0.09410986 0.10608549
0.0765 0.09447313 0.10649281
0.077 0.09483215 0.10689596
0.0775 0.09519095 0.107294984
0.078 0.0955498 0.107689954
0.0785 0.09590758 0.10808086
0.079 0.09626304 0.10846778
0.0795 0.09661517 0.108850755
0.08 0.09696332 0.10922981
0.0805 0.09730708 0.10960499
0.081 0.09764627 0.10997636
0.0815 0.0979808 0.11034394
0.082 0.09831068 0.11070778
0.0825 0.09863593 0.11106791
0.083 0.09895662 0.111424364
0.0835 0.09926918 0.11177721
0.084 0.09956635 0.11212645
0.0845 0.09985593 0.11247214
0.085 0.1001446 0.112814344
0.0855 0.1004341 0.11315305
0.086 0.1007238 0.11348831
0.0865 0.1010114 0.11382017
0.087 0.1012927 0.11414867
0.0875 0.1015703 0.11447383
0.088 0.1018456 0.11479568
0.0885 0.1021184 0.115114264
0.089 0.1023887 0.11542965
0.0895 0.102656 0.11574183
0.09 0.1029202 0.11605083
0.0905 0.1031812 0.11635672
0.091 0.1034387 0.1166595
0.0915 0.1036927 0.11695922
0.092 0.1039429 0.117255904
0.0925 0.1041895 0.11754959
0.093 0.1044326 0.1178403
0.0935 0.1046725 0.11812804
0.094 0.1049091 0.11841289
0.0945 0.1051426 0.118694894
0.095 0.105373 0.11897399
0.0955 0.1056003 0.119250305
0.096 0.1058245 0.1195238
0.0965 0.1060457 0.119794525
0.097 0.1062639 0.12006252
0.0975 0.1064792 0.12032781
0.098 0.1066916 0.120590396
0.0985 0.1069011 0.12085033
0.099 0.1071078 0.12110763
0.0995 0.1073117 0.12136235
0.1 0.1075129 0.1086163
0.1005 0.1061805 0.106723316
0.101 0.1033044 0.10418195
0.1015 0.1008671 0.10081052
0.102 0.09905337 0.09751133
0.1025 0.09763099 0.094626196
0.103 0.09641053 0.09221337
0.1035 0.09528746 0.0902343
0.104 0.09421108 0.08862307
0.1045 0.09315822 0.08731017
0.105 0.09211871 0.08623112
0.1055 0.09108833 0.08532939
0.106 0.09006558 0.08455742
0.1065 0.08905018 0.08387638
0.107 0.0880424 0.08325549
0.1075 0.08704278 0.08267114
0.108 0.08605193 0.082105674
0.1085 0.0850705 0.08154642
0.109 0.08409908 0.08098457
0.1095 0.08313832 0.08041444
0.11 0.08218889 0.079832666
0.1105 0.08125137 0.07923768
0.111 0.08032632 0.07862917
0.1115 0.07941425 0.078007765
0.112 0.07851564 0.077374704
0.1125 0.07763094 0.076731615
0.113 0.07676054 0.07608042
0.1135 0.07590484 0.07542319
0.114 0.07506419 0.074761994
0.1145 0.07423892 0.07409894
0.115 0.07342933 0.07343603
0.1155 0.0726357 0.07277521
0.116 0.07185828 0.072118305
0.1165 0.0710973 0.07146706
0.117 0.07035298 0.07082305
0.1175 0.06962551 0.070187725
0.118 0.06891506 0.06956246
0.1185 0.06822178 0.06894845
0.119 0.06754582 0.06834683
0.1195 0.06688728 0.06775855
0.12 0.06624627 0.067184575
0.1205 0.06562288 0.06662563
0.121 0.06501719 0.06608245
0.1215 0.06442924 0.065555625
0.122 0.06385909 0.06504569
0.1225 0.06330677 0.06455312
0.123 0.06277231 0.06407831
0.1235 0.0622557 0.06362156
0.124 0.06175696 0.06318313
0.1245 0.06127606 0.06276328
0.125 0.060813 0.06236215
0.1255 0.06036773 0.061979853
0.126 0.05994021 0.061616465
0.1265 0.05953041 0.061272062
0.127 0.05913826 0.06094662
0.1275 0.05876371 0.060640156
0.128 0.05840668 0.06035258
0.1285 0.05806709 0.06008382
0.129 0.05774486 0.05983381
0.1295 0.05743991 0.059602425
0.13 0.05715214 0.05938953
0.1305 0.05688146 0.05919496
0.131 0.05662774 0.05901856
0.1315 0.0563909 0.05886016
0.132 0.0561708 0.058719583
0.1325 0.05596735 0.05859662
0.133 0.05578041 0.05849106
0.1335 0.05560987 0.058402702
0.134 0.05545559 0.05833134
0.1345 0.05531743 0.058276758
0.135 0.05519528 0.058238715
0.1355 0.05508898 0.058216996
0.136 0.0549984 0.058211356
0.1365 0.0549234 0.0582216
0.137 0.05486384 0.058247462
0.1375 0.05481958 0.058288746
0.138 0.05479047 0.058345206
0.1385 0.05477638 0.058416583
0.139 0.05477715 0.058502696
0.1395 0.05479263 0.058603294
0.14 0.05482268 0.058718152
0.1405 0.05486714 0.05884707
0.141 0.05492587 0.058989808
0.1415 0.05499871 0.05914616
0.142 0.05508551 0.05931589
0.1425 0.05518612 0.059498824
0.143 0.05530038 0.059694692
0.1435 0.05542814 0.05990336
0.144 0.05556925 0.06012457
0.1445 0.05572356 0.06035816
0.145 0.0558909 0.060603924
0.1455 0.05607114 0.060861655
0.146 0.05626411 0.061131172
0.1465 0.05646967 0.061412282
0.147 0.05668767 0.061704837
0.1475 0.05691795 0.062008627
0.148 0.05716036 0.062323473
0.1485 0.05741475 0.06264922
0.149 0.05768098 0.06298571
0.1495 0.0579589 0.063332744
0.15 0.05824836 0.06369019
0.1505 0.05854921 0.06405786
0.151 0.05886131 0.06443561
0.1515 0.05918452 0.06482329
0.152 0.05951868 0.065220736
0.1525 0.05986366 0.065627836
0.153 0.06021932 0.06604439
0.1535 0.06058552 0.0664703
0.154 0.06096211 0.06690539
0.1545 0.06134896 0.06734955
0.155 0.06174594 0.06780265
0.1555 0.06215289 0.06826452
0.156 0.06256971 0.06873507
0.1565 0.06299623 0.06921413
0.157 0.06343235 0.069701605
0.1575 0.06387792 0.070197366
0.158 0.06433282 0.07070128
0.1585 0.06479691 0.07121322
0.159 0.06527007 0.07173308
0.1595 0.06575218 0.07226075
0.16 0.06624309 0.072796084
0.1605 0.0667427 0.07333901
0.161 0.06725087 0.07388937
0.1615 0.0677675 0.07444707
0.162 0.06829247 0.075012036
0.1625 0.06882565 0.075584106
0.163 0.06936694 0.07616321
0.1635 0.06991621 0.07674921
0.164 0.07047336 0.07734204
0.1645 0.07103827 0.077941544
0.165 0.07161074 0.078547664
0.1655 0.07219038 0.07916031
0.166 0.07277709 0.079779334
0.1665 0.07337096 0.08040466
0.167 0.07397204 0.0810362
0.1675 0.0745803 0.08167384
0.168 0.07519566 0.08231751
0.1685 0.07581804 0.08296708
0.169 0.07644733 0.08362248
0.1695 0.07708272 0.08428361
0.17 0.07772272 0.08495038
0.1705 0.07836901 0.085622706
0.171 0.07902225 0.08630047
0.1715 0.07968251 0.0869836
0.172 0.08034962 0.087672
0.1725 0.08102337 0.08836561
0.173 0.08170362 0.08906429
0.1735 0.08239016 0.089768
0.174 0.0830828 0.09047664
0.1745 0.08378135 0.09119012
0.175 0.08448567 0.09190834
0.1755 0.08519562 0.09263126
0.176 0.08591111 0.09335873
0.1765 0.08663202 0.09409077
0.177 0.08735807 0.09482718
0.1775 0.08808903 0.09556798
0.178 0.08882453 0.09631299
0.1785 0.08956466 0.09706221
0.179 0.09030978 0.09781555
0.1795 0.09106003 0.09857289
0.18 0.0918154 0.09933419
0.1805 0.0925758 0.10009938
0.181 0.09334111 0.10086834
0.1815 0.09411124 0.10164101
0.182 0.09488609 0.10241733
0.1825 0.09566558 0.10319721
0.183 0.09644961 0.10398061
0.1835 0.09723812 0.104767404
0.184 0.09803102 0.10555757
0.1845 0.09882824 0.10635101
0.185 0.09962972 0.10714767
0.1855 0.1004354 0.1079474
0.186 0.1012451 0.10875025
0.1865 0.102059 0.10955609
0.187 0.1028766 0.11036483
0.1875 0.103697 0.11117644
0.188 0.1045199 0.11199085
0.1885 0.1053458 0.112808
0.189 0.1061752 0.11362777
0.1895 0.1070087 0.114450164
0.19 0.1078464 0.11527506
0.1905 0.1086884 0.116102435
0.191 0.1095345 0.11693222
0.1915 0.1103846 0.1177643
0.192 0.1112373 0.11859871
0.1925 0.1120783 0.1194353
0.193 0.1129144 0.12027406
0.1935 0.1137586 0.12111492
0.194 0.1146141 0.12195779
0.1945 0.1154799 0.12280262
0.195 0.1163534 0.123649426
0.1955 0.1172327 0.12449805
0.196 0.1181162 0.12534845
0.1965 0.1190031 0.12620065
0.197 0.1198929 0.12705451
0.1975 0.1207851 0.12790999
0.198 0.1216751 0.12876707
0.1985 0.1225485 0.12962568
0.199 0.12342 0.13048574
0.1995 0.1243009 0.13134724
0.2 0.1251934 0.13005194
0.2005 0.1147057 0.12861851
0.201 0.1034526 0.12697178
0.2015 0.09665293 0.12505454
0.202 0.09251841 0.122834764
0.2025 0.08963795 0.12030838
0.203 0.08731867 0.11749739
0.2035 0.08525466 0.11444422
0.204 0.08331419 0.11120369
0.2045 0.08144022 0.10783563
0.205 0.0796075 0.10439838
0.2055 0.07780444 0.10094453
0.206 0.07602552 0.09751854
0.2065 0.07426794 0.09415578
0.207 0.07253024 0.09088271
0.2075 0.07081158 0.08771775
0.208 0.06911143 0.08467225
0.2085 0.06742948 0.081751786
0.209 0.0657655 0.078957506
0.2095 0.0641193 0.07628692
0.21 0.06249077 0.07373529
0.2105 0.06087977 0.07129611
0.211 0.0592862 0.06896196
0.2115 0.05770996 0.06672503
0.212 0.05615096 0.06457746
0.2125 0.05460909 0.06251165
0.213 0.05308428 0.060520433
0.2135 0.05157641 0.058597207
0.214 0.05008539 0.056735888
0.2145 0.04861113 0.05493109
0.215 0.04715353 0.053177923
0.2155 0.04571248 0.051472083
0.216 0.04428787 0.049809724
0.2165 0.04287961 0.04818748
0.217 0.04148758 0.04660239
0.2175 0.04011167 0.0450518
0.218 0.03875178 0.043533407
0.2185 0.03740777 0.04204517
0.219 0.03607955 0.040585287
0.2195 0.03476699 0.039152175
0.22 0.03346996 0.037744403
0.2205 0.03218836 0.036360733
0.221 0.03092205 0.035000056
0.2215 0.02967091 0.033661403
0.222 0.02843482 0.032343872
0.2225 0.02721364 0.031046696
0.223 0.02600726 0.029769175
0.2235 0.02481553 0.028510675
0.224 0.02363834 0.02727063
0.2245 0.02247555 0.026048519
0.225 0.02132703 0.024843924
0.2255 0.02019265 0.023656376
0.226 0.01907227 0.022485524
0.2265 0.01796576 0.021331027
0.227 0.01687299 0.020192526
0.2275 0.01579383 0.019069746
0.228 0.01472814 0.017962411
0.2285 0.01367578 0.016870238
0.229 0.01263663 0.015793025
0.2295 0.01161055 0.014730513
0.23 0.0105974 0.013682477
0.2305 0.009597052 0.0126487315
0.231 0.008609371 0.011629067
0.2315 0.007634224 0.010623276
0.232 0.006671477 0.009631179
0.2325 0.005720997 0.008652598
0.233 0.004782651 0.007687345
0.2335 0.003856309 0.006735239
0.234 0.002941837 0.0057961196
0.2345 0.002039106 0.0048698075
0.235 0.001147983 0.003956139
0.2355 0.0002683401 0.003054954
0.236 -0.0005999528 0.002166085
0.2365 -0.001457024 0.0012893714
0.237 -0.002303002 0.00042464584
0.2375 -0.003138014 -0.00042824075
0.238 -0.003962186 -0.0012694672
0.2385 -0.004775644 -0.0020991638
0.239 -0.005578513 -0.0029175058
0.2395 -0.006370916 -0.0037246458
0.24 -0.007152977 -0.0045207255
0.2405 -0.007924819 -0.0053059123
0.241 -0.008686563 -0.006080359
0.2415 -0.009438328 -0.0068442
0.242 -0.01018024 -0.007597599
0.2425 -0.0109124 -0.008340705
0.243 -0.01163495 -0.009073649
0.2435 -0.01234799 -0.009796593
0.244 -0.01305164 -0.010509681
0.2445 -0.01374602 -0.011213038
0.245 -0.01443123 -0.011906829
0.2455 -0.0151074 -0.012591179
0.246 -0.01577463 -0.013266228
0.2465 -0.01643303 -0.013932124
0.247 -0.01708272 -0.014588989
0.2475 -0.0177238 -0.015236959
0.248 -0.01835638 -0.015876167
0.2485 -0.01898056 -0.016506743
0.249 -0.01959646 -0.017128821
0.2495 -0.02020418 -0.017742515
0.25 -0.02080381 -0.018347964
0.2505 -0.02139546 -0.018945288
0.251 -0.02197924 -0.019534603
0.2515 -0.02255524 -0.020116027
0.252 -0.02312356 -0.020689685
0.2525 -0.02368431 -0.021255681
0.253 -0.02423757 -0.021814141
0.2535 -0.02478344 -0.022365171
0.254 -0.02532203 -0.022908889
0.2545 -0.02585341 -0.023445394
0.255 -0.02637769 -0.023974795
0.2555 -0.02689496 -0.024497204
0.256 -0.02740531 -0.025012713
0.2565 -0.02790882 -0.025521442
0.257 -0.02840559 -0.026023474
0.2575 -0.02889571 -0.026518907
0.258 -0.02937925 -0.027007852
0.2585 -0.02985632 -0.027490389
0.259 -0.03032698 -0.027966615
0.2595 -0.03079133 -0.028436624
0.26 -0.03124945 -0.028900506
0.2605 -0.03170142 -0.029358355
0.261 -0.03214732 -0.02981025
0.2615 -0.03258723 -0.030256271
0.262 -0.03302123 -0.030696522
0.2625 -0.0334494 -0.031131066
0.263 -0.03387181 -0.03155999
0.2635 -0.03428854 -0.03198338
0.264 -0.03469967 -0.03240131
0.2645 -0.03510527 -0.03281386
0.265 -0.03550542 -0.033221096
0.2655 -0.03590018 -0.0336231
0.266 -0.03628963 -0.034019943
0.2665 -0.03667383 -0.034411706
0.267 -0.03705287 -0.034798447
0.2675 -0.0374268 -0.03518024
0.268 -0.03779569 -0.035557162
0.2685 -0.03815962 -0.03592926
0.269 -0.03851865 -0.036296617
0.2695 -0.03887284 -0.03665929
0.27 -0.03922226 -0.037017345
0.2705 -0.03956697 -0.037370853
0.271 -0.03990704 -0.03771986
0.2715 -0.04024253 -0.038064435
0.272 -0.04057349 -0.03840464
0.2725 -0.0409 -0.03874053
0.273 -0.04122211 -0.039072163
0.2735 -0.04153987 -0.0393996
0.274 -0.04185335 -0.039722897
0.2745 -0.04216261 -0.040042102
0.275 -0.0424677 -0.040357266
0.2755 -0.04276868 -0.04066846
0.276 -0.0430656 -0.040975723
0.2765 -0.04335852 -0.04127912
0.277 -0.04364749 -0.04157868
0.2775 -0.04393256 -0.04187447
0.278 -0.0442138 -0.042166535
0.2785 -0.04449124 -0.042454924
0.279 -0.04476494 -0.042739686
0.2795 -0.04503496 -0.043020863
0.28 -0.04530133 -0.04329851
0.2805 -0.04556412 -0.043572664
0.281 -0.04582336 -0.04384338
0.2815 -0.04607911 -0.044110693
0.282 -0.04633142 -0.044374652
0.2825 -0.04658032 -0.0446353
0.283 -0.04682587 -0.04489268
0.2835 -0.04706812 -0.045146834
0.284 -0.0473071 -0.045397792
0.2845 -0.04754286 -0.04564561
0.285 -0.04777544 -0.045890328
0.2855 -0.0480049 -0.046131976
0.286 -0.04823126 -0.04637061
0.2865 -0.04845457 -0.046606246
0.287 -0.04867488 -0.04683893
0.2875 -0.04889222 -0.04706871
0.288 -0.04910664 -0.047295626
0.2885 -0.04931816 -0.047519695
0.289 -0.04952685 -0.04774096
0.2895 -0.04973272 -0.047959458
0.29 -0.04993582 -0.048175227
0.2905 -0.05013619 -0.048388302
0.291 -0.05033386 -0.048598714
0.2915 -0.05052888 -0.048806496
0.292 -0.05072127 -0.04901168
0.2925 -0.05091107 -0.04921431
0.293 -0.05109832 -0.049414404
0.2935 -0.05128305 -0.049612
0.294 -0.0514653 -0.049807135
0.2945 -0.0516451 -0.049999833
0.295 -0.05182248 -0.05019013
0.2955 -0.05199748 -0.05037804
0.296 -0.05217013 -0.05056361
0.2965 -0.05234045 -0.050746866
0.297 -0.05250849 -0.05092784
0.2975 -0.05267427 -0.05110656
0.298 -0.05283783 -0.051283047
0.2985 -0.05299918 -0.051457338
0.299 -0.05315837 -0.051629454
0.2995 -0.05331543 -0.051799424
0.3 -0.05347037 -0.051967274
0.3005 -0.05362324 -0.05213304
0.301 -0.05377406 -0.05229673
0.3015 -0.05392285 -0.05245839
0.302 -0.05406964 -0.052618034
0.3025 -0.05421447 -0.05277569
0.303 -0.05435735 -0.052931376
0.3035 -0.05449832 -0.053085126
0.304 -0.0546374 -0.053236965
0.3045 -0.05477461 -0.05338691
0.305 -0.05490999 -0.053535
0.3055 -0.05504355 -0.05368124
0.306 -0.05517532 -0.053825658
0.3065 -0.05530533 -0.05396828
0.307 -0.05543359 -0.054109126
0.3075 -0.05556014 -0.054248225
0.308 -0.05568499 -0.05438559
0.3085 -0.05580817 -0.054521248
0.309 -0.0559297 -0.054655224
0.3095 -0.05604961 -0.05478753
0.31 -0.05616791 -0.054918192
0.3105 -0.05628462 -0.055047236
0.311 -0.05639978 -0.055174667
0.3115 -0.0565134 -0.055300526
0.312 -0.0566255 -0.05542481
0.3125 -0.05673609 -0.055547558
0.313 -0.05684521 -0.055668782
0.3135 -0.05695288 -0.055788502
0.314 -0.0570591 -0.05590673
0.3145 -0.0571639 -0.056023497
0.315 -0.05726731 -0.056138806
0.3155 -0.05736933 -0.056252696
0.316 -0.05746999 -0.056365166
0.3165 -0.05756931 -0.05647624
0.317 -0.0576673 -0.056585938
0.3175 -0.05776398 -0.05669428
0.318 -0.05785937 -0.056801274
0.3185 -0.05795349 -0.056906946
0.319 -0.05804635 -0.05701131
0.3195 -0.05813798 -0.05711438
0.32 -0.05822838 -0.057216175
0.3205 -0.05831758 -0.057316706
0.321 -0.05840559 -0.057415992
0.3215 -0.05849243 -0.057514045
0.322 -0.05857811 -0.05761089
0.3225 -0.05866264 -0.057706535
0.323 -0.05874605 -0.057801
0.3235 -0.05882835 -0.0578943
0.324 -0.05890956 -0.057986442
0.3245 -0.05898968 -0.058077447
0.325 -0.05906874 -0.058167323
0.3255 -0.05914674 -0.058256097
0.326 -0.05922371 -0.058343768
0.3265 -0.05929965 -0.05843036
0.327 -0.05937458 -0.05851588
0.3275 -0.05944852 -0.058600347
0.328 -0.05952147 -0.058683768
0.3285 -0.05959345 -0.058766164
0.329 -0.05966448 -0.058847543
0.3295 -0.05973456 -0.058927916
0.33 -0.05980371 -0.059007302
0.3305 -0.05987194 -0.059085708
0.331 -0.05993926 -0.05916315
0.3315 -0.06000569 -0.05923964
0.332 -0.06007124 -0.05931518
0.3325 -0.06013592 -0.059389792
0.333 -0.06019974 -0.059463494
0.3335 -0.06026271 -0.05953629
0.334 -0.06032485 -0.05960818
0.3345 -0.06038616 -0.05967919
0.335 -0.06044666 -0.05974933
0.3355 -0.06050636 -0.059818603
0.336 -0.06056527 -0.059887033
0.3365 -0.06062339 -0.059954617
0.337 -0.06068074 -0.06002137
0.3375 -0.06073734 -0.06008731
0.338 -0.06079318 -0.06015243
0.3385 -0.06084828 -0.060216762
0.339 -0.06090266 -0.0602803
0.3395 -0.06095631 -0.060343068
0.34 -0.06100925 -0.060405057
0.3405 -0.0610615 -0.06046629
0.341 -0.06111305 -0.06052677
0.3415 -0.06116392 -0.060586512
0.342 -0.06121411 -0.06064552
0.3425 -0.06126364 -0.06070381
0.343 -0.06131252 -0.060761385
0.3435 -0.06136075 -0.06081826
0.344 -0.06140834 -0.060874432
0.3445 -0.0614553 -0.060929924
0.345 -0.06150164 -0.060984734
0.3455 -0.06154737 -0.06103888
0.346 -0.0615925 -0.06109236
0.3465 -0.06163703 -0.061145194
0.347 -0.06168097 -0.061197374
0.3475 -0.06172433 -0.06124892
0.348 -0.06176711 -0.06129984
0.3485 -0.06180934 -0.061350137
0.349 -0.061851 -0.061399825
0.3495 -0.06189212 -0.06144891
0.35 -0.06193269 -0.061497394
0.3505 -0.06197273 -0.061545286
0.351 -0.06201224 -0.061592598
0.3515 -0.06205122 -0.061639335
0.352 -0.0620897 -0.061685503
0.3525 -0.06212766 -0.061731115
0.353 -0.06216513 -0.06177617
0.3535 -0.0622021 -0.06182067
0.354 -0.06223858 -0.061864637
0.3545 -0.06227459 -0.06190807
0.355 -0.06231012 -0.06195098
0.3555 -0.06234518 -0.061993364
0.356 -0.06237978 -0.062035233
0.3565 -0.06241392 -0.0620766
0.357 -0.06244762 -0.06211746
0.3575 -0.06248087 -0.062157825
0.358 -0.06251368 -0.062197704
0.3585 -0.06254606 -0.062237106
0.359 -0.06257802 -0.062276028
0.3595 -0.06260955 -0.062314477
0.36 -0.06264067 -0.062352464
0.3605 -0.06267138 -0.062389992
0.361 -0.06270169 -0.062427063
0.3615 -0.0627316 -0.062463686
0.362 -0.06276112 -0.06249987
0.3625 -0.06279024 -0.062535614
0.363 -0.06281899 -0.06257093
0.3635 -0.06284735 -0.06260582
0.364 -0.06287535 -0.062640294
0.3645 -0.06290298 -0.06267434
0.365 -0.06293024 -0.06270799
0.3655 -0.06295715 -0.06274123
0.366 -0.0629837 -0.06277406
0.3665 -0.0630099 -0.06280651
0.367 -0.06303576 -0.06283857
0.3675 -0.06306128 -0.062870234
0.368 -0.06308647 -0.06290153
0.3685 -0.06311132 -0.06293243
0.369 -0.06313585 -0.06296298
0.3695 -0.06316006 -0.062993154
0.37 -0.06318395 -0.06302296
0.3705 -0.06320753 -0.063052416
0.371 -0.0632308 -0.063081525
0.3715 -0.06325376 -0.06311028
0.372 -0.06327642 -0.06313868
0.3725 -0.06329879 -0.06316675
0.373 -0.06332086 -0.06319448
0.3735 -0.06334264 -0.06322189
0.374 -0.06336414 -0.063248955
0.3745 -0.06338536 -0.06327571
0.375 -0.0634063 -0.063302144
0.3755 -0.06342696 -0.06332826
0.376 -0.06344736 -0.06335406
0.3765 -0.06346748 -0.06337955
0.377 -0.06348735 -0.06340474
0.3775 -0.06350695 -0.063429624
0.378 -0.0635263 -0.063454226
0.3785 -0.06354539 -0.06347852
0.379 -0.06356424 -0.063502535
0.3795 -0.06358284 -0.06352626
0.38 -0.06360119 -0.0635497
0.3805 -0.06361931 -0.06357286
0.381 -0.06363718 -0.06359575
0.3815 -0.06365483 -0.06361836
0.382 -0.06367224 -0.06364071
0.3825 -0.06368943 -0.0636628
0.383 -0.06370639 -0.063684605
0.3835 -0.06372313 -0.063706174
0.384 -0.06373966 -0.06372747
0.3845 -0.06375596 -0.063748516
0.385 -0.06377206 -0.06376931
0.3855 -0.06378794 -0.06378987
0.386 -0.06380362 -0.063810185
0.3865 -0.06381909 -0.06383025
0.387 -0.06383436 -0.06385008
0.3875 -0.06384943 -0.06386968
0.388 -0.0638643 -0.06388904
0.3885 -0.06387898 -0.06390818
0.389 -0.06389347 -0.063927084
0.3895 -0.06390777 -0.06394577
0.39 -0.06392188 -0.06396424
0.3905 -0.06393581 -0.06398249
0.391 -0.06394956 -0.06400052
0.3915 -0.06396313 -0.06401834
0.392 -0.06397652 -0.064035945
0.3925 -0.06398974 -0.06405335
0.393 -0.06400278 -0.064070545
0.3935 -0.06401566 -0.06408753
0.394 -0.06402837 -0.064104326
0.3945 -0.06404091 -0.064120926
0.395 -0.06405329 -0.064137325
0.3955 -0.06406551 -0.06415353
0.396 -0.06407757 -0.06416954
0.3965 -0.06408947 -0.06418537
0.397 -0.06410122 -0.06420101
0.3975 -0.06411281 -0.06421647
0.398 -0.06412425 -0.06423174
0.3985 -0.06413555 -0.06424684
0.399 -0.0641467 -0.064261764
0.3995 -0.0641577 -0.0642765
0.4 -0.06416856 -0.064291075
0.4005 -0.06417928 -0.06430548
0.401 -0.06418986 -0.0643197
0.4015 -0.0642003 -0.06433377
0.402 -0.0642106 -0.06434767
0.4025 -0.06422078 -0.06436141
0.403 -0.06423082 -0.06437498
0.4035 -0.06424073 -0.064388394
0.404 -0.06425051 -0.06440166
0.4045 -0.06426016 -0.06441477
0.405 -0.06426969 -0.06442772
0.4055 -0.06427909 -0.06444052
0.406 -0.06428838 -0.06445317
0.4065 -0.06429754 -0.06446567
0.407 -0.06430658 -0.06447803
0.4075 -0.06431551 -0.064490244
0.408 -0.06432432 -0.06450231
0.4085 -0.06433301 -0.06451424
0.409 -0.0643416 -0.06452604
0.4095 -0.06435007 -0.06453768
0.41 -0.06435843 -0.0645492
0.4105 -0.06436668 -0.064560585
0.411 -0.06437483 -0.06457184
0.4115 -0.06438287 -0.06458296
0.412 -0.06439081 -0.064593956
0.4125 -0.06439864 -0.06460481
0.413 -0.06440637 -0.064615555
0.4135 -0.06441401 -0.064626165
0.414 -0.06442154 -0.06463665
0.4145 -0.06442898 -0.06464702
0.415 -0.06443631 -0.06465726
0.4155 -0.06444356 -0.06466739
0.416 -0.06445071 -0.064677395
0.4165 -0.06445777 -0.06468729
0.417 -0.06446473 -0.06469707
0.4175 -0.06447161 -0.064706735
0.418 -0.0644784 -0.064716294
0.4185 -0.0644851 -0.064725734
0.419 -0.06449171 -0.06473507
0.4195 -0.06449824 -0.06474429
0.42 -0.06450468 -0.06475341
0.4205 -0.06451104 -0.06476243
0.421 -0.06451732 -0.06477134
0.4215 -0.06452351 -0.06478014
0.422 -0.06452963 -0.06478885
0.4225 -0.06453567 -0.064797446
0.423 -0.06454162 -0.064805955
0.4235 -0.06454751 -0.06481436
0.424 -0.06455331 -0.064822674
0.4245 -0.06455904 -0.064830884
0.425 -0.0645647 -0.064839005
0.4255 -0.06457028 -0.06484702
0.426 -0.06457579 -0.064854965
0.4265 -0.06458124 -0.0648628
0.427 -0.06458661 -0.06487055
0.4275 -0.06459191 -0.06487822
0.428 -0.06459714 -0.06488579
0.4285 -0.0646023 -0.064893275
0.429 -0.0646074 -0.064900674
0.4295 -0.06461243 -0.06490799
0.43 -0.0646174 -0.06491522
0.4305 -0.0646223 -0.06492237
0.431 -0.06462714 -0.064929426
0.4315 -0.06463192 -0.064936414
0.432 -0.06463664 -0.06494332
0.4325 -0.06464129 -0.064950146
0.433 -0.06464589 -0.06495689
0.4335 -0.06465042 -0.06496356
0.434 -0.0646549 -0.06497015
0.4345 -0.06465932 -0.06497667
0.435 -0.06466368 -0.06498311
0.4355 -0.06466799 -0.06498948
0.436 -0.06467224 -0.06499578
0.4365 -0.06467643 -0.065002
0.437 -0.06468058 -0.06500815
0.4375 -0.06468466 -0.065014236
0.438 -0.0646887 -0.06502025
0.4385 -0.06469268 -0.065026194
0.439 -0.06469662 -0.06503207
0.4395 -0.0647005 -0.06503788
0.44 -0.06470433 -0.06504362
0.4405 -0.06470811 -0.06504929
0.441 -0.06471185 -0.0650549
0.4415 -0.06471553 -0.065060444
0.442 -0.06471917 -0.065065935
0.4425 -0.06472276 -0.06507136
0.443 -0.06472631 -0.065076716
0.4435 -0.06472981 -0.06508201
0.444 -0.06473326 -0.06508726
0.4445 -0.06473667 -0.06509243
0.445 -0.06474004 -0.06509755
0.4455 -0.06474336 -0.06510261
0.446 -0.06474664 -0.065107614
0.4465 -0.06474988 -0.06511256
0.447 -0.06475307 -0.06511745
0.4475 -0.06475623 -0.065122284
0.448 -0.06475934 -0.06512707
0.4485 -0.06476242 -0.0651318
0.449 -0.06476545 -0.06513647
0.4495 -0.06476845 -0.06514108
0.45 -0.06477141 -0.06514565
0.4505 -0.06477433 -0.06515016
0.451 -0.06477721 -0.06515463
0.4515 -0.06478005 -0.06515904
0.452 -0.06478286 -0.0651634
0.4525 -0.06478563 -0.06516771
0.453 -0.06478837 -0.06517198
0.4535 -0.06479107 -0.06517619
0.454 -0.06479374 -0.06518036
0.4545 -0.06479637 -0.065184474
0.455 -0.06479897 -0.06518855
0.4555 -0.06480154 -0.06519258
0.456 -0.06480407 -0.06519656
0.4565 -0.06480657 -0.0652005
0.457 -0.06480904 -0.06520438
0.4575 -0.06481147 -0.065208234
0.458 -0.06481388 -0.06521203
0.4585 -0.06481625 -0.065215796
0.459 -0.06481859 -0.065219514
0.4595 -0.06482091 -0.065223195
0.46 -0.06482319 -0.06522683
0.4605 -0.06482545 -0.06523043
0.461 -0.06482767 -0.065233976
0.4615 -0.06482987 -0.06523749
0.462 -0.06483204 -0.065240964
0.4625 -0.06483418 -0.06524441
0.463 -0.06483629 -0.0652478
0.4635 -0.06483838 -0.06525116
0.464 -0.06484044 -0.06525448
0.4645 -0.06484247 -0.06525776
0.465 -0.06484448 -0.06526101
0.4655 -0.06484646 -0.06526422
0.466 -0.06484842 -0.065267384
0.4665 -0.06485035 -0.06527052
0.467 -0.06485226 -0.06527362
0.4675 -0.06485414 -0.06527668
0.468 -0.064856 -0.06527972
0.4685 -0.06485783 -0.06528271
0.469 -0.06485964 -0.065285675
0.4695 -0.06486143 -0.06528861
0.47 -0.06486319 -0.0652915
0.4705 -0.06486494 -0.06529437
0.471 -0.06486665 -0.0652972
0.4715 -0.06486835 -0.0653
0.472 -0.06487003 -0.065302774
0.4725 -0.06487168 -0.06530551
0.473 -0.06487332 -0.06530821
0.4735 -0.06487493 -0.065310895
0.474 -0.06487652 -0.06531354
0.4745 -0.06487809 -0.065316156
0.475 -0.06487964 -0.06531875
0.4755 -0.06488117 -0.0653213
0.476 -0.06488269 -0.06532384
0.4765 -0.06488418 -0.06532633
0.477 -0.06488565 -0.065328814
0.4775 -0.06488711 -0.065331265
0.478 -0.06488854 -0.06533368
0.4785 -0.06488996 -0.06533606
0.479 -0.06489136 -0.06533843
0.4795 -0.06489274 -0.06534077
0.48 -0.06489411 -0.06534308
0.4805 -0.06489545 -0.06534536
0.481 -0.06489678 -0.06534763
0.4815 -0.06489809 -0.06534986
0.482 -0.06489939 -0.06535207
0.4825 -0.06490067 -0.06535426
0.483 -0.06490193 -0.06535642
0.4835 -0.06490318 -0.06535855
0.484 -0.06490441 -0.065360665
0.4845 -0.06490562 -0.06536275
0.485 -0.06490682 -0.06536482
0.4855 -0.06490801 -0.065366864
0.486 -0.06490917 -0.06536889
0.4865 -0.06491033 -0.06537089
0.487 -0.06491147 -0.065372854
0.4875 -0.06491259 -0.065374814
0.488 -0.0649137 -0.06537674
0.4885 -0.0649148 -0.06537866
0.489 -0.06491588 -0.06538054
0.4895 -0.06491695 -0.06538242
0.49 -0.064918 -0.06538426
0.4905 -0.06491905 -0.06538609
0.491 -0.06492007 -0.06538789
0.4915 -0.06492109 -0.06538968
0.492 -0.06492209 -0.06539144
0.4925 -0.06492308 -0.06539319
0.493 -0.06492406 -0.06539492
0.4935 -0.06492502 -0.06539662
0.494 -0.06492597 -0.06539831
0.4945 -0.06492691 -0.06539998
0.495 -0.06492784 -0.06540163
0.4955 -0.06492875 -0.06540326
0.496 -0.06492966 -0.06540488
0.4965 -0.06493055 -0.06540648
0.497 -0.06493143 -0.06540806
0.4975 -0.0649323 -0.06540962
0.498 -0.06493316 -0.065411165
0.4985 -0.06493401 -0.06541269
0.499 -0.06493485 -0.0654142
0.4995 -0.06493567 -0.065415695
