0.0 -0.065 -0.051422626
0.0005 -0.06344688 -0.05020383
0.001 -0.06030965 -0.048715062
0.0015 -0.05758122 -0.0470507
0.002 -0.05545241 -0.04527101
0.0025 -0.05369594 -0.043415576
0.003 -0.05212624 -0.041510873
0.0035 -0.05064129 -0.039574772
0.004 -0.04919189 -0.03761943
0.0045 -0.04775571 -0.035653107
0.005 -0.04632331 -0.033681467
0.0055 -0.0448953 -0.031708512
0.006 -0.0434704 -0.029737215
0.0065 -0.04204777 -0.027770074
0.007 -0.04062426 -0.025809407
0.0075 -0.03919725 -0.023857627
0.008 -0.03776877 -0.02191737
0.0085 -0.03634122 -0.01999151
0.009 -0.03491705 -0.018083125
0.0095 -0.03349669 -0.016195346
0.01 -0.03207652 -0.011102181
0.0105 -0.03220241 -0.010249622
0.011 -0.03389933 -0.011302449
0.0115 -0.03519047 -0.0131666325
0.012 -0.03589138 -0.01505553
0.0125 -0.03622921 -0.016662862
0.013 -0.03638831 -0.017970435
0.0135 -0.0364699 -0.019053884
0.014 -0.03652285 -0.019994918
0.0145 -0.03656949 -0.020855725
0.015 -0.03661966 -0.02167718
0.0155 -0.03667756 -0.022483667
0.016 -0.03674479 -0.023288328
0.0165 -0.03682178 -0.024097199
0.017 -0.03690819 -0.024911994
0.0175 -0.0370037 -0.025732024
0.018 -0.03710803 -0.026555296
0.0185 -0.03722077 -0.027379222
0.019 -0.0373414 -0.028201064
0.0195 -0.03746939 -0.029018126
0.02 -0.0376042 -0.027964728
0.0205 -0.0361931 -0.026747243
0.021 -0.03320959 -0.02544694
0.0215 -0.03064857 -0.024103448
0.022 -0.02869687 -0.02273602
0.0225 -0.02712271 -0.021353565
0.023 -0.02574147 -0.019959647
0.0235 -0.02445213 -0.01855506
0.024 -0.0232023 -0.017139226
0.0245 -0.02196441 -0.015710887
0.025 -0.02072815 -0.014268532
0.0255 -0.01949354 -0.012810677
0.026 -0.01825818 -0.011336014
0.0265 -0.01701976 -0.009843558
0.027 -0.01577786 -0.008332714
0.0275 -0.01453363 -0.0068034753
0.028 -0.01328884 -0.005256377
0.0285 -0.01204506 -0.0036926642
0.029 -0.01080348 -0.0021142438
0.0295 -0.009564944 -0.00052376837
0.03 -0.008329995 0.0010976829
0.0305 -0.0086503 0.0015653446
0.031 -0.01055521 0.0010992289
0.0315 -0.01205652 4.1600317e-05
0.032 -0.01296516 -0.0011276677
0.0325 -0.01350825 -0.0021484457
0.033 -0.01387092 -0.002997838
0.0335 -0.01415495 -0.0037503839
0.034 -0.01441042 -0.004482761
0.0345 -0.01466081 -0.0052438676
0.035 -0.01491423 -0.006056212
0.0355 -0.01517373 -0.006924972
0.036 -0.01544073 -0.007845879
0.0365 -0.01571583 -0.00881039
0.037 -0.01599915 -0.009808596
0.0375 -0.01629047 -0.010830749
0.038 -0.01658938 -0.011867948
0.0385 -0.01689539 -0.012912378
0.039 -0.01720793 -0.013957359
0.0395 -0.01752645 -0.014997251
0.04 -0.0178504 -0.012978934
0.0405 -0.01662721 -0.011191659
0.041 -0.01382689 -0.009530358
0.0415 -0.01144423 -0.007955797
0.042 -0.00967126 -0.0064477846
0.0425 -0.008273642 -0.0049927086
0.043 -0.007062001 -0.0035797916
0.0435 -0.0059341 -0.0021997318
0.044 -0.004845049 -0.0008443631
0.0445 -0.003771562 0.00049360096
0.045 -0.002701145 0.0018206164
0.0455 -0.001628647 0.0031424016
0.046 -0.0005529482 0.0044639967
0.0465 0.0005255654 0.005789701
0.047 0.001606166 0.0071231574
0.0475 0.002688107 0.00846732
0.048 0.003770666 0.009824365
0.0485 0.004853138 0.0111957565
0.049 0.005934985 0.012582123
0.0495 0.007015902 0.013983309
0.05 0.0080955 0.013128929
0.0505 0.007621193 0.012055479
0.051 0.005562859 0.010690972
0.0515 0.003910439 0.009323757
0.052 0.0028535 0.008300386
0.0525 0.002164652 0.0076456517
0.053 0.001658413 0.007165931
0.0535 0.001232774 0.0066742525
0.054 0.0008384504 0.006071806
0.0545 0.0004529685 0.005330365
0.055 6.644082e-05 0.004458189
0.0555 -0.0003252822 0.0034772605
0.056 -0.0007237505 0.0024121664
0.0565 -0.00112933 0.0012855642
0.057 -0.001541844 0.000116832554
0.0575 -0.001960869 -0.001078032
0.058 -0.002385876 -0.0022859648
0.0585 -0.002816295 -0.0034964383
0.059 -0.003251548 -0.004700925
0.0595 -0.003691066 -0.005892623
0.06 -0.0041343 -0.0070660785
0.0605 -0.00458072 -0.008216955
0.061 -0.005029819 -0.009341896
0.0615 -0.005481115 -0.010438278
0.062 -0.005934148 -0.01150417
0.0625 -0.006388479 -0.012538157
0.063 -0.006843692 -0.013539288
0.0635 -0.007299393 -0.014506981
0.064 -0.007755206 -0.015440993
0.0645 -0.008210774 -0.016341329
0.065 -0.008665761 -0.01720824
0.0655 -0.009119845 -0.018042129
0.066 -0.009572723 -0.018843558
0.0665 -0.01002411 -0.019613214
0.067 -0.01047373 -0.020351876
0.0675 -0.01092133 -0.021060383
0.068 -0.01136667 -0.021739652
0.0685 -0.01180951 -0.022390608
0.069 -0.01224965 -0.02301424
0.0695 -0.01268819 -0.023611544
0.07 -0.0131263 -0.024183493
0.0705 -0.0135608 -0.024731098
0.071 -0.01399069 -0.025255326
0.0715 -0.01441597 -0.025757156
0.072 -0.0148368 -0.026237538
0.0725 -0.01525331 -0.026697395
0.073 -0.01566555 -0.02713764
0.0735 -0.01607353 -0.027559148
0.074 -0.01647719 -0.027962767
0.0745 -0.01687648 -0.028349293
0.075 -0.01727132 -0.02871954
0.0755 -0.01766162 -0.029074235
0.076 -0.01804732 -0.02941411
0.0765 -0.01842834 -0.029739846
0.077 -0.01880461 -0.030052105
0.0775 -0.01917607 -0.03035151
0.078 -0.01954268 -0.030638648
0.0785 -0.0199044 -0.030914085
0.079 -0.02026115 -0.03117835
0.0795 -0.02061288 -0.03143195
0.08 -0.02095954 -0.03167537
0.0805 -0.02130112 -0.03190905
0.081 -0.02163758 -0.03213342
0.0815 -0.02196893 -0.032348882
0.082 -0.02229514 -0.032555804
0.0825 -0.02261621 -0.032754563
0.083 -0.02293213 -0.03294547
0.0835 -0.0232429 -0.033128854
0.084 -0.02354851 -0.033305008
0.0845 -0.02384897 -0.033474218
0.085 -0.02414428 -0.033636738
0.0855 -0.02443446 -0.0337928
0.086 -0.0247195 -0.033942662
0.0865 -0.02499942 -0.03408652
0.087 -0.02527424 -0.034224577
0.0875 -0.02554397 -0.03435704
0.088 -0.02580863 -0.034484074
0.0885 -0.02606824 -0.034605846
0.089 -0.02632282 -0.03472252
0.0895 -0.02657241 -0.034834232
0.09 -0.02681702 -0.03494114
0.0905 -0.02705668 -0.03504337
0.091 -0.02729142 -0.035141036
0.0915 -0.02752128 -0.035234254
0.092 -0.02774458 -0.035323143
0.0925 -0.02795941 -0.035407804
0.093 -0.0281682 -0.035488322
0.0935 -0.02837298 -0.035564803
0.094 -0.02857444 -0.035637323
0.0945 -0.02877259 -0.035705965
0.095 -0.02896722 -0.035770826
0.0955 -0.02915807 -0.03583196
0.096 -0.02934491 -0.035889436
0.0965 -0.0295276 -0.03594333
0.097 -0.02970605 -0.0359937
0.0975 -0.0298802 -0.036040597
0.098 -0.03005003 -0.0360841
0.0985 -0.03021556 -0.036124256
0.099 -0.03037679 -0.036161125
0.0995 -0.03053376 -0.036194738
0.1 -0.0306865 -0.03359037
0.1005 -0.03079018 -0.03284752
0.101 -0.0307868 -0.03259104
0.1015 -0.03070048 -0.03252032
0.102 -0.03055179 -0.0324679
0.1025 -0.03035529 -0.032347564
0.103 -0.03012004 -0.032120552
0.1035 -0.02985137 -0.0317746
0.104 -0.02955239 -0.031311586
0.1045 -0.02922491 -0.030740436
0.105 -0.02886997 -0.030073069
0.1055 -0.02848811 -0.029322078
0.106 -0.02807992 -0.028499568
0.1065 -0.02764598 -0.027616527
0.107 -0.02718673 -0.0266826
0.1075 -0.0267025 -0.025706045
0.108 -0.02619359 -0.024693849
0.1085 -0.02566029 -0.023651823
0.109 -0.02510289 -0.022584762
0.1095 -0.02452168 -0.021496596
0.11 -0.02391695 -0.020390514
0.1105 -0.023289 -0.019269112
0.111 -0.02263812 -0.018134452
0.1115 -0.02196461 -0.016988195
0.112 -0.02126877 -0.015831664
0.1125 -0.02055088 -0.014665872
0.113 -0.01981124 -0.013491645
0.1135 -0.01905018 -0.0123095885
0.114 -0.01827057 -0.0111201815
0.1145 -0.0174723 -0.009923752
0.115 -0.0166529 -0.008720566
0.1155 -0.01581172 -0.0075107813
0.116 -0.01494913 -0.0062945187
0.1165 -0.01406576 -0.005071819
0.117 -0.01316223 -0.003842719
0.1175 -0.01223913 -0.002607178
0.118 -0.01129692 -0.0013651773
0.1185 -0.01033596 -0.00011666119
0.119 -0.00935664 0.0011384413
0.1195 -0.008359345 0.002400212
0.12 -0.007344285 0.003668718
0.1205 -0.006311655 0.0049440563
0.121 -0.005261976 0.006226316
0.1215 -0.004200729 0.0075155683
0.122 -0.003126092 0.008811913
0.1225 -0.002033365 0.010115407
0.123 -0.0009213454 0.011426143
0.1235 0.0002087792 0.012744181
0.124 0.001350659 0.014069565
0.1245 0.002506618 0.015402362
0.125 0.003680483 0.016742624
0.1255 0.00487286 0.01809039
0.126 0.006078574 0.019445673
0.1265 0.007296815 0.02080851
0.127 0.008532738 0.02217891
0.1275 0.009785918 0.023556866
0.128 0.01104754 0.02494239
0.1285 0.01232039 0.026335463
0.129 0.01360996 0.027736075
0.1295 0.01491714 0.02914416
0.13 0.01624085 0.030559726
0.1305 0.01757891 0.031982698
0.131 0.01892914 0.03341303
0.1315 0.02028354 0.03485065
0.132 0.02164348 0.03629551
0.1325 0.02301755 0.037747517
0.133 0.02440845 0.0392066
0.1335 0.02581562 0.040672667
0.134 0.02723761 0.042145625
0.1345 0.02867303 0.043625362
0.135 0.03011477 0.045111768
0.1355 0.03156091 0.046604753
0.136 0.0330196 0.04810419
0.1365 0.03449365 0.04960996
0.137 0.03598241 0.051121935
0.1375 0.03748433 0.05264
0.138 0.03899802 0.054164
0.1385 0.04052248 0.055693828
0.139 0.04205703 0.057229303
0.1395 0.04360127 0.058770336
0.14 0.04515493 0.060316734
0.1405 0.04671782 0.061868377
0.141 0.0482898 0.063425116
0.1415 0.04987065 0.06498681
0.142 0.05146017 0.06655327
0.1425 0.05305829 0.06812439
0.143 0.05466488 0.0697
0.1435 0.05627833 0.071279936
0.144 0.05789906 0.07286403
0.1445 0.05952146 0.07445214
0.145 0.06112856 0.07604412
0.1455 0.0627422 0.077639796
0.146 0.06437451 0.07923902
0.1465 0.06602622 0.08084164
0.147 0.06769431 0.08244745
0.1475 0.06937545 0.084056355
0.148 0.07106708 0.085668184
0.1485 0.07276744 0.087282754
0.149 0.07447543 0.08889992
0.1495 0.07619025 0.09051951
0.15 0.07791137 0.0918495
0.1505 0.07952767 0.09302191
0.151 0.08086742 0.094059475
0.1515 0.08201645 0.09498099
0.152 0.08304991 0.09580199
0.1525 0.08400535 0.09653527
0.153 0.08489964 0.097191505
0.1535 0.08574033 0.09777952
0.154 0.08653096 0.09830671
0.1545 0.08727347 0.09877915
0.155 0.08796898 0.09920197
0.1555 0.08861838 0.099579416
0.156 0.08922251 0.099915005
0.1565 0.08978212 0.10021169
0.157 0.09029785 0.10047195
0.1575 0.09077025 0.10069779
0.158 0.09119998 0.10089096
0.1585 0.0915877 0.10105283
0.159 0.09193404 0.101184525
0.1595 0.0922396 0.101287074
0.16 0.09250496 0.10136121
0.1605 0.09273068 0.10140758
0.161 0.09291731 0.10142674
0.1615 0.09306541 0.101419084
0.162 0.09317551 0.101384915
0.1625 0.09324817 0.10132458
0.163 0.09328391 0.10123823
0.1635 0.09328328 0.10112599
0.164 0.09324681 0.10098805
0.1645 0.09317504 0.1008245
0.165 0.09306849 0.10063536
0.1655 0.09292768 0.10042072
0.166 0.09275313 0.1001806
0.1665 0.09254536 0.099915035
0.167 0.09230487 0.099624045
0.1675 0.09203217 0.099307664
0.168 0.09172774 0.09896589
0.1685 0.09139208 0.098598786
0.169 0.09102568 0.09820636
0.1695 0.09062901 0.097788684
0.17 0.09020255 0.09734581
0.1705 0.08974678 0.09687779
0.171 0.08926214 0.09638473
0.1715 0.08874911 0.0958667
0.172 0.08820814 0.09532381
0.1725 0.08763967 0.09475622
0.173 0.08704414 0.094164036
0.1735 0.086422 0.09354744
0.174 0.08577367 0.0929066
0.1745 0.08509959 0.09224171
0.175 0.08440016 0.091552995
0.1755 0.08367581 0.090840675
0.176 0.08292694 0.090105005
0.1765 0.08215396 0.08934622
0.177 0.08135727 0.08856464
0.1775 0.08053726 0.08776053
0.178 0.07969431 0.08693423
0.1785 0.07882881 0.08608601
0.179 0.07794113 0.08521628
0.1795 0.07703165 0.08432535
0.18 0.07610073 0.08341358
0.1805 0.07514874 0.08248133
0.181 0.07417602 0.08152906
0.1815 0.07318292 0.0805571
0.182 0.0721698 0.079565845
0.1825 0.07113699 0.07855571
0.183 0.07008482 0.07752711
0.1835 0.06901363 0.076480456
0.184 0.06792374 0.075416096
0.1845 0.06681547 0.07433451
0.185 0.06568913 0.073236026
0.1855 0.06454503 0.07212109
0.186 0.06338349 0.070990056
0.1865 0.06220479 0.069843255
0.187 0.06100923 0.068681054
0.1875 0.0597971 0.06750379
0.188 0.0585687 0.066311724
0.1885 0.0573243 0.06510516
0.189 0.05606417 0.063884296
0.1895 0.0547886 0.06264933
0.19 0.05349784 0.061400414
0.1905 0.05219217 0.06013763
0.191 0.05087183 0.058861032
0.1915 0.0495371 0.05757059
0.192 0.04818821 0.056266166
0.1925 0.04682541 0.054947637
0.193 0.04544896 0.05361469
0.1935 0.04405907 0.052266955
0.194 0.042656 0.050903983
0.1945 0.04123997 0.04952518
0.195 0.03981121 0.048129797
0.1955 0.03836993 0.046716973
0.196 0.03691637 0.04528573
0.1965 0.03545074 0.043834873
0.197 0.03397324 0.042363107
0.1975 0.03248408 0.040868916
0.198 0.03098348 0.039350636
0.1985 0.02947163 0.037806444
0.199 0.02794873 0.036234356
0.1995 0.02641497 0.034632243
0.2 0.02487055 0.032997854
0.2005 0.02336285 0.03129763
0.201 0.02197551 0.029579692
0.2015 0.02067506 0.027873479
0.202 0.01942507 0.02619569
0.2025 0.01820656 0.024554819
0.203 0.01701089 0.022954226
0.2035 0.01583418 0.021394342
0.204 0.01467464 0.019874029
0.2045 0.01353139 0.018391363
0.205 0.01240392 0.016944267
0.2055 0.0112919 0.015530661
0.206 0.01019509 0.014148667
0.2065 0.009113292 0.0127966255
0.207 0.008046314 0.011473104
0.2075 0.006993984 0.010176897
0.208 0.005956137 0.008906934
0.2085 0.004932606 0.007662352
0.209 0.003923232 0.006442379
0.2095 0.002927855 0.005246334
0.21 0.001946314 0.0040736273
0.2105 0.0009784524 0.002923727
0.211 2.411252e-05 0.0017961413
0.2115 -0.0009168626 0.0006904155
0.212 -0.001844629 -0.00039387122
0.2125 -0.002759343 -0.0014571398
0.213 -0.00366116 -0.002499763
0.2135 -0.004550233 -0.0035221204
0.214 -0.005426717 -0.004524581
0.2145 -0.006290765 -0.005507514
0.215 -0.007142529 -0.0064712726
0.2155 -0.007982162 -0.0074162073
0.216 -0.008809814 -0.008342657
0.2165 -0.009625635 -0.00925098
0.217 -0.01042977 -0.010141518
0.2175 -0.01122238 -0.011014607
0.218 -0.0120036 -0.011870589
0.2185 -0.01277358 -0.012709804
0.219 -0.01353247 -0.013532586
0.2195 -0.01428041 -0.014339279
0.22 -0.01501754 -0.015130192
0.2205 -0.015744 -0.015905682
0.221 -0.01645994 -0.016666055
0.2215 -0.0171655 -0.017411638
0.222 -0.01786082 -0.018142752
0.2225 -0.01854602 -0.018859722
0.223 -0.01922125 -0.019562848
0.2235 -0.01988665 -0.02025244
0.224 -0.02054235 -0.020928811
0.2245 -0.02118847 -0.021592261
0.225 -0.02182515 -0.022243071
0.2255 -0.02245253 -0.022881541
0.226 -0.02307072 -0.02350796
0.2265 -0.02367986 -0.0241226
0.227 -0.02428007 -0.02472574
0.2275 -0.02487148 -0.025317647
0.228 -0.02545421 -0.025898594
0.2285 -0.02602838 -0.026468836
0.229 -0.02659412 -0.027028618
0.2295 -0.02715153 -0.027578197
0.23 -0.02770075 -0.028117806
0.2305 -0.02824188 -0.028647691
0.231 -0.02877504 -0.029168079
0.2315 -0.02930034 -0.0296792
0.232 -0.02981791 -0.03018127
0.2325 -0.03032784 -0.030674504
0.233 -0.03083025 -0.03115911
0.2335 -0.03132525 -0.0316353
0.234 -0.03181294 -0.03210326
0.2345 -0.03229343 -0.032563187
0.235 -0.03276682 -0.033015266
0.2355 -0.03323322 -0.033459693
0.236 -0.03369273 -0.033896636
0.2365 -0.03414545 -0.034326266
0.237 -0.03459147 -0.034748763
0.2375 -0.03503091 -0.035164274
0.238 -0.03546384 -0.03557297
0.2385 -0.03589038 -0.035975
0.239 -0.0363106 -0.03637052
0.2395 -0.03672462 -0.03675967
0.24 -0.03713251 -0.037142597
0.2405 -0.03753436 -0.037519436
0.241 -0.03793027 -0.037890315
0.2415 -0.03832033 -0.038255375
0.242 -0.03870462 -0.03861473
0.2425 -0.03908322 -0.038968515
0.243 -0.03945623 -0.039316837
0.2435 -0.03982372 -0.039659813
0.244 -0.04018577 -0.039997563
0.2445 -0.04054248 -0.040330194
0.245 -0.04089391 -0.0406578
0.2455 -0.04124014 -0.04098049
0.246 -0.04158126 -0.041298375
0.2465 -0.04191733 -0.041611537
0.247 -0.04224845 -0.04192008
0.2475 -0.04257467 -0.042224094
0.248 -0.04289607 -0.04252366
0.2485 -0.04321272 -0.042818867
0.249 -0.04352471 -0.043109804
0.2495 -0.04383208 -0.043396547
0.25 -0.04413492 -0.043679185
0.2505 -0.0444333 -0.043957777
0.251 -0.04472727 -0.04423242
0.2515 -0.04501691 -0.044503175
0.252 -0.04530228 -0.044770107
0.2525 -0.04558344 -0.045033302
0.253 -0.04586047 -0.04529281
0.2535 -0.04613341 -0.045548704
0.254 -0.04640233 -0.04580105
0.2545 -0.0466673 -0.046049904
0.255 -0.04692837 -0.046295337
0.2555 -0.0471856 -0.04653739
0.256 -0.04743904 -0.04677614
0.2565 -0.04768876 -0.047011632
0.257 -0.04793482 -0.047243927
0.2575 -0.04817726 -0.047473066
0.258 -0.04841614 -0.047699116
0.2585 -0.04865151 -0.04792212
0.259 -0.04888343 -0.048142128
0.2595 -0.04911195 -0.048359185
0.26 -0.04933712 -0.048573345
0.2605 -0.049559 -0.04878466
0.261 -0.04977762 -0.048993155
0.2615 -0.04999304 -0.049198885
0.262 -0.05020531 -0.049401894
0.2625 -0.05041448 -0.04960223
0.263 -0.05062059 -0.049799923
0.2635 -0.05082368 -0.04999502
0.264 -0.05102381 -0.050187554
0.2645 -0.05122102 -0.05037757
0.265 -0.05141535 -0.050565105
0.2655 -0.05160684 -0.05075019
0.266 -0.05179554 -0.050932877
0.2665 -0.0519815 -0.051113185
0.267 -0.05216474 -0.05129115
0.2675 -0.05234532 -0.05146681
0.268 -0.05252326 -0.051640205
0.2685 -0.05269862 -0.051811364
0.269 -0.05287143 -0.0519803
0.2695 -0.05304173 -0.05214708
0.27 -0.05320956 -0.052311715
0.2705 -0.05337495 -0.052474227
0.271 -0.05353794 -0.052634664
0.2715 -0.05369856 -0.052793045
0.272 -0.05385686 -0.0529494
0.2725 -0.05401287 -0.053103756
0.273 -0.05416661 -0.053256143
0.2735 -0.05431813 -0.053406592
0.274 -0.05446746 -0.053555124
0.2745 -0.05461463 -0.053701766
0.275 -0.05475967 -0.053846546
0.2755 -0.05490262 -0.05398949
0.276 -0.0550435 -0.054130618
0.2765 -0.05518235 -0.05426996
0.277 -0.0553192 -0.054407544
0.2775 -0.05545408 -0.05454338
0.278 -0.05558701 -0.0546775
0.2785 -0.05571803 -0.054809928
0.279 -0.05584716 -0.054940686
0.2795 -0.05597444 -0.055069797
0.28 -0.05609989 -0.05519728
0.2805 -0.05622353 -0.055323157
0.281 -0.0563454 -0.055447455
0.2815 -0.05646552 -0.055570193
0.282 -0.05658392 -0.055691384
0.2825 -0.05670062 -0.05581106
0.283 -0.05681565 -0.05592922
0.2835 -0.05692903 -0.056045916
0.284 -0.05704078 -0.056161143
0.2845 -0.05715094 -0.05627493
0.285 -0.05725952 -0.05638729
0.2855 -0.05736656 -0.05649824
0.286 -0.05747206 -0.056607805
0.2865 -0.05757605 -0.056716006
0.287 -0.05767857 -0.05682286
0.2875 -0.05777962 -0.056928366
0.288 -0.05787923 -0.057032567
0.2885 -0.05797742 -0.057135466
0.289 -0.05807421 -0.057237085
0.2895 -0.05816963 -0.05733744
0.29 -0.05826369 -0.05743654
0.2905 -0.05835641 -0.05753441
0.291 -0.05844782 -0.057631057
0.2915 -0.05853792 -0.057726506
0.292 -0.05862675 -0.057820767
0.2925 -0.05871432 -0.05791387
0.293 -0.05880065 -0.058005802
0.2935 -0.05888575 -0.058096603
0.294 -0.05896965 -0.05818627
0.2945 -0.05905236 -0.05827483
0.295 -0.0591339 -0.05836229
0.2955 -0.05921429 -0.05844867
0.296 -0.05929354 -0.058533978
0.2965 -0.05937167 -0.05861823
0.297 -0.0594487 -0.05870144
0.2975 -0.05952464 -0.058783617
0.298 -0.05959951 -0.05886478
0.2985 -0.05967333 -0.05894494
0.299 -0.05974611 -0.05902411
0.2995 -0.05981786 -0.059102304
0.3 -0.0598886 -0.05917953
0.3005 -0.05995835 -0.059255805
0.301 -0.06002711 -0.059331134
0.3015 -0.06009491 -0.059405543
0.302 -0.06016176 -0.059479028
0.3025 -0.06022767 -0.059551604
0.303 -0.06029266 -0.059623294
0.3035 -0.06035673 -0.059694096
0.304 -0.06041991 -0.059764035
0.3045 -0.0604822 -0.059833106
0.305 -0.06054362 -0.059901334
0.3055 -0.06060418 -0.059968714
0.306 -0.06066389 -0.06003527
0.3065 -0.06072277 -0.06010101
0.307 -0.06078082 -0.06016594
0.3075 -0.06083807 -0.060230076
0.308 -0.06089451 -0.06029343
0.3085 -0.06095017 -0.060355995
0.309 -0.06100505 -0.0604178
0.3095 -0.06105917 -0.06047885
0.31 -0.06111253 -0.06053915
0.3105 -0.06116515 -0.06059871
0.311 -0.06121704 -0.060657535
0.3115 -0.06126821 -0.060715646
0.312 -0.06131866 -0.060773045
0.3125 -0.06136842 -0.060829747
0.313 -0.06141748 -0.06088575
0.3135 -0.06146586 -0.06094107
0.314 -0.06151357 -0.060995713
0.3145 -0.06156062 -0.061049692
0.315 -0.06160702 -0.061103012
0.3155 -0.06165277 -0.061155677
0.316 -0.06169789 -0.061207704
0.3165 -0.06174239 -0.06125909
0.317 -0.06178627 -0.06130986
0.3175 -0.06182954 -0.06136
0.318 -0.06187221 -0.06140954
0.3185 -0.0619143 -0.06145847
0.319 -0.0619558 -0.061506808
0.3195 -0.06199673 -0.061554555
0.32 -0.0620371 -0.06160172
0.3205 -0.06207691 -0.061648313
0.321 -0.06211617 -0.061694343
0.3215 -0.06215489 -0.06173981
0.322 -0.06219308 -0.061784726
0.3225 -0.06223074 -0.0618291
0.323 -0.06226788 -0.061872933
0.3235 -0.06230451 -0.06191623
0.324 -0.06234064 -0.06195901
0.3245 -0.06237627 -0.062001266
0.325 -0.06241142 -0.06204301
0.3255 -0.06244608 -0.06208425
0.326 -0.06248026 -0.06212499
0.3265 -0.06251398 -0.062165238
0.327 -0.06254723 -0.062204994
0.3275 -0.06258003 -0.062244274
0.328 -0.06261238 -0.06228308
0.3285 -0.06264428 -0.062321413
0.329 -0.06267575 -0.062359285
0.3295 -0.06270679 -0.0623967
0.33 -0.0627374 -0.06243367
0.3305 -0.0627676 -0.062470187
0.331 -0.06279738 -0.062506266
0.3315 -0.06282676 -0.06254191
0.332 -0.06285573 -0.06257711
0.3325 -0.06288431 -0.06261191
0.333 -0.0629125 -0.06264628
0.3335 -0.06294031 -0.06268024
0.334 -0.06296774 -0.06271378
0.3345 -0.06299479 -0.06274693
0.335 -0.06302147 -0.062779665
0.3355 -0.0630478 -0.062812015
0.336 -0.06307376 -0.06284398
0.3365 -0.06309937 -0.06287556
0.337 -0.06312463 -0.06290676
0.3375 -0.06314955 -0.06293758
0.338 -0.06317413 -0.06296804
0.3385 -0.06319838 -0.06299813
0.339 -0.06322229 -0.06302786
0.3395 -0.06324589 -0.06305723
0.34 -0.06326916 -0.06308625
0.3405 -0.06329212 -0.063114926
0.341 -0.06331476 -0.06314326
0.3415 -0.0633371 -0.06317125
0.342 -0.06335914 -0.06319891
0.3425 -0.06338088 -0.06322623
0.343 -0.06340232 -0.06325323
0.3435 -0.06342348 -0.063279904
0.344 -0.06344435 -0.063306265
0.3445 -0.06346493 -0.06333231
0.345 -0.06348524 -0.06335804
0.3455 -0.06350528 -0.06338347
0.346 -0.06352504 -0.06340859
0.3465 -0.06354454 -0.063433416
0.347 -0.06356377 -0.063457936
0.3475 -0.06358275 -0.06348218
0.348 -0.06360146 -0.06350613
0.3485 -0.06361993 -0.06352979
0.349 -0.06363815 -0.06355317
0.3495 -0.06365612 -0.063576266
0.35 -0.06367385 -0.063599095
0.3505 -0.06369134 -0.063621655
0.351 -0.0637086 -0.06364394
0.3515 -0.06372563 -0.06366597
0.352 -0.06374242 -0.06368773
0.3525 -0.06375899 -0.06370923
0.353 -0.06377534 -0.063730486
0.3535 -0.06379147 -0.06375148
0.354 -0.06380738 -0.06377223
0.3545 -0.06382308 -0.063792735
0.355 -0.06383856 -0.06381299
0.3555 -0.06385384 -0.06383301
0.356 -0.06386892 -0.063852794
0.3565 -0.06388379 -0.06387235
0.357 -0.06389847 -0.063891664
0.3575 -0.06391294 -0.06391075
0.358 -0.06392723 -0.06392962
0.3585 -0.06394132 -0.06394826
0.359 -0.06395522 -0.06396668
0.3595 -0.06396894 -0.06398488
0.36 -0.06398248 -0.06400287
0.3605 -0.06399583 -0.06402065
0.361 -0.06400901 -0.06403822
0.3615 -0.06402201 -0.06405557
0.362 -0.06403483 -0.06407273
0.3625 -0.06404749 -0.064089686
0.363 -0.06405997 -0.06410644
0.3635 -0.06407229 -0.064123
0.364 -0.06408445 -0.06413936
0.3645 -0.06409644 -0.06415553
0.365 -0.06410827 -0.0641715
0.3655 -0.06411995 -0.06418729
0.366 -0.06413147 -0.0642029
0.3665 -0.06414283 -0.06421833
0.367 -0.06415405 -0.064233564
0.3675 -0.06416512 -0.06424863
0.368 -0.06417604 -0.064263515
0.3685 -0.06418681 -0.06427823
0.369 -0.06419744 -0.064292766
0.3695 -0.06420793 -0.06430714
0.37 -0.06421828 -0.06432133
0.3705 -0.06422849 -0.064335376
0.371 -0.06423857 -0.06434924
0.3715 -0.06424851 -0.06436295
0.372 -0.06425832 -0.064376496
0.3725 -0.064268 -0.064389884
0.373 -0.06427756 -0.06440312
0.3735 -0.06428698 -0.06441619
0.374 -0.06429628 -0.06442912
0.3745 -0.06430546 -0.0644419
0.375 -0.06431452 -0.064454526
0.3755 -0.06432345 -0.064467
0.376 -0.06433227 -0.064479336
0.3765 -0.06434097 -0.06449152
0.377 -0.06434956 -0.064503565
0.3775 -0.06435803 -0.06451547
0.378 -0.06436639 -0.064527236
0.3785 -0.06437464 -0.06453887
0.379 -0.06438278 -0.06455037
0.3795 -0.06439082 -0.06456173
0.38 -0.06439874 -0.06457295
0.3805 -0.06440657 -0.064584054
0.381 -0.06441429 -0.06459502
0.3815 -0.0644219 -0.06460586
0.382 -0.06442942 -0.06461658
0.3825 -0.06443684 -0.06462718
0.383 -0.06444416 -0.064637646
0.3835 -0.06445138 -0.06464799
0.384 -0.06445851 -0.06465822
0.3845 -0.06446554 -0.06466833
0.385 -0.06447249 -0.06467832
0.3855 -0.06447934 -0.0646882
0.386 -0.0644861 -0.06469795
0.3865 -0.06449277 -0.06470761
0.387 -0.06449935 -0.064717144
0.3875 -0.06450585 -0.06472657
0.388 -0.06451226 -0.06473588
0.3885 -0.06451858 -0.06474509
0.389 -0.06452483 -0.064754196
0.3895 -0.06453099 -0.064763196
0.39 -0.06453707 -0.064772084
0.3905 -0.06454307 -0.064780876
0.391 -0.06454899 -0.06478957
0.3915 -0.06455484 -0.06479816
0.392 -0.0645606 -0.06480665
0.3925 -0.06456629 -0.064815044
0.393 -0.06457191 -0.06482334
0.3935 -0.06457745 -0.06483154
0.394 -0.06458292 -0.06483964
0.3945 -0.06458832 -0.06484765
0.395 -0.06459365 -0.064855576
0.3955 -0.06459891 -0.0648634
0.396 -0.0646041 -0.06487114
0.3965 -0.06460922 -0.06487879
0.397 -0.06461427 -0.06488635
0.3975 -0.06461926 -0.06489383
0.398 -0.06462418 -0.06490121
0.3985 -0.06462904 -0.06490852
0.399 -0.06463384 -0.06491573
0.3995 -0.06463857 -0.06492288
0.4 -0.06464324 -0.06492993
0.4005 -0.06464785 -0.064936906
0.401 -0.0646524 -0.0649438
0.4015 -0.06465689 -0.064950615
0.402 -0.06466132 -0.06495735
0.4025 -0.06466569 -0.06496401
0.403 -0.06467 -0.06497059
0.4035 -0.06467426 -0.0649771
0.404 -0.06467847 -0.06498353
0.4045 -0.06468261 -0.064989895
0.405 -0.06468671 -0.064996175
0.4055 -0.06469075 -0.0650024
0.406 -0.06469474 -0.065008536
0.4065 -0.06469867 -0.065014616
0.407 -0.06470256 -0.06502062
0.4075 -0.06470639 -0.06502655
0.408 -0.06471018 -0.06503242
0.4085 -0.06471391 -0.06503822
0.409 -0.0647176 -0.06504395
0.4095 -0.06472124 -0.06504962
0.41 -0.06472483 -0.06505522
0.4105 -0.06472837 -0.065060765
0.411 -0.06473187 -0.06506624
0.4115 -0.06473532 -0.06507166
0.412 -0.06473873 -0.06507701
0.4125 -0.06474209 -0.065082304
0.413 -0.06474541 -0.065087534
0.4135 -0.06474869 -0.0650927
0.414 -0.06475192 -0.06509782
0.4145 -0.06475511 -0.065102875
0.415 -0.06475826 -0.06510787
0.4155 -0.06476137 -0.065112814
0.416 -0.06476444 -0.0651177
0.4165 -0.06476747 -0.06512253
0.417 -0.06477046 -0.0651273
0.4175 -0.06477341 -0.065132014
0.418 -0.06477632 -0.065136686
0.4185 -0.0647792 -0.06514129
0.419 -0.06478203 -0.06514585
0.4195 -0.06478483 -0.06515036
0.42 -0.0647876 -0.06515482
0.4205 -0.06479033 -0.065159224
0.421 -0.06479302 -0.06516358
0.4215 -0.06479568 -0.06516789
0.422 -0.0647983 -0.06517215
0.4225 -0.06480089 -0.06517636
0.423 -0.06480344 -0.065180525
0.4235 -0.06480597 -0.06518464
0.424 -0.06480846 -0.065188706
0.4245 -0.06481091 -0.06519273
0.425 -0.06481334 -0.06519671
0.4255 -0.06481573 -0.065200634
0.426 -0.0648181 -0.06520453
0.4265 -0.06482043 -0.065208375
0.427 -0.06482273 -0.06521216
0.4275 -0.06482501 -0.06521593
0.428 -0.06482725 -0.06521964
0.4285 -0.06482946 -0.065223314
0.429 -0.06483165 -0.06522695
0.4295 -0.06483381 -0.06523053
0.43 -0.06483594 -0.06523409
0.4305 -0.06483804 -0.0652376
0.431 -0.06484011 -0.06524107
0.4315 -0.06484216 -0.065244496
0.432 -0.06484418 -0.06524789
0.4325 -0.06484618 -0.065251246
0.433 -0.06484815 -0.06525456
0.4335 -0.06485009 -0.06525784
0.434 -0.06485201 -0.06526108
0.4345 -0.0648539 -0.065264285
0.435 -0.06485577 -0.06526746
0.4355 -0.06485762 -0.06527059
0.436 -0.06485944 -0.06527369
0.4365 -0.06486124 -0.06527676
0.437 -0.06486301 -0.06527978
0.4375 -0.06486477 -0.06528278
0.438 -0.0648665 -0.06528574
0.4385 -0.0648682 -0.06528867
0.439 -0.06486989 -0.06529157
0.4395 -0.06487155 -0.06529444
0.44 -0.06487319 -0.06529726
0.4405 -0.06487482 -0.065300055
0.441 -0.06487642 -0.06530283
0.4415 -0.064878 -0.06530556
0.442 -0.06487955 -0.065308265
0.4425 -0.06488109 -0.06531094
0.443 -0.06488261 -0.065313585
0.4435 -0.06488411 -0.0653162
0.444 -0.06488559 -0.06531879
0.4445 -0.06488705 -0.06532134
0.445 -0.0648885 -0.06532387
0.4455 -0.06488992 -0.06532637
0.446 -0.06489133 -0.06532885
0.4465 -0.06489271 -0.06533129
0.447 -0.06489408 -0.0653337
0.4475 -0.06489543 -0.06533609
0.448 -0.06489677 -0.06533846
0.4485 -0.06489809 -0.065340795
0.449 -0.06489939 -0.065343104
0.4495 -0.06490067 -0.06534539
0.45 -0.06490194 -0.06534765
0.4505 -0.06490319 -0.065349884
0.451 -0.06490442 -0.06535209
0.4515 -0.06490564 -0.06535428
0.452 -0.06490685 -0.06535644
0.4525 -0.06490803 -0.06535858
0.453 -0.06490921 -0.06536068
0.4535 -0.06491036 -0.065362774
0.454 -0.06491151 -0.06536484
0.4545 -0.06491263 -0.06536688
0.455 -0.06491375 -0.0653689
0.4555 -0.06491485 -0.065370895
0.456 -0.06491593 -0.06537286
0.4565 -0.064917 -0.06537482
0.457 -0.06491806 -0.06537675
0.4575 -0.0649191 -0.065378666
0.458 -0.06492013 -0.06538055
0.4585 -0.06492115 -0.06538241
0.459 -0.06492216 -0.065384254
0.4595 -0.06492315 -0.06538608
0.46 -0.06492413 -0.06538789
0.4605 -0.06492509 -0.06538968
0.461 -0.06492605 -0.065391436
0.4615 -0.06492699 -0.06539319
0.462 -0.06492792 -0.065394916
0.4625 -0.06492883 -0.06539662
0.463 -0.06492974 -0.065398306
0.4635 -0.06493063 -0.065399975
0.464 -0.06493152 -0.06540163
0.4645 -0.06493239 -0.06540325
0.465 -0.06493325 -0.06540487
0.4655 -0.0649341 -0.065406464
0.466 -0.06493494 -0.065408036
0.4665 -0.06493576 -0.0654096
0.467 -0.06493658 -0.06541114
0.4675 -0.06493739 -0.06541267
0.468 -0.06493818 -0.06541418
0.4685 -0.06493897 -0.06541568
0.469 -0.06493974 -0.06541714
0.4695 -0.06494051 -0.0654186
0.47 -0.06494127 -0.065420054
0.4705 -0.06494201 -0.06542148
0.471 -0.06494275 -0.06542289
0.4715 -0.06494348 -0.06542428
0.472 -0.0649442 -0.065425664
0.4725 -0.06494491 -0.065427035
0.473 -0.06494561 -0.06542838
0.4735 -0.0649463 -0.06542972
0.474 -0.06494698 -0.06543104
0.4745 -0.06494765 -0.06543235
0.475 -0.06494832 -0.06543364
0.4755 -0.06494897 -0.06543491
0.476 -0.06494962 -0.06543618
0.4765 -0.06495026 -0.06543742
0.477 -0.06495089 -0.06543866
0.4775 -0.06495152 -0.06543988
0.478 -0.06495213 -0.06544109
0.4785 -0.06495274 -0.06544228
0.479 -0.06495334 -0.06544346
0.4795 -0.06495393 -0.065444626
0.48 -0.06495452 -0.06544578
0.4805 -0.06495509 -0.06544693
0.481 -0.06495566 -0.06544806
0.4815 -0.06495623 -0.06544918
0.482 -0.06495678 -0.06545028
0.4825 -0.06495733 -0.06545137
0.483 -0.06495787 -0.06545245
0.4835 -0.06495841 -0.065453514
0.484 -0.06495893 -0.06545458
0.4845 -0.06495945 -0.06545563
0.485 -0.06495997 -0.06545665
0.4855 -0.06496048 -0.06545767
0.486 -0.06496098 -0.065458685
0.4865 -0.06496147 -0.06545968
0.487 -0.06496196 -0.065460674
0.4875 -0.06496244 -0.06546165
0.488 -0.06496292 -0.06546262
0.4885 -0.06496339 -0.06546357
0.489 -0.06496385 -0.06546451
0.4895 -0.06496431 -0.06546545
0.49 -0.06496476 -0.06546638
0.4905 -0.06496521 -0.0654673
0.491 -0.06496565 -0.0654682
0.4915 -0.06496609 -0.06546909
0.492 -0.06496652 -0.06546998
0.4925 -0.06496694 -0.06547085
0.493 -0.06496736 -0.065471716
0.4935 -0.06496777 -0.06547258
0.494 -0.06496818 -0.06547342
0.4945 -0.06496858 -0.065474264
0.495 -0.06496898 -0.06547509
0.4955 -0.06496937 -0.0654759
0.496 -0.06496976 -0.065476716
0.4965 -0.06497014 -0.06547752
0.497 -0.06497052 -0.06547831
0.4975 -0.0649709 -0.06547909
0.498 -0.06497126 -0.06547986
0.4985 -0.06497163 -0.065480635
0.499 -0.06497199 -0.06548139
0.4995 -0.06497234 -0.06548214
