0.0 -0.065 -0.007927441
0.0005 -0.05362171 -0.009512448
0.001 -0.04150363 -0.009042994
0.0015 -0.03387331 -0.007787333
0.002 -0.02893887 -0.0062210867
0.0025 -0.02528174 -0.0045325616
0.003 -0.02220731 -0.0027938345
0.0035 -0.01941029 -0.0010279428
0.004 -0.01674892 0.0007618506
0.0045 -0.01416073 0.0025793156
0.005 -0.0116308 0.0044294735
0.0055 -0.009157847 0.006316229
0.006 -0.006718963 0.008241727
0.0065 -0.004300547 0.010206296
0.007 -0.001899593 0.012208684
0.0075 0.0004797185 0.014246388
0.008 0.002824759 0.01631601
0.0085 0.005143493 0.018413765
0.009 0.007441548 0.020535244
0.0095 0.009709161 0.022676392
0.01 0.0119513 0.024832739
0.0105 0.01417489 0.027000023
0.011 0.01637923 0.029174311
0.0115 0.01855985 0.0313517
0.012 0.02071801 0.0335287
0.0125 0.0228536 0.035702005
0.013 0.02496572 0.037868455
0.0135 0.02705368 0.040025428
0.014 0.02911699 0.0421703
0.0145 0.03115541 0.04430072
0.015 0.03316886 0.04641457
0.0155 0.03515738 0.04851009
0.016 0.03712117 0.050585583
0.0165 0.03906051 0.0526395
0.017 0.04097569 0.054670498
0.0175 0.04286704 0.056677386
0.018 0.04473485 0.05865915
0.0185 0.04657942 0.06061496
0.019 0.04840102 0.06254394
0.0195 0.05019991 0.06444551
0.02 0.05197633 0.066318884
0.0205 0.05373051 0.06816383
0.021 0.05545158 0.06997974
0.0215 0.05711745 0.07176645
0.022 0.05875715 0.073523656
0.0225 0.0603806 0.07525118
0.023 0.06199219 0.07694878
0.0235 0.06359662 0.078616515
0.024 0.06519169 0.08025445
0.0245 0.06677389 0.081862286
0.025 0.06834028 0.08344032
0.0255 0.06988891 0.08498849
0.026 0.07141863 0.08650716
0.0265 0.07292885 0.0879962
0.027 0.07441867 0.08945604
0.0275 0.07586508 0.09088679
0.028 0.07727638 0.09228857
0.0285 0.07867564 0.0936618
0.029 0.08006896 0.09500678
0.0295 0.08145444 0.096323445
0.03 0.08282852 0.097612634
0.0305 0.08418824 0.09887417
0.031 0.08553136 0.1001087
0.0315 0.08685447 0.10131641
0.032 0.0881423 0.10249759
0.0325 0.08940456 0.10365273
0.033 0.09065491 0.104782
0.0335 0.09189594 0.105886
0.034 0.09311094 0.10696502
0.0345 0.09430383 0.10801919
0.035 0.09548754 0.109049276
0.0355 0.09666509 0.11005522
0.036 0.09783464 0.111037806
0.0365 0.09899341 0.11199714
0.037 0.1001392 0.11293359
0.0375 0.1012705 0.11384775
0.038 0.1023866 0.11473979
0.0385 0.1034872 0.1156102
0.039 0.1045723 0.116459325
0.0395 0.1056418 0.11728759
0.04 0.1066962 0.118095115
0.0405 0.1077357 0.11888249
0.041 0.1087509 0.11965014
0.0415 0.1097372 0.1203983
0.042 0.1107117 0.12112738
0.0425 0.1116718 0.12183751
0.043 0.1126129 0.1225294
0.0435 0.113549 0.12320317
0.044 0.114482 0.12385924
0.0445 0.1154097 0.124497965
0.045 0.1163291 0.12511964
0.0455 0.117238 0.12572469
0.046 0.1181352 0.12631334
0.0465 0.1190199 0.12688585
0.047 0.1198915 0.12744267
0.0475 0.1207497 0.12798406
0.048 0.1215948 0.12851031
0.0485 0.1224274 0.12902178
0.049 0.123248 0.12951882
0.0495 0.1240571 0.13000162
0.05 0.1248549 0.13047047
0.0505 0.1256417 0.13092567
0.051 0.1264175 0.13136746
0.0515 0.1271824 0.1317962
0.052 0.1279364 0.13221224
0.0525 0.1286799 0.1326157
0.053 0.129413 0.13300695
0.0535 0.130136 0.13338615
0.054 0.130849 0.13375361
0.0545 0.1315521 0.13410963
0.055 0.1322456 0.13445432
0.0555 0.1329292 0.13478817
0.056 0.1336025 0.13511111
0.0565 0.1342615 0.13542368
0.057 0.1348946 0.13572581
0.0575 0.1355069 0.13601793
0.058 0.1361144 0.13630016
0.0585 0.1367224 0.13657285
0.059 0.1373304 0.13683607
0.0595 0.1379361 0.13708998
0.06 0.1385365 0.13733508
0.0605 0.1391264 0.13757129
0.061 0.1397076 0.13779886
0.0615 0.1402821 0.13801803
0.062 0.1408494 0.13822909
0.0625 0.1413926 0.13843204
0.063 0.1419167 0.13862719
0.0635 0.1424384 0.13881464
0.064 0.142963 0.13899471
0.0645 0.1434892 0.13916744
0.065 0.1440142 0.1393329
0.0655 0.1445355 0.13949157
0.066 0.1450515 0.13964333
0.0665 0.145561 0.13978834
0.067 0.1460634 0.1399271
0.0675 0.1465586 0.1400593
0.068 0.1470464 0.14018531
0.0685 0.147527 0.14030541
0.069 0.1480004 0.14041956
0.0695 0.1484668 0.14052798
0.07 0.1489263 0.14063068
0.0705 0.1493792 0.14072795
0.071 0.1498254 0.14081998
0.0715 0.150265 0.1409067
0.072 0.1506979 0.14098836
0.0725 0.1511201 0.14106502
0.073 0.1515156 0.14113702
0.0735 0.1518999 0.14120401
0.074 0.152286 0.14126648
0.0745 0.1526766 0.1413246
0.075 0.1530696 0.1413783
0.0755 0.1534623 0.14142771
0.076 0.1538524 0.14147295
0.0765 0.1542385 0.14151408
0.077 0.1546197 0.14155133
0.0775 0.1549956 0.14158483
0.078 0.1553658 0.14161445
0.0785 0.1557294 0.14164044
0.079 0.1560691 0.14166285
0.0795 0.1563912 0.1416818
0.08 0.1567129 0.14169736
0.0805 0.1570396 0.1417097
0.081 0.1573702 0.14171876
0.0815 0.1577021 0.14172478
0.082 0.1580328 0.14172788
0.0825 0.1583606 0.14172776
0.083 0.1586752 0.14172496
0.0835 0.1589658 0.14171936
0.084 0.1592508 0.14171101
0.0845 0.15954 0.14170016
0.085 0.1598341 0.14168657
0.0855 0.1601308 0.14167054
0.086 0.1604274 0.14165206
0.0865 0.1607182 0.14163126
0.087 0.1608334 0.14160813
0.0875 0.1609213 0.1415828
0.088 0.1610855 0.14155544
0.0885 0.1613074 0.14152576
0.089 0.1615616 0.14149423
0.0895 0.1618462 0.14146067
0.09 0.1621492 0.14142527
0.0905 0.1624588 0.14138801
0.091 0.1627667 0.14134885
0.0915 0.1630684 0.14130796
0.092 0.1633614 0.14126535
0.0925 0.1636452 0.14122124
0.093 0.1639198 0.14117534
0.0935 0.1641671 0.14112796
0.094 0.1643688 0.1410792
0.0945 0.164562 0.14102896
0.095 0.1647668 0.14097734
0.0955 0.1649849 0.14092435
0.096 0.1652122 0.14086999
0.0965 0.1654435 0.14081444
0.097 0.1656753 0.14075775
0.0975 0.165905 0.1406997
0.098 0.1661312 0.14064057
0.0985 0.1663533 0.14058037
0.099 0.1665711 0.14051904
0.0995 0.1667834 0.14045675
0.1 0.1669894 0.13686742
0.1005 0.1558382 0.13513674
0.101 0.1439953 0.13428386
0.1015 0.1366672 0.13377996
0.102 0.1320546 0.13334699
0.1025 0.128736 0.13283844
0.103 0.1260115 0.13217701
0.1035 0.1235713 0.13132401
0.104 0.1212814 0.13026263
0.1045 0.1190835 0.12898965
0.105 0.1169519 0.12751086
0.1055 0.1148745 0.12583734
0.106 0.1128455 0.12398441
0.1065 0.110862 0.12196936
0.107 0.1089224 0.119810894
0.1075 0.1070256 0.11752863
0.108 0.1051711 0.115142
0.1085 0.1033583 0.11266972
0.109 0.1015869 0.11013068
0.1095 0.09985657 0.10754235
0.11 0.09816697 0.10772224
0.1105 0.09650123 0.10701282
0.111 0.09485423 0.10585116
0.1115 0.09324428 0.1045035
0.112 0.09167309 0.10311811
0.1125 0.09013965 0.10176231
0.113 0.08864287 0.100450054
0.1135 0.08718199 0.09916212
0.114 0.08575648 0.09786238
0.1145 0.08436597 0.09650929
0.115 0.08301015 0.095064744
0.1155 0.08168874 0.09349918
0.116 0.08040148 0.091794804
0.1165 0.0791481 0.089946195
0.117 0.07792836 0.08795953
0.1175 0.07674198 0.08585088
0.118 0.07558871 0.083643496
0.1185 0.07446827 0.081365466
0.119 0.0733804 0.07904702
0.1195 0.07232483 0.07671837
0.12 0.07130128 0.07440815
0.1205 0.07030949 0.07214211
0.121 0.06934923 0.069942325
0.1215 0.06842021 0.0678269
0.122 0.06752213 0.06580982
0.1225 0.06665467 0.06390117
0.123 0.06581754 0.062107563
0.1235 0.06501044 0.060432464
0.124 0.06423308 0.05887662
0.1245 0.06348517 0.05743873
0.125 0.06276643 0.056115746
0.1255 0.06207657 0.05490335
0.126 0.06141529 0.053796306
0.1265 0.06078232 0.052788816
0.127 0.06017737 0.051874697
0.1275 0.05960015 0.05104763
0.128 0.05905036 0.050301418
0.1285 0.05852773 0.049629904
0.129 0.05803196 0.049027234
0.1295 0.05756277 0.048487894
0.13 0.05711988 0.048006646
0.1305 0.05670299 0.047578633
0.131 0.05631182 0.047199383
0.1315 0.05594608 0.046864763
0.132 0.05560551 0.046571016
0.1325 0.0552898 0.046314694
0.133 0.05499869 0.04609268
0.1335 0.0547319 0.045902126
0.134 0.05448914 0.045740463
0.1345 0.05427013 0.045605324
0.135 0.05407462 0.04549464
0.1355 0.05390231 0.045406476
0.136 0.05375295 0.045339093
0.1365 0.05362626 0.045290917
0.137 0.05352197 0.04526054
0.1375 0.05343982 0.045246683
0.138 0.05337954 0.045248173
0.1385 0.05334088 0.045263916
0.139 0.05332356 0.04529296
0.1395 0.05332733 0.045334376
0.14 0.05335194 0.04538735
0.1405 0.05339714 0.04545118
0.141 0.05346266 0.045525163
0.1415 0.05354826 0.045608684
0.142 0.05365369 0.04570113
0.1425 0.05377871 0.045801997
0.143 0.05392306 0.045910753
0.1435 0.05408652 0.046026975
0.144 0.05426884 0.046150215
0.1445 0.05446978 0.046280056
0.145 0.05468911 0.04641618
0.1455 0.0549266 0.04655818
0.146 0.05518201 0.04670579
0.1465 0.05545512 0.046858706
0.147 0.0557457 0.04701662
0.1475 0.05605352 0.04717926
0.148 0.0563783 0.04734639
0.1485 0.05671984 0.047517806
0.149 0.05707798 0.047693238
0.1495 0.05745256 0.04787247
0.15 0.05784335 0.04805813
0.1505 0.05823996 0.048524126
0.151 0.05860031 0.049154513
0.1515 0.05891632 0.049877875
0.152 0.05919946 0.050649837
0.1525 0.0594593 0.05144255
0.153 0.05970109 0.05223807
0.1535 0.05992723 0.053024605
0.154 0.06013865 0.053794175
0.1545 0.06033515 0.05454132
0.155 0.06051319 0.055261984
0.1555 0.06067496 0.055953316
0.156 0.06082319 0.056613065
0.1565 0.06095838 0.057239644
0.157 0.06108001 0.05783181
0.1575 0.06118731 0.05838865
0.158 0.06127963 0.05890958
0.1585 0.06135648 0.059394255
0.159 0.06141752 0.05984252
0.1595 0.06146251 0.060254432
0.16 0.06149128 0.060630165
0.1605 0.06150373 0.06097004
0.161 0.06149977 0.06127453
0.1615 0.06147936 0.061544187
0.162 0.06144244 0.061779626
0.1625 0.06138899 0.061981626
0.163 0.061319 0.062150948
0.1635 0.06123245 0.06228845
0.164 0.06112936 0.062394984
0.1645 0.06100973 0.062471434
0.165 0.06087359 0.062518775
0.1655 0.06072095 0.062537916
0.166 0.06055186 0.06252987
0.1665 0.06036635 0.062495522
0.167 0.06016448 0.062435858
0.1675 0.0599463 0.062351823
0.168 0.05971187 0.062244378
0.1685 0.05946126 0.062114418
0.169 0.05919455 0.06196285
0.1695 0.05891182 0.061790504
0.17 0.05861315 0.061598316
0.1705 0.05829864 0.061387077
0.171 0.05796838 0.061157614
0.1715 0.05762246 0.06091076
0.172 0.057261 0.060647257
0.1725 0.0568841 0.060367808
0.173 0.05649188 0.060073167
0.1735 0.05608444 0.05976399
0.174 0.05566192 0.059440978
0.1745 0.05522442 0.05910472
0.175 0.05477207 0.058755837
0.1755 0.05430501 0.05839493
0.176 0.05382335 0.05802255
0.1765 0.05332723 0.05763921
0.177 0.05281678 0.057245404
0.1775 0.05229213 0.05684162
0.178 0.05175343 0.05642832
0.1785 0.0512008 0.056005932
0.179 0.0506344 0.055574887
0.1795 0.05005434 0.05513551
0.18 0.04946079 0.054688185
0.1805 0.04885387 0.054233238
0.181 0.04823373 0.053770974
0.1815 0.04760051 0.053301714
0.182 0.04695435 0.052825674
0.1825 0.04629541 0.052343108
0.183 0.04562381 0.051854234
0.1835 0.04493971 0.05135922
0.184 0.04424324 0.05085823
0.1845 0.04353455 0.050351437
0.185 0.04281379 0.049838874
0.1855 0.04208109 0.0493207
0.186 0.0413366 0.048796955
0.1865 0.04058046 0.04826771
0.187 0.03981282 0.047732927
0.1875 0.0390338 0.04719262
0.188 0.03824356 0.046646748
0.1885 0.03744224 0.046095196
0.189 0.03662997 0.04553792
0.1895 0.03580688 0.0449748
0.19 0.03497313 0.04440564
0.1905 0.03412884 0.043830298
0.191 0.03327416 0.043248527
0.1915 0.03240921 0.04266011
0.192 0.03153413 0.04206476
0.1925 0.03064906 0.041462194
0.193 0.02975412 0.040852066
0.1935 0.02884945 0.040234014
0.194 0.02793518 0.039607637
0.1945 0.02701144 0.03897251
0.195 0.02607834 0.038328156
0.1955 0.02513603 0.037674077
0.196 0.02418463 0.03700974
0.1965 0.02322425 0.036334556
0.197 0.02225503 0.035647944
0.1975 0.02127709 0.03494922
0.198 0.02029054 0.03423772
0.1985 0.01929551 0.0335127
0.199 0.01829211 0.032773383
0.1995 0.01728046 0.03201898
0.2 0.01626068 0.031248575
0.2005 0.01523797 0.03048197
0.201 0.01423338 0.029720014
0.2015 0.01325095 0.02895785
0.202 0.01228494 0.028188875
0.2025 0.01133057 0.027406855
0.203 0.01038524 0.026606934
0.2035 0.009447742 0.025785869
0.204 0.008517615 0.024942046
0.2045 0.00759473 0.024075193
0.205 0.006679107 0.023186093
0.2055 0.005770831 0.022276232
0.206 0.004870009 0.021347703
0.2065 0.003976755 0.020402806
0.207 0.003091178 0.019443976
0.2075 0.002213382 0.01847362
0.208 0.001343463 0.017494125
0.2085 0.0004815077 0.016507635
0.209 -0.0003724039 0.0155161945
0.2095 -0.001218202 0.014521631
0.21 -0.002055824 0.013525563
0.2105 -0.002885216 0.012529436
0.211 -0.00370633 0.011534489
0.2115 -0.004519128 0.010541814
0.212 -0.005323576 0.00955234
0.2125 -0.006119648 0.008566848
0.213 -0.006907323 0.007586024
0.2135 -0.007686588 0.006610404
0.214 -0.008457434 0.005640487
0.2145 -0.009219857 0.0046766503
0.215 -0.009973859 0.0037192097
0.2155 -0.01071945 0.0027684486
0.216 -0.01145663 0.0018246014
0.2165 -0.01218543 0.00088781014
0.217 -0.01290585 -4.171682e-05
0.2175 -0.01361794 -0.00096390874
0.218 -0.0143217 -0.0018786314
0.2185 -0.01501717 -0.0027858028
0.219 -0.01570439 -0.0036853263
0.2195 -0.01638339 -0.0045771683
0.22 -0.01705422 -0.0054612914
0.2205 -0.0177169 -0.0063376175
0.221 -0.0183715 -0.007206102
0.2215 -0.01901804 -0.0080667185
0.222 -0.0196566 -0.008919396
0.2225 -0.0202872 -0.009764154
0.223 -0.02090992 -0.010600937
0.2235 -0.0215248 -0.011429691
0.224 -0.0221319 -0.012250413
0.2245 -0.02273129 -0.013063082
0.225 -0.02332301 -0.013867625
0.2255 -0.02390713 -0.014664047
0.226 -0.02448371 -0.015452319
0.2265 -0.02505282 -0.016232418
0.227 -0.02561453 -0.017004302
0.2275 -0.02616889 -0.017767953
0.228 -0.02671597 -0.01852336
0.2285 -0.02725584 -0.019270493
0.229 -0.02778857 -0.020009337
0.2295 -0.02831423 -0.020739863
0.23 -0.02883289 -0.021462074
0.2305 -0.02934461 -0.022175955
0.231 -0.02984947 -0.02288148
0.2315 -0.03034753 -0.023578653
0.232 -0.03083887 -0.024267467
0.2325 -0.03132356 -0.024947902
0.233 -0.03180167 -0.025619963
0.2335 -0.03227327 -0.02628366
0.234 -0.03273843 -0.026938988
0.2345 -0.03319722 -0.027585944
0.235 -0.03364971 -0.028224552
0.2355 -0.03409598 -0.028854819
0.236 -0.0345361 -0.029476753
0.2365 -0.03497014 -0.030090375
0.237 -0.03539816 -0.030695694
0.2375 -0.03582024 -0.03129274
0.238 -0.03623645 -0.031881537
0.2385 -0.03664686 -0.032462098
0.239 -0.03705154 -0.03303446
0.2395 -0.03745056 -0.03359867
0.24 -0.03784399 -0.034154728
0.2405 -0.03823189 -0.034702692
0.241 -0.03861434 -0.035242587
0.2415 -0.0389914 -0.035774462
0.242 -0.03936315 -0.03629836
0.2425 -0.03972964 -0.03681434
0.243 -0.04009095 -0.03732242
0.2435 -0.04044714 -0.037822668
0.244 -0.04079827 -0.03831514
0.2445 -0.04114442 -0.038799863
0.245 -0.04148565 -0.039276913
0.2455 -0.04182202 -0.039746333
0.246 -0.04215359 -0.040208194
0.2465 -0.04248043 -0.040662553
0.247 -0.0428026 -0.041109484
0.2475 -0.04312017 -0.04154903
0.248 -0.04343318 -0.041981265
0.2485 -0.04374172 -0.042406265
0.249 -0.04404583 -0.04282408
0.2495 -0.04434557 -0.04323479
0.25 -0.04464101 -0.04363845
0.2505 -0.0449322 -0.04403515
0.251 -0.0452192 -0.044424955
0.2515 -0.04550207 -0.044807937
0.252 -0.04578087 -0.04518417
0.2525 -0.04605564 -0.045553736
0.253 -0.04632645 -0.045916695
0.2535 -0.04659336 -0.046273146
0.254 -0.0468564 -0.046623148
0.2545 -0.04711565 -0.046966787
0.255 -0.04737115 -0.04730413
0.2555 -0.04762295 -0.04763526
0.256 -0.04787111 -0.047960285
0.2565 -0.04811568 -0.04827924
0.257 -0.0483567 -0.04859224
0.2575 -0.04859423 -0.048899345
0.258 -0.04882832 -0.049200635
0.2585 -0.04905902 -0.049496192
0.259 -0.04928637 -0.049786106
0.2595 -0.04951042 -0.050070457
0.26 -0.04973122 -0.0503493
0.2605 -0.04994881 -0.050622743
0.261 -0.05016325 -0.050890848
0.2615 -0.05037457 -0.05115372
0.262 -0.05058283 -0.051411413
0.2625 -0.05078806 -0.051664013
0.263 -0.0509903 -0.051911607
0.2635 -0.05118961 -0.052154273
0.264 -0.05138603 -0.052392073
0.2645 -0.05157958 -0.0526251
0.265 -0.05177033 -0.05285342
0.2655 -0.0519583 -0.05307712
0.266 -0.05214354 -0.05329627
0.2665 -0.05232609 -0.053510956
0.267 -0.05250599 -0.05372124
0.2675 -0.05268327 -0.05392721
0.268 -0.05285797 -0.05412893
0.2685 -0.05303014 -0.054326475
0.269 -0.0531998 -0.054519918
0.2695 -0.053367 -0.054709326
0.27 -0.05353176 -0.05489478
0.2705 -0.05369414 -0.055076342
0.271 -0.05385415 -0.055254087
0.2715 -0.05401184 -0.055428088
0.272 -0.05416724 -0.055598397
0.2725 -0.05432038 -0.05576511
0.273 -0.0544713 -0.055928264
0.2735 -0.05462003 -0.056087933
0.274 -0.0547666 -0.0562442
0.2745 -0.05491104 -0.056397106
0.275 -0.05505339 -0.05654672
0.2755 -0.05519367 -0.056693118
0.276 -0.05533191 -0.05683635
0.2765 -0.05546816 -0.05697647
0.277 -0.05560242 -0.057113558
0.2775 -0.05573474 -0.057247657
0.278 -0.05586514 -0.05737883
0.2785 -0.05599366 -0.05750714
0.279 -0.05612031 -0.057632644
0.2795 -0.05624513 -0.057755377
0.28 -0.05636814 -0.057875413
0.2805 -0.05648937 -0.05799281
0.281 -0.05660885 -0.058107603
0.2815 -0.0567266 -0.058219854
0.282 -0.05684265 -0.058329638
0.2825 -0.05695702 -0.05843696
0.283 -0.05706973 -0.058541894
0.2835 -0.05718082 -0.0586445
0.284 -0.05729031 -0.05874481
0.2845 -0.05739821 -0.05884288
0.285 -0.05750456 -0.058938745
0.2855 -0.05760938 -0.059032463
0.286 -0.05771268 -0.05912407
0.2865 -0.05781449 -0.05921362
0.287 -0.05791484 -0.059301153
0.2875 -0.05801374 -0.059386697
0.288 -0.05811122 -0.059470303
0.2885 -0.0582073 -0.059552036
0.289 -0.05830199 -0.059631906
0.2895 -0.05839532 -0.059709966
0.29 -0.05848731 -0.05978625
0.2905 -0.05857798 -0.0598608
0.291 -0.05866735 -0.059933648
0.2915 -0.05875543 -0.06000483
0.292 -0.05884225 -0.06007439
0.2925 -0.05892782 -0.06014236
0.293 -0.05901217 -0.060208764
0.2935 -0.05909531 -0.060273655
0.294 -0.05917725 -0.06033706
0.2945 -0.05925803 -0.060399
0.295 -0.05933764 -0.06045952
0.2955 -0.05941612 -0.060518634
0.296 -0.05949348 -0.060576394
0.2965 -0.05956973 -0.06063283
0.297 -0.05964489 -0.060687948
0.2975 -0.05971897 -0.0607418
0.298 -0.059792 -0.060794406
0.2985 -0.05986399 -0.060845796
0.299 -0.05993495 -0.06089599
0.2995 -0.0600049 -0.060945034
0.3 -0.06007385 -0.060992934
0.3005 -0.06014182 -0.061039712
0.301 -0.06020882 -0.061085407
0.3015 -0.06027487 -0.061130043
0.302 -0.06033998 -0.061173633
0.3025 -0.06040417 -0.061216217
0.303 -0.06046744 -0.061257802
0.3035 -0.06052981 -0.06129841
0.304 -0.0605913 -0.06133809
0.3045 -0.06065192 -0.06137682
0.305 -0.06071167 -0.061414655
0.3055 -0.06077058 -0.061451603
0.306 -0.06082866 -0.061487686
0.3065 -0.06088591 -0.061522927
0.307 -0.06094235 -0.06155734
0.3075 -0.06099799 -0.06159095
0.308 -0.06105285 -0.061623763
0.3085 -0.06110693 -0.061655805
0.309 -0.06116025 -0.0616871
0.3095 -0.06121281 -0.061717663
0.31 -0.06126464 -0.061747503
0.3105 -0.06131573 -0.06177664
0.311 -0.0613661 -0.061805088
0.3115 -0.06141576 -0.06183287
0.312 -0.06146472 -0.061860006
0.3125 -0.06151299 -0.06188649
0.313 -0.06156059 -0.061912354
0.3135 -0.06160751 -0.061937615
0.314 -0.06165377 -0.061962273
0.3145 -0.06169939 -0.061986346
0.315 -0.06174436 -0.062009856
0.3155 -0.0617887 -0.062032808
0.316 -0.06183242 -0.062055223
0.3165 -0.06187553 -0.0620771
0.317 -0.06191803 -0.062098466
0.3175 -0.06195994 -0.06211932
0.318 -0.06200126 -0.062139686
0.3185 -0.062042 -0.062159568
0.319 -0.06208217 -0.062178977
0.3195 -0.06212178 -0.06219793
0.32 -0.06216084 -0.062216435
0.3205 -0.06219935 -0.062234487
0.321 -0.06223732 -0.062252127
0.3215 -0.06227477 -0.062269337
0.322 -0.06231169 -0.062286142
0.3225 -0.06234809 -0.06230255
0.323 -0.06238399 -0.06231857
0.3235 -0.06241939 -0.062334213
0.324 -0.0624543 -0.062349476
0.3245 -0.06248872 -0.062364377
0.325 -0.06252266 -0.06237893
0.3255 -0.06255613 -0.062393136
0.326 -0.06258914 -0.062407013
0.3265 -0.06262168 -0.062420547
0.327 -0.06265378 -0.062433757
0.3275 -0.06268543 -0.06244666
0.328 -0.06271664 -0.062459257
0.3285 -0.06274742 -0.062471546
0.329 -0.06277777 -0.06248355
0.3295 -0.0628077 -0.062495265
0.33 -0.06283722 -0.062506706
0.3305 -0.06286633 -0.062517874
0.331 -0.06289503 -0.06252877
0.3315 -0.06292334 -0.062539406
0.332 -0.06295126 -0.062549785
0.3325 -0.06297879 -0.062559925
0.333 -0.06300595 -0.06256983
0.3335 -0.06303273 -0.06257948
0.334 -0.06305913 -0.062588915
0.3345 -0.06308518 -0.06259812
0.335 -0.06311087 -0.0626071
0.3355 -0.0631362 -0.062615864
0.336 -0.06316118 -0.062624425
0.3365 -0.06318582 -0.06263278
0.337 -0.06321012 -0.062640935
0.3375 -0.06323409 -0.0626489
0.338 -0.06325773 -0.06265668
0.3385 -0.06328104 -0.06266426
0.339 -0.06330403 -0.06267167
0.3395 -0.06332671 -0.062678896
0.34 -0.06334908 -0.06268595
0.3405 -0.06337114 -0.06269284
0.341 -0.0633929 -0.06269957
0.3415 -0.06341436 -0.06270613
0.342 -0.06343552 -0.062712535
0.3425 -0.0634564 -0.06271879
0.343 -0.06347699 -0.06272489
0.3435 -0.0634973 -0.06273085
0.344 -0.06351733 -0.06273666
0.3445 -0.06353709 -0.06274234
0.345 -0.06355658 -0.06274787
0.3455 -0.0635758 -0.062753275
0.346 -0.06359476 -0.06275856
0.3465 -0.06361347 -0.062763706
0.347 -0.06363191 -0.06276874
0.3475 -0.06365011 -0.062773645
0.348 -0.06366806 -0.06277843
0.3485 -0.06368576 -0.062783115
0.349 -0.06370322 -0.062787674
0.3495 -0.06372045 -0.06279214
0.35 -0.06373744 -0.06279648
0.3505 -0.0637542 -0.06280072
0.351 -0.06377073 -0.06280486
0.3515 -0.06378704 -0.0628089
0.352 -0.06380313 -0.06281285
0.3525 -0.06381899 -0.06281671
0.353 -0.06383465 -0.06282047
0.3535 -0.06385009 -0.06282414
0.354 -0.06386532 -0.06282773
0.3545 -0.06388034 -0.06283122
0.355 -0.06389517 -0.062834635
0.3555 -0.06390979 -0.06283797
0.356 -0.06392421 -0.06284122
0.3565 -0.06393844 -0.06284438
0.357 -0.06395248 -0.06284748
0.3575 -0.06396632 -0.062850505
0.358 -0.06397998 -0.062853456
0.3585 -0.06399346 -0.06285633
0.359 -0.06400675 -0.06285915
0.3595 -0.06401986 -0.06286189
0.36 -0.0640328 -0.06286456
0.3605 -0.06404556 -0.06286718
0.361 -0.06405815 -0.06286973
0.3615 -0.06407058 -0.062872216
0.362 -0.06408283 -0.06287464
0.3625 -0.06409492 -0.062877014
0.363 -0.06410684 -0.06287933
0.3635 -0.06411861 -0.0628816
0.364 -0.06413022 -0.06288381
0.3645 -0.06414167 -0.062885955
0.365 -0.06415297 -0.062888056
0.3655 -0.06416411 -0.06289011
0.366 -0.06417511 -0.06289211
0.3665 -0.06418596 -0.06289406
0.367 -0.06419666 -0.06289597
0.3675 -0.06420722 -0.06289783
0.368 -0.06421764 -0.06289965
0.3685 -0.06422792 -0.06290142
0.369 -0.06423806 -0.06290314
0.3695 -0.06424806 -0.062904835
0.37 -0.06425793 -0.06290649
0.3705 -0.06426767 -0.06290809
0.371 -0.06427728 -0.06290966
0.3715 -0.06428676 -0.0629112
0.372 -0.06429611 -0.0629127
0.3725 -0.06430534 -0.06291415
0.373 -0.06431445 -0.06291558
0.3735 -0.06432343 -0.06291697
0.374 -0.06433229 -0.06291833
0.3745 -0.06434104 -0.06291965
0.375 -0.06434967 -0.06292094
0.3755 -0.06435818 -0.06292221
0.376 -0.06436658 -0.06292343
0.3765 -0.06437487 -0.06292464
0.377 -0.06438305 -0.062925816
0.3775 -0.06439112 -0.062926956
0.378 -0.06439908 -0.062928066
0.3785 -0.06440693 -0.06292915
0.379 -0.06441468 -0.06293023
0.3795 -0.06442233 -0.062931255
0.38 -0.06442988 -0.06293228
0.3805 -0.06443732 -0.062933266
0.381 -0.06444467 -0.062934235
0.3815 -0.06445192 -0.06293517
0.382 -0.06445907 -0.0629361
0.3825 -0.06446613 -0.06293699
0.383 -0.0644731 -0.06293787
0.3835 -0.06447997 -0.062938735
0.384 -0.06448675 -0.06293957
0.3845 -0.06449344 -0.06294038
0.385 -0.06450004 -0.06294118
0.3855 -0.06450656 -0.062941946
0.386 -0.06451299 -0.062942706
0.3865 -0.06451933 -0.06294344
0.387 -0.06452559 -0.062944174
0.3875 -0.06453176 -0.062944874
0.388 -0.06453786 -0.06294556
0.3885 -0.06454387 -0.06294623
0.389 -0.06454981 -0.062946886
0.3895 -0.06455566 -0.06294753
0.39 -0.06456144 -0.06294815
0.3905 -0.06456715 -0.062948756
0.391 -0.06457277 -0.062949345
0.3915 -0.06457833 -0.06294993
0.392 -0.06458381 -0.06295051
0.3925 -0.06458921 -0.06295106
0.393 -0.06459455 -0.062951595
0.3935 -0.06459981 -0.062952116
0.394 -0.06460501 -0.06295262
0.3945 -0.06461014 -0.06295313
0.395 -0.0646152 -0.06295361
0.3955 -0.06462019 -0.06295409
0.396 -0.06462512 -0.06295456
0.3965 -0.06462998 -0.06295502
0.397 -0.06463478 -0.06295547
0.3975 -0.06463952 -0.0629559
0.398 -0.06464419 -0.06295632
0.3985 -0.0646488 -0.062956735
0.399 -0.06465335 -0.06295713
0.3995 -0.06465784 -0.062957525
0.4 -0.06466227 -0.06295791
0.4005 -0.06466665 -0.062958285
0.401 -0.06467097 -0.06295864
0.4015 -0.06467523 -0.062959
0.402 -0.06467943 -0.06295936
0.4025 -0.06468358 -0.0629597
0.403 -0.06468767 -0.062960036
0.4035 -0.06469171 -0.06296036
0.404 -0.0646957 -0.06296068
0.4045 -0.06469964 -0.062960975
0.405 -0.06470352 -0.06296129
0.4055 -0.06470735 -0.06296158
0.406 -0.06471114 -0.06296187
0.4065 -0.06471487 -0.062962145
0.407 -0.06471855 -0.06296242
0.4075 -0.06472219 -0.06296269
0.408 -0.06472578 -0.06296295
0.4085 -0.06472932 -0.0629632
0.409 -0.06473281 -0.06296344
0.4095 -0.06473626 -0.06296369
0.41 -0.06473967 -0.06296392
0.4105 -0.06474303 -0.06296414
0.411 -0.06474634 -0.06296438
0.4115 -0.06474962 -0.0629646
0.412 -0.06475285 -0.06296482
0.4125 -0.06475603 -0.06296502
0.413 -0.06475918 -0.06296523
0.4135 -0.06476228 -0.06296542
0.414 -0.06476535 -0.06296563
0.4145 -0.06476837 -0.06296581
0.415 -0.06477136 -0.062966004
0.4155 -0.0647743 -0.06296618
0.416 -0.06477721 -0.06296636
0.4165 -0.06478008 -0.062966526
0.417 -0.06478291 -0.0629667
0.4175 -0.06478571 -0.06296687
0.418 -0.06478847 -0.062967025
0.4185 -0.06479119 -0.06296718
0.419 -0.06479388 -0.06296733
0.4195 -0.06479653 -0.06296748
0.42 -0.06479915 -0.06296763
0.4205 -0.06480173 -0.06296776
0.421 -0.06480428 -0.0629679
0.4215 -0.0648068 -0.06296803
0.422 -0.06480928 -0.062968165
0.4225 -0.06481173 -0.0629683
0.423 -0.06481415 -0.06296842
0.4235 -0.06481654 -0.06296854
0.424 -0.0648189 -0.062968664
0.4245 -0.06482123 -0.06296879
0.425 -0.06482353 -0.062968895
0.4255 -0.06482579 -0.062969014
0.426 -0.06482803 -0.06296912
0.4265 -0.06483024 -0.062969215
0.427 -0.06483242 -0.06296932
0.4275 -0.06483457 -0.06296943
0.428 -0.06483669 -0.06296952
0.4285 -0.06483879 -0.062969625
0.429 -0.06484086 -0.062969714
0.4295 -0.0648429 -0.062969804
0.43 -0.06484492 -0.06296989
0.4305 -0.0648469 -0.06296998
0.431 -0.06484887 -0.062970065
0.4315 -0.06485081 -0.06297015
0.432 -0.06485272 -0.06297023
0.4325 -0.06485461 -0.0629703
0.433 -0.06485647 -0.0629704
0.4335 -0.06485831 -0.06297047
0.434 -0.06486013 -0.06297054
0.4345 -0.06486192 -0.06297061
0.435 -0.06486369 -0.06297068
0.4355 -0.06486543 -0.06297074
0.436 -0.06486716 -0.06297082
0.4365 -0.06486886 -0.06297089
0.437 -0.06487054 -0.062970944
0.4375 -0.0648722 -0.062971
0.438 -0.06487383 -0.06297106
0.4385 -0.06487545 -0.062971115
0.439 -0.06487704 -0.062971175
0.4395 -0.06487862 -0.062971234
0.44 -0.06488017 -0.06297129
0.4405 -0.0648817 -0.062971346
0.441 -0.06488322 -0.06297139
0.4415 -0.06488471 -0.06297144
0.442 -0.06488618 -0.06297149
0.4425 -0.06488764 -0.06297155
0.443 -0.06488908 -0.06297159
0.4435 -0.06489049 -0.06297164
0.444 -0.06489189 -0.06297168
0.4445 -0.06489328 -0.06297173
0.445 -0.06489464 -0.06297177
0.4455 -0.06489599 -0.06297181
0.446 -0.06489732 -0.06297186
0.4465 -0.06489863 -0.06297189
0.447 -0.06489992 -0.062971935
0.4475 -0.0649012 -0.06297197
0.448 -0.06490246 -0.06297201
0.4485 -0.06490371 -0.06297204
0.449 -0.06490494 -0.06297208
0.4495 -0.06490615 -0.06297211
0.45 -0.06490735 -0.06297215
0.4505 -0.06490853 -0.06297218
0.451 -0.0649097 -0.06297222
0.4515 -0.06491085 -0.06297225
0.452 -0.06491199 -0.06297228
0.4525 -0.06491311 -0.06297231
0.453 -0.06491422 -0.062972344
0.4535 -0.06491532 -0.062972374
0.454 -0.0649164 -0.0629724
0.4545 -0.06491746 -0.06297243
0.455 -0.06491852 -0.062972456
0.4555 -0.06491955 -0.06297247
0.456 -0.06492058 -0.0629725
0.4565 -0.06492159 -0.06297252
0.457 -0.06492259 -0.06297255
0.4575 -0.06492358 -0.062972575
0.458 -0.06492455 -0.062972605
0.4585 -0.06492551 -0.06297263
0.459 -0.06492646 -0.06297265
0.4595 -0.0649274 -0.06297267
0.46 -0.06492833 -0.062972695
0.4605 -0.06492924 -0.06297271
0.461 -0.06493014 -0.06297274
0.4615 -0.06493103 -0.062972754
0.462 -0.06493191 -0.06297277
0.4625 -0.06493277 -0.0629728
0.463 -0.06493363 -0.062972814
0.4635 -0.06493448 -0.062972814
0.464 -0.06493531 -0.06297284
0.4645 -0.06493613 -0.06297286
0.465 -0.06493695 -0.06297287
0.4655 -0.06493775 -0.06297289
0.466 -0.06493854 -0.0629729
0.4665 -0.06493932 -0.06297292
0.467 -0.06494009 -0.06297294
0.4675 -0.06494086 -0.06297295
0.468 -0.06494161 -0.06297296
0.4685 -0.06494235 -0.06297298
0.469 -0.06494308 -0.06297299
0.4695 -0.06494381 -0.06297301
0.47 -0.06494452 -0.06297302
0.4705 -0.06494523 -0.06297303
0.471 -0.06494592 -0.062973045
0.4715 -0.06494661 -0.06297306
0.472 -0.06494729 -0.06297307
0.4725 -0.06494796 -0.06297308
0.473 -0.06494862 -0.06297309
0.4735 -0.06494928 -0.06297309
0.474 -0.06494992 -0.062973104
0.4745 -0.06495056 -0.06297311
0.475 -0.06495118 -0.06297312
0.4755 -0.0649518 -0.06297313
0.476 -0.06495242 -0.06297314
0.4765 -0.06495302 -0.06297316
0.477 -0.06495362 -0.06297317
0.4775 -0.06495421 -0.06297318
0.478 -0.06495479 -0.06297319
0.4785 -0.06495536 -0.062973194
0.479 -0.06495593 -0.0629732
0.4795 -0.06495649 -0.062973216
0.48 -0.06495704 -0.062973216
0.4805 -0.06495759 -0.06297323
0.481 -0.06495812 -0.06297323
0.4815 -0.06495866 -0.06297324
0.482 -0.06495918 -0.062973246
0.4825 -0.0649597 -0.06297326
0.483 -0.06496021 -0.06297326
0.4835 -0.06496071 -0.06297326
0.484 -0.06496121 -0.062973276
0.4845 -0.0649617 -0.06297328
0.485 -0.06496219 -0.06297329
0.4855 -0.06496267 -0.06297329
0.486 -0.06496314 -0.062973306
0.4865 -0.06496361 -0.062973306
0.487 -0.06496407 -0.06297332
0.4875 -0.06496453 -0.06297332
0.488 -0.06496498 -0.06297332
0.4885 -0.06496542 -0.062973335
0.489 -0.06496586 -0.062973335
0.4895 -0.06496629 -0.062973335
0.49 -0.06496672 -0.062973335
0.4905 -0.06496714 -0.062973335
0.491 -0.06496756 -0.06297335
0.4915 -0.06496797 -0.06297335
0.492 -0.06496837 -0.06297336
0.4925 -0.06496878 -0.062973365
0.493 -0.06496917 -0.062973365
0.4935 -0.06496956 -0.06297337
0.494 -0.06496995 -0.06297337
0.4945 -0.06497033 -0.06297338
0.495 -0.0649707 -0.06297338
0.4955 -0.06497107 -0.06297338
0.496 -0.06497144 -0.06297339
0.4965 -0.0649718 -0.062973395
0.497 -0.06497216 -0.062973395
0.4975 -0.06497251 -0.062973395
0.498 -0.06497286 -0.06297341
0.4985 -0.0649732 -0.06297341
0.499 -0.06497354 -0.06297342
0.4995 -0.06497388 -0.062973425
