0.0 -0.065 -0.023324097
0.0005 -0.065 -0.03948928
0.001 -0.065 -0.050876673
0.0015 -0.065 -0.058933906
0.002 -0.065 -0.06465602
0.0025 -0.065 -0.068729825
0.003 -0.065 -0.071631856
0.0035 -0.065 -0.07369451
0.004 -0.065 -0.075151026
0.0045 -0.065 -0.07616605
0.005 -0.065 -0.07685658
0.0055 -0.065 -0.07730642
0.006 -0.065 -0.077576056
0.0065 -0.065 -0.077709645
0.007 -0.065 -0.07773971
0.0075 -0.065 -0.07769051
0.008 -0.065 -0.07758039
0.0085 -0.065 -0.077423364
0.009 -0.065 -0.07723027
0.0095 -0.065 -0.07700959
0.01 -0.065 -0.07676803
0.0105 -0.065 -0.07651096
0.011 -0.065 -0.076242656
0.0115 -0.065 -0.0759666
0.012 -0.065 -0.07568559
0.0125 -0.065 -0.07540191
0.013 -0.065 -0.07511741
0.0135 -0.065 -0.07483356
0.014 -0.065 -0.07455157
0.0145 -0.065 -0.074272424
0.015 -0.065 -0.07399686
0.0155 -0.065 -0.07372549
0.016 -0.065 -0.07345877
0.0165 -0.065 -0.07319706
0.017 -0.065 -0.07294063
0.0175 -0.065 -0.072689645
0.018 -0.065 -0.07244424
0.0185 -0.065 -0.07220446
0.019 -0.065 -0.07197035
0.0195 -0.065 -0.07174191
0.02 -0.065 -0.071519084
0.0205 -0.065 -0.07130182
0.021 -0.065 -0.07109005
0.0215 -0.065 -0.07088369
0.022 -0.065 -0.07068264
0.0225 -0.065 -0.07048679
0.023 -0.065 -0.070296034
0.0235 -0.065 -0.07011023
0.024 -0.065 -0.0699293
0.0245 -0.065 -0.069753125
0.025 -0.065 -0.06958155
0.0255 -0.065 -0.06941449
0.026 -0.065 -0.069251806
0.0265 -0.065 -0.0690934
0.027 -0.065 -0.06893915
0.0275 -0.065 -0.068788946
0.028 -0.065 -0.06864266
0.0285 -0.065 -0.06850022
0.029 -0.065 -0.06836149
0.0295 -0.065 -0.06822638
0.03 -0.065 -0.068094805
0.0305 -0.065 -0.067966655
0.031 -0.065 -0.06784181
0.0315 -0.065 -0.06772022
0.032 -0.065 -0.06760177
0.0325 -0.065 -0.06748638
0.033 -0.065 -0.06737398
0.0335 -0.065 -0.067264475
0.034 -0.065 -0.06715779
0.0345 -0.065 -0.067053854
0.035 -0.065 -0.06695257
0.0355 -0.065 -0.06685389
0.036 -0.065 -0.06675772
0.0365 -0.065 -0.066664025
0.037 -0.065 -0.06657271
0.0375 -0.065 -0.06648372
0.038 -0.065 -0.066397
0.0385 -0.065 -0.06631246
0.039 -0.065 -0.06623009
0.0395 -0.065 -0.06614979
0.04 -0.065 -0.066071525
0.0405 -0.065 -0.065995246
0.041 -0.065 -0.06592089
0.0415 -0.065 -0.0658484
0.042 -0.065 -0.06577774
0.0425 -0.065 -0.06570886
0.043 -0.065 -0.0656417
0.0435 -0.065 -0.065576226
0.044 -0.065 -0.06551239
0.0445 -0.065 -0.06545016
0.045 -0.065 -0.065389484
0.0455 -0.065 -0.06533033
0.046 -0.065 -0.065272644
0.0465 -0.065 -0.06521639
0.047 -0.065 -0.06516154
0.0475 -0.065 -0.06510807
0.048 -0.065 -0.06505592
0.0485 -0.065 -0.06500508
0.049 -0.065 -0.06495549
0.0495 -0.065 -0.064907126
0.05 -0.065 -0.06485996
0.0505 -0.065 -0.06481397
0.051 -0.065 -0.06476911
0.0515 -0.065 -0.06472537
0.052 -0.065 -0.06468271
0.0525 -0.065 -0.064641096
0.053 -0.065 -0.06460051
0.0535 -0.065 -0.064560935
0.054 -0.065 -0.06452231
0.0545 -0.065 -0.06448466
0.055 -0.065 -0.06444794
0.0555 -0.065 -0.06441211
0.056 -0.065 -0.06437716
0.0565 -0.065 -0.06434307
0.057 -0.065 -0.064309835
0.0575 -0.065 -0.064277396
0.058 -0.065 -0.06424576
0.0585 -0.065 -0.064214885
0.059 -0.065 -0.06418478
0.0595 -0.065 -0.064155415
0.06 -0.065 -0.06412676
0.0605 -0.065 -0.06409881
0.061 -0.065 -0.06407155
0.0615 -0.065 -0.06404495
0.062 -0.065 -0.06401901
0.0625 -0.065 -0.06399369
0.063 -0.065 -0.063969
0.0635 -0.065 -0.06394491
0.064 -0.065 -0.06392141
0.0645 -0.065 -0.06389846
0.065 -0.065 -0.06387609
0.0655 -0.065 -0.06385426
0.066 -0.065 -0.06383297
0.0665 -0.065 -0.06381219
0.067 -0.065 -0.063791916
0.0675 -0.065 -0.06377213
0.068 -0.065 -0.06375283
0.0685 -0.065 -0.06373402
0.069 -0.065 -0.06371564
0.0695 -0.065 -0.06369772
0.07 -0.065 -0.063680224
0.0705 -0.065 -0.063663155
0.071 -0.065 -0.06364651
0.0715 -0.065 -0.06363027
0.072 -0.065 -0.06361441
0.0725 -0.065 -0.063598946
0.073 -0.065 -0.06358385
0.0735 -0.065 -0.06356913
0.074 -0.065 -0.063554764
0.0745 -0.065 -0.06354074
0.075 -0.065 -0.063527055
0.0755 -0.065 -0.0635137
0.076 -0.065 -0.06350069
0.0765 -0.065 -0.06348798
0.077 -0.065 -0.06347558
0.0775 -0.065 -0.06346348
0.078 -0.065 -0.06345166
0.0785 -0.065 -0.06344014
0.079 -0.065 -0.06342889
0.0795 -0.065 -0.06341792
0.08 -0.065 -0.06340721
0.0805 -0.065 -0.06339677
0.081 -0.065 -0.063386574
0.0815 -0.065 -0.06337662
0.082 -0.065 -0.06336692
0.0825 -0.065 -0.06335744
0.083 -0.065 -0.0633482
0.0835 -0.065 -0.06333917
0.084 -0.065 -0.06333037
0.0845 -0.065 -0.063321784
0.085 -0.065 -0.06331338
0.0855 -0.065 -0.063305214
0.086 -0.065 -0.06329723
0.0865 -0.065 -0.06328943
0.087 -0.065 -0.063281834
0.0875 -0.065 -0.06327441
0.088 -0.065 -0.063267164
0.0885 -0.065 -0.06326009
0.089 -0.065 -0.06325321
0.0895 -0.065 -0.06324648
0.09 -0.065 -0.06323992
0.0905 -0.065 -0.063233495
0.091 -0.065 -0.063227236
0.0915 -0.065 -0.06322113
0.092 -0.065 -0.06321518
0.0925 -0.065 -0.06320937
0.093 -0.065 -0.06320369
0.0935 -0.065 -0.06319816
0.094 -0.065 -0.063192755
0.0945 -0.065 -0.06318748
0.095 -0.065 -0.06318234
0.0955 -0.065 -0.06317732
0.096 -0.065 -0.063172415
0.0965 -0.065 -0.06316762
0.097 -0.065 -0.06316297
0.0975 -0.065 -0.06315841
0.098 -0.065 -0.06315397
0.0985 -0.065 -0.063149616
0.099 -0.065 -0.063145384
0.0995 -0.065 -0.06314124
0.1 -0.065 -0.063755214
0.1005 -0.05205612 -0.05801429
0.101 -0.03678555 -0.051006854
0.1015 -0.02642051 -0.043758214
0.102 -0.01935535 -0.036576644
0.1025 -0.01394585 -0.029567065
0.103 -0.009311454 -0.022762971
0.1035 -0.005023821 -0.016170474
0.104 -0.0008967279 -0.009784476
0.1045 0.003115461 -0.003595815
0.105 0.007031527 0.0024060747
0.1055 0.01091859 0.008231713
0.106 0.01480548 0.013891115
0.1065 0.01868723 0.019393397
0.107 0.02255614 0.024746908
0.1075 0.02642019 0.029959423
0.108 0.03027984 0.03503789
0.1085 0.03413009 0.039988503
0.109 0.03796465 0.044817135
0.1095 0.0417781 0.04952909
0.11 0.04556702 0.05412905
0.1105 0.04932908 0.05862166
0.111 0.05306279 0.063010916
0.1115 0.05676717 0.06730069
0.112 0.06044165 0.071494594
0.1125 0.06408584 0.0755959
0.113 0.06769939 0.07960771
0.1135 0.07128201 0.08353306
0.114 0.07483355 0.08737458
0.1145 0.07835392 0.09113495
0.115 0.08184136 0.09481661
0.1155 0.08527853 0.098421946
0.116 0.08867512 0.101953104
0.1165 0.09204577 0.10541223
0.117 0.09539416 0.10880144
0.1175 0.09870711 0.11212249
0.118 0.1019618 0.11537735
0.1185 0.1051808 0.11856772
0.119 0.1083802 0.121695295
0.1195 0.1115629 0.124761775
0.12 0.1147258 0.12776868
0.1205 0.117865 0.13071744
0.121 0.1209769 0.13360967
0.1215 0.1240592 0.13644658
0.122 0.1271103 0.1392297
0.1225 0.1301113 0.14196007
0.123 0.1330368 0.14463924
0.1235 0.1359186 0.14726825
0.124 0.1387853 0.14984839
0.1245 0.1416428 0.15238048
0.125 0.1444868 0.15486611
0.1255 0.1473104 0.15730591
0.126 0.1501074 0.1597013
0.1265 0.1528743 0.16205294
0.127 0.1556091 0.16436209
0.1275 0.1583128 0.16662951
0.128 0.1609854 0.16885604
0.1285 0.1636157 0.17104276
0.129 0.1661922 0.17319049
0.1295 0.1687342 0.17530008
0.13 0.1712546 0.17737223
0.1305 0.1737398 0.17940797
0.131 0.1761779 0.18140782
0.1315 0.1785865 0.18337263
0.132 0.1809572 0.18530329
0.1325 0.1832937 0.18720026
0.133 0.1855978 0.18906434
0.1335 0.1878699 0.19089629
0.134 0.1901309 0.1926967
0.1345 0.1923824 0.19446631
0.135 0.1946254 0.19620551
0.1355 0.1968558 0.19791521
0.136 0.1990424 0.19959576
0.1365 0.2011837 0.20124777
0.137 0.2033082 0.202872
0.1375 0.2054225 0.20446904
0.138 0.207524 0.20603903
0.1385 0.209608 0.20758285
0.139 0.2116695 0.20910092
0.1395 0.2137051 0.21059372
0.14 0.215708 0.20582809
0.1405 0.2047384 0.20106293
0.141 0.1914095 0.19632606
0.1415 0.1829495 0.19164185
0.142 0.1777564 0.1870309
0.1425 0.1741847 0.18250854
0.143 0.1713506 0.17808469
0.1435 0.1688431 0.1737637
0.144 0.1664795 0.16954498
0.1445 0.1641797 0.1654235
0.145 0.1618458 0.16139166
0.1455 0.1593754 0.1574405
0.146 0.1569617 0.15356134
0.1465 0.1546385 0.14974667
0.147 0.1523837 0.14599136
0.1475 0.1501701 0.14229278
0.148 0.1479774 0.13865098
0.1485 0.1457935 0.13506831
0.149 0.143612 0.13154891
0.1495 0.1414303 0.12809801
0.15 0.139248 0.12472162
0.1505 0.1370659 0.121425524
0.151 0.1348853 0.11821517
0.1515 0.1327077 0.1150953
0.152 0.1305347 0.11206949
0.1525 0.1283677 0.10914033
0.153 0.1262079 0.106309265
0.1535 0.1240565 0.103576645
0.154 0.1219145 0.10094183
0.1545 0.1197828 0.09840325
0.155 0.1176622 0.09595865
0.1555 0.1155535 0.093605086
0.156 0.1134572 0.09133915
0.1565 0.1113738 0.08915709
0.157 0.109304 0.087054834
0.1575 0.1072481 0.08502818
0.158 0.1052065 0.08307283
0.1585 0.1031796 0.0811845
0.159 0.1011678 0.07935893
0.1595 0.09917127 0.07759191
0.16 0.09719038 0.075879395
0.1605 0.09522534 0.074217565
0.161 0.09327639 0.07260266
0.1615 0.09134373 0.07103117
0.162 0.08942755 0.069499746
0.1625 0.08752801 0.06800523
0.163 0.08564526 0.06654478
0.1635 0.08377943 0.0651156
0.164 0.08193064 0.06371515
0.1645 0.08009899 0.062341094
0.165 0.07828457 0.060991272
0.1655 0.07648746 0.05966367
0.166 0.07470771 0.05835647
0.1665 0.07294538 0.057067975
0.167 0.0712005 0.055796638
0.1675 0.0694731 0.05454106
0.168 0.06776321 0.053300016
0.1685 0.06607083 0.052072294
0.169 0.06439595 0.050856873
0.1695 0.06273857 0.049652793
0.17 0.06109867 0.04845922
0.1705 0.05947622 0.0472754
0.171 0.05787119 0.046100613
0.1715 0.05628354 0.04493425
0.172 0.05471321 0.04377582
0.1725 0.05316016 0.042624786
0.173 0.05162432 0.041480735
0.1735 0.05010562 0.04034332
0.174 0.048604 0.03921219
0.1745 0.04711938 0.038087063
0.175 0.04565167 0.036967702
0.1755 0.04420078 0.035853896
0.176 0.04276663 0.034745485
0.1765 0.04134912 0.033642296
0.177 0.03994815 0.03254423
0.1775 0.03856362 0.031451166
0.178 0.03719543 0.030363047
0.1785 0.03584345 0.029279841
0.179 0.03450758 0.028201437
0.1795 0.03318771 0.027127894
0.18 0.03188372 0.026059153
0.1805 0.03059548 0.024995247
0.181 0.02932288 0.023936192
0.1815 0.02806579 0.022882001
0.182 0.02682409 0.021832729
0.1825 0.02559764 0.020788407
0.183 0.02438633 0.019749088
0.1835 0.02319 0.018714843
0.184 0.02200855 0.01768572
0.1845 0.02084183 0.016661795
0.185 0.0196897 0.015643155
0.1855 0.01855204 0.014629859
0.186 0.01742871 0.013622022
0.1865 0.01631956 0.012619673
0.187 0.01522447 0.011622942
0.1875 0.0141433 0.010631884
0.188 0.01307591 0.00964662
0.1885 0.01202215 0.008667207
0.189 0.0109819 0.007693763
0.1895 0.009955014 0.006726361
0.19 0.008941351 0.0057650944
0.1905 0.007940774 0.0048100753
0.191 0.006953146 0.003861378
0.1915 0.005978327 0.0029190844
0.192 0.00501618 0.0019833064
0.1925 0.004066567 0.0010541108
0.193 0.003129351 0.00013162839
0.1935 0.002204395 -0.0007841113
0.194 0.001291563 -0.0016929741
0.1945 0.0003907173 -0.0025949078
0.195 -0.0004982762 -0.0034898343
0.1955 -0.001375553 -0.0043776454
0.196 -0.002241246 -0.0052582743
0.1965 -0.00309549 -0.006131635
0.197 -0.003938418 -0.006997672
0.1975 -0.004770161 -0.007856318
0.198 -0.005590852 -0.008707487
0.1985 -0.006400619 -0.009551101
0.199 -0.007199594 -0.01038709
0.1995 -0.007987905 -0.011215427
0.2 -0.008765679 -0.012036012
0.2005 -0.009533045 -0.01284881
0.201 -0.01029013 -0.013653749
0.2015 -0.01103705 -0.0144508155
0.202 -0.01177394 -0.015239903
0.2025 -0.01250092 -0.016021023
0.203 -0.01321812 -0.01679408
0.2035 -0.01392564 -0.017559065
0.204 -0.01462362 -0.01831592
0.2045 -0.01531217 -0.019064622
0.205 -0.01599141 -0.019805139
0.2055 -0.01666146 -0.020537438
0.206 -0.01732243 -0.021261496
0.2065 -0.01797444 -0.021977285
0.207 -0.0186176 -0.022684788
0.2075 -0.01925203 -0.023383996
0.208 -0.01987783 -0.02407488
0.2085 -0.02049512 -0.02475742
0.209 -0.021104 -0.025431642
0.2095 -0.02170459 -0.026097516
0.21 -0.022297 -0.026755044
0.2105 -0.02288131 -0.027404243
0.211 -0.02345766 -0.028045094
0.2115 -0.02402613 -0.02867761
0.212 -0.02458682 -0.029301805
0.2125 -0.02513985 -0.029917708
0.213 -0.02568532 -0.030525317
0.2135 -0.02622331 -0.031124646
0.214 -0.02675393 -0.03171572
0.2145 -0.02727728 -0.032298584
0.215 -0.02779346 -0.03287322
0.2155 -0.02830255 -0.033439696
0.216 -0.02880465 -0.033998035
0.2165 -0.02929986 -0.03454826
0.217 -0.02978827 -0.03509043
0.2175 -0.03026996 -0.03562455
0.218 -0.03074503 -0.0361507
0.2185 -0.03121357 -0.036668908
0.219 -0.03167566 -0.037179213
0.2195 -0.0321314 -0.037681665
0.22 -0.03258086 -0.038176313
0.2205 -0.03302413 -0.038663212
0.221 -0.0334613 -0.03914243
0.2215 -0.03389244 -0.039614014
0.222 -0.03431764 -0.040078007
0.2225 -0.03473698 -0.040534493
0.223 -0.03515054 -0.04098352
0.2235 -0.03555839 -0.041425154
0.224 -0.03596062 -0.04185945
0.2245 -0.0363573 -0.04228649
0.225 -0.03674851 -0.04270633
0.2255 -0.03713432 -0.043119036
0.226 -0.0375148 -0.043524686
0.2265 -0.03789004 -0.043923363
0.227 -0.03826009 -0.044315107
0.2275 -0.03862503 -0.044700015
0.228 -0.03898494 -0.045078155
0.2285 -0.03933987 -0.045449607
0.229 -0.0396899 -0.045814425
0.2295 -0.0400351 -0.046172716
0.23 -0.04037553 -0.04652454
0.2305 -0.04071125 -0.04686997
0.231 -0.04104234 -0.047209095
0.2315 -0.04136886 -0.047541983
0.232 -0.04169086 -0.047868725
0.2325 -0.04200842 -0.048189387
0.233 -0.04232159 -0.048504066
0.2335 -0.04263043 -0.048812833
0.234 -0.042935 -0.04911576
0.2345 -0.04323537 -0.049412936
0.235 -0.04353159 -0.04970444
0.2355 -0.04382372 -0.049990363
0.236 -0.04411181 -0.05027077
0.2365 -0.04439592 -0.050545733
0.237 -0.04467611 -0.050815344
0.2375 -0.04495243 -0.051079694
0.238 -0.04522493 -0.051338848
0.2385 -0.04549368 -0.051592883
0.239 -0.0457587 -0.051841885
0.2395 -0.04602008 -0.052085932
0.24 -0.04627784 -0.052325107
0.2405 -0.04653204 -0.052559484
0.241 -0.04678274 -0.052789137
0.2415 -0.04702997 -0.05301414
0.242 -0.0472738 -0.053234577
0.2425 -0.04751426 -0.05345052
0.243 -0.0477514 -0.05366205
0.2435 -0.04798527 -0.053869233
0.244 -0.04821592 -0.054072145
0.2445 -0.04844338 -0.05427087
0.245 -0.04866771 -0.054465458
0.2455 -0.04888895 -0.054656006
0.246 -0.04910713 -0.054842573
0.2465 -0.04932231 -0.055025235
0.247 -0.04953453 -0.055204052
0.2475 -0.04974382 -0.055379122
0.248 -0.04995023 -0.055550463
0.2485 -0.05015379 -0.05571819
0.249 -0.05035455 -0.055882353
0.2495 -0.05055255 -0.056043
0.25 -0.05074783 -0.056200225
0.2505 -0.05094041 -0.056354083
0.251 -0.05113035 -0.056504622
0.2515 -0.05131767 -0.05665192
0.252 -0.05150242 -0.056796048
0.2525 -0.05168462 -0.056937043
0.253 -0.05186432 -0.05707499
0.2535 -0.05204156 -0.057209924
0.254 -0.05221635 -0.05734193
0.2545 -0.05238874 -0.057471037
0.255 -0.05255877 -0.057597328
0.2555 -0.05272646 -0.057720844
0.256 -0.05289185 -0.05784164
0.2565 -0.05305497 -0.057959776
0.257 -0.05321585 -0.05807531
0.2575 -0.05337452 -0.058188286
0.258 -0.05353101 -0.058298755
0.2585 -0.05368536 -0.05840677
0.259 -0.0538376 -0.058512386
0.2595 -0.05398774 -0.05861564
0.26 -0.05413583 -0.0587166
0.2605 -0.05428189 -0.058815293
0.261 -0.05442595 -0.05891178
0.2615 -0.05456803 -0.05900611
0.262 -0.05470818 -0.059098322
0.2625 -0.0548464 -0.05918844
0.263 -0.05498273 -0.059276544
0.2635 -0.05511719 -0.059362642
0.264 -0.05524982 -0.059446804
0.2645 -0.05538063 -0.05952907
0.265 -0.05550966 -0.059609454
0.2655 -0.05563692 -0.05968802
0.266 -0.05576244 -0.0597648
0.2665 -0.05588625 -0.059839834
0.267 -0.05600837 -0.05991316
0.2675 -0.05612882 -0.059984807
0.268 -0.05624763 -0.060054827
0.2685 -0.05636481 -0.060123246
0.269 -0.0564804 -0.060190093
0.2695 -0.05659441 -0.060255405
0.27 -0.05670686 -0.06031922
0.2705 -0.05681779 -0.060381573
0.271 -0.0569272 -0.06044249
0.2715 -0.05703512 -0.060502008
0.272 -0.05714157 -0.06056016
0.2725 -0.05724657 -0.060616963
0.273 -0.05735015 -0.06067245
0.2735 -0.05745231 -0.060726658
0.274 -0.05755308 -0.060779616
0.2745 -0.05765248 -0.060831353
0.275 -0.05775054 -0.060881887
0.2755 -0.05784725 -0.06093125
0.276 -0.05794266 -0.060979463
0.2765 -0.05803677 -0.061026566
0.277 -0.0581296 -0.06107256
0.2775 -0.05822117 -0.06111749
0.278 -0.05831149 -0.06116138
0.2785 -0.05840059 -0.061204243
0.279 -0.05848849 -0.061246105
0.2795 -0.05857519 -0.061286993
0.28 -0.05866071 -0.06132693
0.2805 -0.05874507 -0.06136592
0.281 -0.0588283 -0.061404012
0.2815 -0.05891039 -0.0614412
0.282 -0.05899137 -0.061477527
0.2825 -0.05907126 -0.06151301
0.283 -0.05915006 -0.06154766
0.2835 -0.0592278 -0.06158149
0.284 -0.05930449 -0.061614536
0.2845 -0.05938014 -0.06164679
0.285 -0.05945477 -0.061678298
0.2855 -0.05952838 -0.06170906
0.286 -0.05960101 -0.061739102
0.2865 -0.05967265 -0.061768446
0.287 -0.05974332 -0.061797094
0.2875 -0.05981304 -0.06182506
0.288 -0.05988182 -0.061852373
0.2885 -0.05994967 -0.061879043
0.289 -0.06001661 -0.061905082
0.2895 -0.06008264 -0.061930507
0.29 -0.06014778 -0.06195533
0.2905 -0.06021205 -0.061979577
0.291 -0.06027545 -0.062003247
0.2915 -0.06033799 -0.062026355
0.292 -0.06039969 -0.06204892
0.2925 -0.06046057 -0.062070943
0.293 -0.06052062 -0.062092453
0.2935 -0.06057986 -0.06211345
0.294 -0.06063831 -0.062133957
0.2945 -0.06069597 -0.062153976
0.295 -0.06075285 -0.062173516
0.2955 -0.06080898 -0.062192604
0.296 -0.06086434 -0.06221123
0.2965 -0.06091897 -0.062229406
0.297 -0.06097285 -0.06224717
0.2975 -0.06102602 -0.062264502
0.298 -0.06107847 -0.06228143
0.2985 -0.06113022 -0.062297948
0.299 -0.06118127 -0.06231408
0.2995 -0.06123164 -0.062329832
0.3 -0.06128134 -0.062345188
0.3005 -0.06133036 -0.062360205
0.301 -0.06137874 -0.062374853
0.3015 -0.06142646 -0.062389158
0.302 -0.06147354 -0.06240312
0.3025 -0.06151999 -0.062416743
0.303 -0.06156582 -0.062430054
0.3035 -0.06161104 -0.062443044
0.304 -0.06165566 -0.062455725
0.3045 -0.06169967 -0.062468093
0.305 -0.0617431 -0.06248019
0.3055 -0.06178594 -0.062491983
0.306 -0.06182822 -0.0625035
0.3065 -0.06186993 -0.06251474
0.307 -0.06191108 -0.062525705
0.3075 -0.06195168 -0.06253641
0.308 -0.06199174 -0.06254687
0.3085 -0.06203127 -0.06255708
0.309 -0.06207027 -0.06256705
0.3095 -0.06210874 -0.06257677
0.31 -0.06214671 -0.06258627
0.3105 -0.06218417 -0.06259553
0.311 -0.06222112 -0.062604584
0.3115 -0.06225759 -0.06261341
0.312 -0.06229357 -0.06262203
0.3125 -0.06232907 -0.06263044
0.313 -0.0623641 -0.062638655
0.3135 -0.06239866 -0.062646665
0.314 -0.06243276 -0.06265449
0.3145 -0.06246641 -0.06266213
0.315 -0.06249961 -0.06266959
0.3155 -0.06253237 -0.06267688
0.316 -0.0625647 -0.06268398
0.3165 -0.06259659 -0.06269091
0.317 -0.06262806 -0.06269768
0.3175 -0.06265911 -0.062704295
0.318 -0.06268975 -0.06271074
0.3185 -0.06271998 -0.062717035
0.319 -0.06274981 -0.06272318
0.3195 -0.06277925 -0.06272918
0.32 -0.06280829 -0.06273503
0.3205 -0.06283695 -0.06274074
0.321 -0.06286523 -0.062746316
0.3215 -0.06289313 -0.06275177
0.322 -0.06292067 -0.062757075
0.3225 -0.06294784 -0.06276227
0.323 -0.06297465 -0.06276733
0.3235 -0.0630011 -0.062772274
0.324 -0.0630272 -0.06277709
0.3245 -0.06305296 -0.062781796
0.325 -0.06307838 -0.0627864
0.3255 -0.06310346 -0.06279088
0.326 -0.0631282 -0.06279526
0.3265 -0.06315263 -0.062799536
0.327 -0.06317672 -0.06280371
0.3275 -0.0632005 -0.062807776
0.328 -0.06322397 -0.06281175
0.3285 -0.06324712 -0.06281563
0.329 -0.06326997 -0.062819414
0.3295 -0.06329252 -0.0628231
0.33 -0.06331477 -0.06282671
0.3305 -0.06333672 -0.06283024
0.331 -0.06335839 -0.062833674
0.3315 -0.06337977 -0.062837034
0.332 -0.06340086 -0.06284031
0.3325 -0.06342168 -0.0628435
0.333 -0.06344223 -0.06284662
0.3335 -0.0634625 -0.06284966
0.334 -0.06348251 -0.062852636
0.3345 -0.06350225 -0.06285553
0.335 -0.06352173 -0.06285836
0.3355 -0.06354096 -0.06286112
0.336 -0.06355993 -0.06286383
0.3365 -0.06357865 -0.06286645
0.337 -0.06359713 -0.06286901
0.3375 -0.06361536 -0.062871516
0.338 -0.06363335 -0.062873974
0.3385 -0.06365111 -0.06287636
0.339 -0.06366863 -0.06287868
0.3395 -0.06368592 -0.06288095
0.34 -0.06370299 -0.06288318
0.3405 -0.06371983 -0.062885344
0.341 -0.06373645 -0.06288747
0.3415 -0.06375285 -0.06288954
0.342 -0.06376903 -0.06289154
0.3425 -0.06378501 -0.06289351
0.343 -0.06380077 -0.06289543
0.3435 -0.06381632 -0.06289731
0.344 -0.06383168 -0.06289914
0.3445 -0.06384683 -0.06290093
0.345 -0.06386178 -0.062902674
0.3455 -0.06387653 -0.06290437
0.346 -0.06389109 -0.06290603
0.3465 -0.06390546 -0.06290765
0.347 -0.06391965 -0.06290923
0.3475 -0.06393364 -0.062910765
0.348 -0.06394745 -0.06291227
0.3485 -0.06396109 -0.062913746
0.349 -0.06397454 -0.062915176
0.3495 -0.06398782 -0.06291658
0.35 -0.06400092 -0.06291794
0.3505 -0.06401385 -0.062919274
0.351 -0.06402661 -0.06292057
0.3515 -0.06403921 -0.062921844
0.352 -0.06405164 -0.06292309
0.3525 -0.0640639 -0.062924296
0.353 -0.06407601 -0.06292549
0.3535 -0.06408796 -0.062926635
0.354 -0.06409975 -0.06292776
0.3545 -0.06411139 -0.062928855
0.355 -0.06412288 -0.06292993
0.3555 -0.06413421 -0.06293097
0.356 -0.0641454 -0.06293199
0.3565 -0.06415644 -0.06293299
0.357 -0.06416734 -0.06293397
0.3575 -0.0641781 -0.062934905
0.358 -0.06418871 -0.06293583
0.3585 -0.06419919 -0.06293674
0.359 -0.06420953 -0.062937625
0.3595 -0.06421973 -0.06293848
0.36 -0.0642298 -0.06293933
0.3605 -0.06423974 -0.06294015
0.361 -0.06424955 -0.06294095
0.3615 -0.06425924 -0.06294173
0.362 -0.06426879 -0.0629425
0.3625 -0.06427822 -0.062943235
0.363 -0.06428753 -0.062943965
0.3635 -0.06429672 -0.06294467
0.364 -0.06430579 -0.062945366
0.3645 -0.06431474 -0.06294604
0.365 -0.06432357 -0.0629467
0.3655 -0.06433229 -0.06294735
0.366 -0.06434089 -0.06294797
0.3665 -0.06434939 -0.062948585
0.367 -0.06435777 -0.06294918
0.3675 -0.06436604 -0.06294978
0.368 -0.06437421 -0.06295034
0.3685 -0.06438227 -0.0629509
0.369 -0.06439022 -0.06295145
0.3695 -0.06439807 -0.06295198
0.37 -0.06440582 -0.062952496
0.3705 -0.06441347 -0.062952995
0.371 -0.06442102 -0.06295349
0.3715 -0.06442847 -0.062953964
0.372 -0.06443582 -0.06295444
0.3725 -0.06444308 -0.06295489
0.373 -0.06445025 -0.06295535
0.3735 -0.06445732 -0.06295578
0.374 -0.0644643 -0.0629562
0.3745 -0.06447118 -0.06295662
0.375 -0.06447798 -0.062957026
0.3755 -0.06448469 -0.062957436
0.376 -0.06449132 -0.06295781
0.3765 -0.06449786 -0.062958196
0.377 -0.06450431 -0.06295856
0.3775 -0.06451068 -0.06295892
0.378 -0.06451697 -0.06295927
0.3785 -0.06452317 -0.06295961
0.379 -0.0645293 -0.06295995
0.3795 -0.06453534 -0.06296028
0.38 -0.06454131 -0.062960595
0.3805 -0.0645472 -0.06296091
0.381 -0.06455301 -0.062961206
0.3815 -0.06455875 -0.06296151
0.382 -0.06456441 -0.062961794
0.3825 -0.06457 -0.06296208
0.383 -0.06457552 -0.06296235
0.3835 -0.06458097 -0.06296261
0.384 -0.06458634 -0.062962875
0.3845 -0.06459165 -0.062963136
0.385 -0.06459689 -0.06296339
0.3855 -0.06460206 -0.062963635
0.386 -0.06460716 -0.06296387
0.3865 -0.0646122 -0.0629641
0.387 -0.06461717 -0.06296433
0.3875 -0.06462208 -0.06296455
0.388 -0.06462692 -0.06296477
0.3885 -0.06463171 -0.062964976
0.389 -0.06463643 -0.06296517
0.3895 -0.06464109 -0.06296537
0.39 -0.06464568 -0.062965564
0.3905 -0.06465022 -0.06296575
0.391 -0.0646547 -0.062965944
0.3915 -0.06465913 -0.06296612
0.392 -0.06466349 -0.06296631
0.3925 -0.0646678 -0.06296648
0.393 -0.06467206 -0.06296666
0.3935 -0.06467625 -0.062966816
0.394 -0.0646804 -0.06296698
0.3945 -0.06468449 -0.06296714
0.395 -0.06468853 -0.0629673
0.3955 -0.06469252 -0.06296744
0.396 -0.06469645 -0.06296758
0.3965 -0.06470033 -0.06296773
0.397 -0.06470417 -0.06296786
0.3975 -0.06470795 -0.062968
0.398 -0.06471169 -0.062968135
0.3985 -0.06471538 -0.06296826
0.399 -0.06471902 -0.06296839
0.3995 -0.06472261 -0.06296852
0.4 -0.06472616 -0.06296864
0.4005 -0.06472966 -0.062968746
0.401 -0.06473311 -0.06296886
0.4015 -0.06473652 -0.06296898
0.402 -0.06473989 -0.06296909
0.4025 -0.06474322 -0.0629692
0.403 -0.0647465 -0.0629693
0.4035 -0.06474974 -0.0629694
0.404 -0.06475293 -0.06296949
0.4045 -0.06475609 -0.062969595
0.405 -0.06475921 -0.062969685
0.4055 -0.06476228 -0.062969774
0.406 -0.06476532 -0.06296988
0.4065 -0.06476832 -0.06296996
0.407 -0.06477127 -0.06297004
0.4075 -0.06477419 -0.06297013
0.408 -0.06477708 -0.062970206
0.4085 -0.06477992 -0.06297028
0.409 -0.06478273 -0.06297037
0.4095 -0.0647855 -0.062970445
0.41 -0.06478824 -0.06297052
0.4105 -0.06479094 -0.062970586
0.411 -0.06479361 -0.06297065
0.4115 -0.06479625 -0.06297073
0.412 -0.06479884 -0.06297079
0.4125 -0.06480141 -0.06297085
0.413 -0.06480394 -0.06297092
0.4135 -0.06480644 -0.06297098
0.414 -0.06480891 -0.062971056
0.4145 -0.06481135 -0.06297111
0.415 -0.06481375 -0.06297116
0.4155 -0.06481613 -0.06297122
0.416 -0.06481847 -0.062971264
0.4165 -0.06482079 -0.062971324
0.417 -0.06482307 -0.06297138
0.4175 -0.06482533 -0.06297143
0.418 -0.06482755 -0.06297148
0.4185 -0.06482975 -0.06297153
0.419 -0.06483192 -0.06297158
0.4195 -0.06483406 -0.06297162
0.42 -0.06483617 -0.062971674
0.4205 -0.06483826 -0.062971726
0.421 -0.06484032 -0.06297176
0.4215 -0.06484236 -0.06297181
0.422 -0.06484436 -0.062971845
0.4225 -0.06484635 -0.06297188
0.423 -0.0648483 -0.06297192
0.4235 -0.06485023 -0.062971964
0.424 -0.06485214 -0.062971994
0.4245 -0.06485402 -0.06297204
0.425 -0.06485588 -0.06297207
0.4255 -0.06485771 -0.0629721
0.426 -0.06485953 -0.06297214
0.4265 -0.06486131 -0.06297217
0.427 -0.06486308 -0.0629722
0.4275 -0.06486482 -0.06297223
0.428 -0.06486654 -0.06297226
0.4285 -0.06486824 -0.0629723
0.429 -0.06486991 -0.06297232
0.4295 -0.06487157 -0.06297235
0.43 -0.0648732 -0.062972374
0.4305 -0.06487481 -0.06297241
0.431 -0.06487641 -0.06297244
0.4315 -0.06487798 -0.06297246
0.432 -0.06487953 -0.062972486
0.4325 -0.06488106 -0.062972516
0.433 -0.06488257 -0.062972546
0.4335 -0.06488407 -0.062972575
0.434 -0.06488554 -0.06297259
0.4345 -0.06488699 -0.06297261
0.435 -0.06488843 -0.062972635
0.4355 -0.06488985 -0.062972665
0.436 -0.06489125 -0.06297269
0.4365 -0.06489263 -0.0629727
0.437 -0.06489399 -0.062972724
0.4375 -0.06489534 -0.06297274
0.438 -0.06489667 -0.062972754
0.4385 -0.06489798 -0.062972784
0.439 -0.06489928 -0.0629728
0.4395 -0.06490056 -0.06297281
0.44 -0.06490182 -0.06297283
0.4405 -0.06490307 -0.06297284
0.441 -0.0649043 -0.06297286
0.4415 -0.06490551 -0.06297288
0.442 -0.06490671 -0.0629729
0.4425 -0.0649079 -0.06297292
0.443 -0.06490907 -0.06297293
0.4435 -0.06491022 -0.06297295
0.444 -0.06491136 -0.06297296
0.4445 -0.06491249 -0.06297298
0.445 -0.0649136 -0.06297298
0.4455 -0.06491469 -0.06297299
0.446 -0.06491578 -0.06297301
0.4465 -0.06491684 -0.06297302
0.447 -0.0649179 -0.06297304
0.4475 -0.06491894 -0.062973045
0.448 -0.06491997 -0.06297307
0.4485 -0.06492098 -0.06297307
0.449 -0.06492199 -0.06297308
0.4495 -0.06492298 -0.06297309
0.45 -0.06492395 -0.0629731
0.4505 -0.06492492 -0.06297311
0.451 -0.06492587 -0.06297311
0.4515 -0.06492681 -0.06297313
0.452 -0.06492774 -0.062973134
0.4525 -0.06492865 -0.06297316
0.453 -0.06492956 -0.06297316
0.4535 -0.06493045 -0.06297317
0.454 -0.06493133 -0.06297318
0.4545 -0.0649322 -0.06297319
0.455 -0.06493306 -0.0629732
0.4555 -0.06493391 -0.0629732
0.456 -0.06493475 -0.062973216
0.4565 -0.06493558 -0.06297322
0.457 -0.06493639 -0.06297323
0.4575 -0.0649372 -0.06297324
0.458 -0.06493799 -0.062973246
0.4585 -0.06493878 -0.062973246
0.459 -0.06493955 -0.06297326
0.4595 -0.06494032 -0.06297327
0.46 -0.06494108 -0.062973276
0.4605 -0.06494182 -0.062973276
0.461 -0.06494256 -0.062973276
0.4615 -0.06494329 -0.06297329
0.462 -0.064944 -0.06297329
0.4625 -0.06494471 -0.062973306
0.463 -0.06494541 -0.062973306
0.4635 -0.0649461 -0.06297331
0.464 -0.06494679 -0.06297332
0.4645 -0.06494746 -0.06297332
0.465 -0.06494813 -0.062973335
0.4655 -0.06494878 -0.062973335
0.466 -0.06494943 -0.062973335
0.4665 -0.06495007 -0.062973335
0.467 -0.0649507 -0.062973335
0.4675 -0.06495133 -0.06297335
0.468 -0.06495194 -0.06297335
0.4685 -0.06495255 -0.06297336
0.469 -0.06495315 -0.062973365
0.4695 -0.06495374 -0.062973365
0.47 -0.06495433 -0.06297337
0.4705 -0.06495491 -0.06297337
0.471 -0.06495548 -0.06297338
0.4715 -0.06495604 -0.06297338
0.472 -0.0649566 -0.06297338
0.4725 -0.06495714 -0.06297339
0.473 -0.06495769 -0.062973395
0.4735 -0.06495822 -0.062973395
0.474 -0.06495875 -0.062973395
0.4745 -0.06495927 -0.06297341
0.475 -0.06495979 -0.06297341
0.4755 -0.0649603 -0.06297342
0.476 -0.0649608 -0.062973425
0.4765 -0.06496129 -0.062973425
0.477 -0.06496178 -0.06297342
0.4775 -0.06496227 -0.06297342
0.478 -0.06496274 -0.06297342
0.4785 -0.06496321 -0.062973425
0.479 -0.06496368 -0.062973425
0.4795 -0.06496414 -0.06297343
0.48 -0.06496459 -0.06297344
0.4805 -0.06496504 -0.06297344
0.481 -0.06496548 -0.06297344
0.4815 -0.06496592 -0.06297344
0.482 -0.06496635 -0.06297344
0.4825 -0.06496677 -0.06297345
0.483 -0.06496719 -0.062973455
0.4835 -0.06496761 -0.06297345
0.484 -0.06496801 -0.06297345
0.4845 -0.06496842 -0.06297345
0.485 -0.06496882 -0.062973455
0.4855 -0.06496921 -0.062973455
0.486 -0.0649696 -0.062973455
0.4865 -0.06496998 -0.062973455
0.487 -0.06497036 -0.062973455
0.4875 -0.06497074 -0.062973455
0.488 -0.06497111 -0.06297346
0.4885 -0.06497147 -0.06297347
0.489 -0.06497183 -0.06297347
0.4895 -0.06497219 -0.06297347
0.49 -0.06497254 -0.06297347
0.4905 -0.06497289 -0.06297347
0.491 -0.06497323 -0.06297347
0.4915 -0.06497357 -0.06297348
0.492 -0.0649739 -0.06297348
0.4925 -0.06497423 -0.062973484
0.493 -0.06497455 -0.062973484
0.4935 -0.06497488 -0.062973484
0.494 -0.06497519 -0.062973484
0.4945 -0.06497551 -0.062973484
0.495 -0.06497581 -0.062973484
0.4955 -0.06497612 -0.062973484
0.496 -0.06497642 -0.062973484
0.4965 -0.06497672 -0.062973484
0.497 -0.06497701 -0.062973484
0.4975 -0.0649773 -0.062973484
0.498 -0.06497759 -0.062973484
0.4985 -0.06497787 -0.062973484
0.499 -0.06497815 -0.062973484
0.4995 -0.06497843 -0.062973484
