0.0 -0.065 -0.026300577
0.0005 -0.065 -0.045931596
0.001 -0.065 -0.05914766
0.0015 -0.065 -0.067987256
0.002 -0.065 -0.073810786
0.0025 -0.065 -0.07753987
0.003 -0.065 -0.07980677
0.0035 -0.065 -0.081050046
0.004 -0.065 -0.08157674
0.0045 -0.065 -0.08160347
0.005 -0.065 -0.08128407
0.0055 -0.065 -0.0807283
0.006 -0.065 -0.080014795
0.0065 -0.065 -0.079199985
0.007 -0.065 -0.07832438
0.0075 -0.065 -0.07741702
0.008 -0.065 -0.076498635
0.0085 -0.065 -0.07558388
0.009 -0.065 -0.07468303
0.0095 -0.065 -0.073803134
0.01 -0.065 -0.072948895
0.0105 -0.065 -0.07212331
0.011 -0.065 -0.07132811
0.0115 -0.065 -0.070564106
0.012 -0.065 -0.069831505
0.0125 -0.065 -0.06913002
0.013 -0.065 -0.06845905
0.0135 -0.065 -0.06781777
0.014 -0.065 -0.067205206
0.0145 -0.065 -0.0666203
0.015 -0.065 -0.06606193
0.0155 -0.065 -0.06552899
0.016 -0.065 -0.0650203
0.0165 -0.065 -0.06453481
0.017 -0.065 -0.06407143
0.0175 -0.065 -0.06362908
0.018 -0.065 -0.06320681
0.0185 -0.065 -0.06280359
0.019 -0.065 -0.062418547
0.0195 -0.065 -0.06205074
0.02 -0.065 -0.061699416
0.0205 -0.065 -0.06136371
0.021 -0.065 -0.06104291
0.0215 -0.065 -0.060736258
0.022 -0.065 -0.060443122
0.0225 -0.065 -0.0601628
0.023 -0.065 -0.059894767
0.0235 -0.065 -0.059638377
0.024 -0.065 -0.05939312
0.0245 -0.065 -0.05915844
0.025 -0.065 -0.05893385
0.0255 -0.065 -0.058718923
0.026 -0.065 -0.05851316
0.0265 -0.065 -0.058316175
0.027 -0.065 -0.058127556
0.0275 -0.065 -0.05794694
0.028 -0.065 -0.057773974
0.0285 -0.065 -0.057608273
0.029 -0.065 -0.057449523
0.0295 -0.065 -0.05729748
0.03 -0.065 -0.057151746
0.0305 -0.065 -0.057012137
0.031 -0.065 -0.056878302
0.0315 -0.065 -0.056750055
0.032 -0.065 -0.056627113
0.0325 -0.065 -0.05650926
0.033 -0.065 -0.056396272
0.0335 -0.065 -0.056287963
0.034 -0.065 -0.056184072
0.0345 -0.065 -0.05608448
0.035 -0.065 -0.055988956
0.0355 -0.065 -0.05589736
0.036 -0.065 -0.0558095
0.0365 -0.065 -0.05572522
0.037 -0.065 -0.055644404
0.0375 -0.065 -0.055566814
0.038 -0.065 -0.05549242
0.0385 -0.065 -0.055421036
0.039 -0.065 -0.055352572
0.0395 -0.065 -0.05528688
0.04 -0.065 -0.05522385
0.0405 -0.065 -0.055163365
0.041 -0.065 -0.055105302
0.0415 -0.065 -0.055049572
0.042 -0.065 -0.054996107
0.0425 -0.065 -0.054944787
0.043 -0.065 -0.0548956
0.0435 -0.065 -0.054848302
0.044 -0.065 -0.054802943
0.0445 -0.065 -0.054759424
0.045 -0.065 -0.054717604
0.0455 -0.065 -0.054677483
0.046 -0.065 -0.054639008
0.0465 -0.065 -0.054602023
0.047 -0.065 -0.054566536
0.0475 -0.065 -0.054532457
0.048 -0.065 -0.054499786
0.0485 -0.065 -0.054468367
0.049 -0.065 -0.054438215
0.0495 -0.065 -0.0544093
0.05 -0.065 -0.05438151
0.0505 -0.065 -0.054354813
0.051 -0.065 -0.054329205
0.0515 -0.065 -0.05430462
0.052 -0.065 -0.054281007
0.0525 -0.065 -0.054258306
0.053 -0.065 -0.054236528
0.0535 -0.065 -0.054215606
0.054 -0.065 -0.054195557
0.0545 -0.065 -0.054176245
0.055 -0.065 -0.054157723
0.0555 -0.065 -0.05413994
0.056 -0.065 -0.054122847
0.0565 -0.065 -0.054106478
0.057 -0.065 -0.054090727
0.0575 -0.065 -0.054075602
0.058 -0.065 -0.054061096
0.0585 -0.065 -0.054047134
0.059 -0.065 -0.05403376
0.0595 -0.065 -0.0540209
0.06 -0.065 -0.054008532
0.0605 -0.065 -0.053996716
0.061 -0.065 -0.0539853
0.0615 -0.065 -0.05397435
0.062 -0.065 -0.053963844
0.0625 -0.065 -0.05395377
0.063 -0.065 -0.053944062
0.0635 -0.065 -0.053934727
0.064 -0.065 -0.053925816
0.0645 -0.065 -0.053917218
0.065 -0.065 -0.053909
0.0655 -0.065 -0.053901073
0.066 -0.065 -0.053893458
0.0665 -0.065 -0.05388617
0.067 -0.065 -0.053879138
0.0675 -0.065 -0.053872388
0.068 -0.065 -0.0538659
0.0685 -0.065 -0.053859685
0.069 -0.065 -0.0538537
0.0695 -0.065 -0.053847965
0.07 -0.065 -0.05384245
0.0705 -0.065 -0.05383714
0.071 -0.065 -0.053832073
0.0715 -0.065 -0.053827185
0.072 -0.065 -0.05382249
0.0725 -0.065 -0.053818006
0.073 -0.065 -0.053813677
0.0735 -0.065 -0.053809498
0.074 -0.065 -0.053805504
0.0745 -0.065 -0.053801674
0.075 -0.065 -0.053798
0.0755 -0.065 -0.05379447
0.076 -0.065 -0.05379111
0.0765 -0.065 -0.053787816
0.077 -0.065 -0.053784687
0.0775 -0.065 -0.053781692
0.078 -0.065 -0.05377878
0.0785 -0.065 -0.053776007
0.079 -0.065 -0.053773317
0.0795 -0.065 -0.053770754
0.08 -0.065 -0.053768303
0.0805 -0.065 -0.053765927
0.081 -0.065 -0.053763684
0.0815 -0.065 -0.05376148
0.082 -0.065 -0.053759385
0.0825 -0.065 -0.05375739
0.083 -0.065 -0.05375549
0.0835 -0.065 -0.05375362
0.084 -0.065 -0.053751837
0.0845 -0.065 -0.053750146
0.085 -0.065 -0.053748455
0.0855 -0.065 -0.053746883
0.086 -0.065 -0.053745348
0.0865 -0.065 -0.05374388
0.087 -0.065 -0.053742465
0.0875 -0.065 -0.053741116
0.088 -0.065 -0.053739827
0.0885 -0.065 -0.053738598
0.089 -0.065 -0.053737383
0.0895 -0.065 -0.05373622
0.09 -0.065 -0.05373514
0.0905 -0.065 -0.053734075
0.091 -0.065 -0.05373307
0.0915 -0.065 -0.053732064
0.092 -0.065 -0.05373114
0.0925 -0.065 -0.053730223
0.093 -0.065 -0.05372938
0.0935 -0.065 -0.053728547
0.094 -0.065 -0.053727757
0.0945 -0.065 -0.053726975
0.095 -0.065 -0.053726252
0.0955 -0.065 -0.05372556
0.096 -0.065 -0.05372486
0.0965 -0.065 -0.05372421
0.097 -0.065 -0.053723577
0.0975 -0.065 -0.05372299
0.098 -0.065 -0.053722393
0.0985 -0.065 -0.05372187
0.099 -0.065 -0.053721335
0.0995 -0.065 -0.053720836
0.1 -0.065 -0.053736735
0.1005 -0.06496807 -0.054554764
0.101 -0.06484004 -0.055969033
0.1015 -0.06463358 -0.057800625
0.102 -0.0643744 -0.059898373
0.1025 -0.06407712 -0.06213733
0.103 -0.06374872 -0.06441665
0.1035 -0.06339242 -0.06665659
0.104 -0.06300969 -0.068795346
0.1045 -0.06260124 -0.07078617
0.105 -0.06216747 -0.072594516
0.1055 -0.06170859 -0.07419581
0.106 -0.06122241 -0.075573444
0.1065 -0.06070707 -0.07671717
0.107 -0.06016815 -0.077621594
0.1075 -0.05960715 -0.078285344
0.108 -0.05902374 -0.0787101
0.1085 -0.05841731 -0.07889981
0.109 -0.05778738 -0.078860335
0.1095 -0.05713345 -0.078598864
0.11 -0.0564552 -0.07812352
0.1105 -0.05575312 -0.07744325
0.111 -0.05502752 -0.076567315
0.1115 -0.05427849 -0.07550546
0.112 -0.05350616 -0.0742675
0.1125 -0.05271049 -0.0728632
0.113 -0.05188836 -0.0713023
0.1135 -0.05104118 -0.06959439
0.114 -0.05017247 -0.06774882
0.1145 -0.04928298 -0.06577473
0.115 -0.04837247 -0.063680865
0.1155 -0.04744061 -0.061475594
0.116 -0.04648716 -0.059167106
0.1165 -0.04551202 -0.056763325
0.117 -0.04451356 -0.054271508
0.1175 -0.04349266 -0.051698793
0.118 -0.0424514 -0.04905193
0.1185 -0.04138998 -0.046337176
0.119 -0.04030824 -0.043560613
0.1195 -0.03920523 -0.04072808
0.12 -0.03808108 -0.037844885
0.1205 -0.03693714 -0.034916002
0.121 -0.03577362 -0.03194647
0.1215 -0.0345904 -0.028940639
0.122 -0.0333874 -0.025902754
0.1225 -0.03216465 -0.022836974
0.123 -0.03092275 -0.019746935
0.1235 -0.02966661 -0.016636258
0.124 -0.02839516 -0.0135081615
0.1245 -0.02710469 -0.010365834
0.125 -0.02579402 -0.0072121522
0.1255 -0.0244653 -0.004049947
0.126 -0.02311766 -0.0008815429
0.1265 -0.02175018 0.002290348
0.127 -0.02036417 0.0054638186
0.1275 -0.01895866 0.008636454
0.128 -0.01753335 0.011806497
0.1285 -0.01608883 0.01497213
0.129 -0.01462588 0.018131563
0.1295 -0.0131452 0.021283219
0.13 -0.01164734 0.024425576
0.1305 -0.01013274 0.027557382
0.131 -0.008601705 0.030677298
0.1315 -0.007054477 0.033784013
0.132 -0.00549126 0.03687666
0.1325 -0.003912237 0.03995393
0.133 -0.002317572 0.043015134
0.1335 -0.0007074105 0.04605929
0.134 0.0009181714 0.0490856
0.1345 0.002550018 0.05209328
0.135 0.004186734 0.055081736
0.1355 0.005837241 0.058050137
0.136 0.007502173 0.060998153
0.1365 0.009186974 0.063925184
0.137 0.01089304 0.06683064
0.1375 0.01261881 0.069714166
0.138 0.01436192 0.07257555
0.1385 0.01611409 0.07541413
0.139 0.01787578 0.07822964
0.1395 0.01965305 0.08102203
0.14 0.02144751 0.083790906
0.1405 0.02325847 0.08653597
0.141 0.02508465 0.08925719
0.1415 0.02692494 0.0919543
0.142 0.02877852 0.09462721
0.1425 0.03064478 0.09727574
0.143 0.03252328 0.099899985
0.1435 0.0344138 0.1024997
0.144 0.03631623 0.1050748
0.1445 0.03823045 0.10762549
0.145 0.04014893 0.11015148
0.1455 0.04206713 0.112652995
0.146 0.04399514 0.115129925
0.1465 0.0459182 0.11758236
0.147 0.0478442 0.12001044
0.1475 0.04979087 0.12241412
0.148 0.05176275 0.12479342
0.1485 0.05375751 0.12714852
0.149 0.05577121 0.12947945
0.1495 0.05780031 0.13178633
0.15 0.05983892 0.13406904
0.1505 0.06180605 0.13629426
0.151 0.0635821 0.13846304
0.1515 0.06521557 0.14057632
0.152 0.06676123 0.142635
0.1525 0.06824688 0.14463992
0.153 0.06968528 0.14659195
0.1535 0.07108109 0.14849158
0.154 0.07243563 0.15033977
0.1545 0.07374905 0.15213703
0.155 0.07502129 0.15388404
0.1555 0.07625229 0.15558134
0.156 0.0774421 0.15722941
0.1565 0.07859079 0.15882872
0.157 0.07969853 0.16037975
0.1575 0.08076549 0.16188301
0.158 0.0817918 0.16333862
0.1585 0.08277748 0.1647472
0.159 0.08372276 0.1661088
0.1595 0.08462799 0.16742386
0.16 0.0854934 0.1686926
0.1605 0.08631906 0.16991527
0.161 0.08710525 0.17109202
0.1615 0.08784614 0.17222305
0.162 0.08852795 0.17330845
0.1625 0.08917099 0.17434837
0.163 0.08978444 0.17534293
0.1635 0.09036864 0.1762922
0.164 0.09092136 0.17719625
0.1645 0.09144031 0.17805491
0.165 0.09192384 0.1788684
0.1655 0.09237095 0.17963676
0.166 0.09278117 0.1803597
0.1665 0.09315434 0.18103726
0.167 0.09349055 0.18166958
0.1675 0.09378985 0.1822563
0.168 0.09405236 0.18279739
0.1685 0.09427852 0.18329288
0.169 0.09446882 0.18374251
0.1695 0.09462366 0.18414612
0.17 0.09474345 0.18450369
0.1705 0.09482854 0.18481477
0.171 0.09487924 0.18507959
0.1715 0.09489564 0.18529771
0.172 0.09486856 0.18546887
0.1725 0.09479935 0.18559285
0.173 0.09469868 0.1856697
0.1735 0.09456964 0.18569888
0.174 0.09441183 0.18568029
0.1745 0.09422464 0.18561386
0.175 0.09400761 0.18549909
0.1755 0.09376049 0.18533586
0.176 0.09348317 0.18512385
0.1765 0.09317562 0.18486293
0.177 0.09283792 0.18455274
0.1775 0.09247019 0.18419321
0.178 0.09207129 0.18378402
0.1785 0.09163979 0.18332483
0.179 0.09117865 0.18281557
0.1795 0.09068914 0.18225597
0.18 0.09017168 0.18164591
0.1805 0.08962641 0.18098523
0.181 0.08905341 0.18027358
0.1815 0.08845278 0.17951088
0.182 0.08782467 0.17869721
0.1825 0.08716925 0.17783226
0.183 0.08648676 0.17691611
0.1835 0.08577742 0.17594852
0.184 0.0850415 0.17492972
0.1845 0.08427927 0.17385964
0.185 0.08349101 0.17273836
0.1855 0.08267699 0.17156605
0.186 0.0818375 0.17034285
0.1865 0.08097283 0.16906907
0.187 0.08008325 0.16774486
0.1875 0.07916904 0.16637067
0.188 0.07823049 0.1649469
0.1885 0.07726787 0.1634741
0.189 0.07628146 0.1619529
0.1895 0.07527153 0.16038392
0.19 0.07423835 0.15876813
0.1905 0.07318219 0.15710624
0.191 0.07210331 0.15539958
0.1915 0.07100199 0.15364902
0.192 0.06987847 0.15185602
0.1925 0.06873303 0.15002201
0.193 0.06756592 0.14814879
0.1935 0.06637739 0.14623807
0.194 0.0651677 0.14429198
0.1945 0.0639371 0.14231266
0.195 0.06268584 0.14030267
0.1955 0.06141416 0.13826497
0.196 0.06012231 0.13620235
0.1965 0.05881054 0.1341184
0.197 0.05747907 0.13201664
0.1975 0.05612815 0.12990133
0.198 0.05475802 0.12777708
0.1985 0.0533689 0.12564863
0.199 0.05196103 0.1235216
0.1995 0.05053465 0.12140206
0.2 0.04908996 0.11929659
0.2005 0.04765913 0.11722673
0.201 0.04630656 0.11519141
0.2015 0.04501478 0.11318935
0.202 0.04375832 0.111219265
0.2025 0.04252276 0.109280266
0.203 0.04130134 0.10737092
0.2035 0.04009105 0.105490185
0.204 0.03889062 0.10363684
0.2045 0.03769955 0.10180978
0.205 0.03651767 0.10000793
0.2055 0.03534493 0.09822995
0.206 0.03418139 0.09647498
0.2065 0.03302709 0.0947418
0.207 0.03188212 0.09302933
0.2075 0.03074654 0.091336586
0.208 0.02962043 0.08966244
0.2085 0.02850384 0.08800591
0.209 0.02739684 0.086366154
0.2095 0.02629949 0.08474199
0.21 0.02521182 0.08313251
0.2105 0.02413389 0.08153681
0.211 0.02306572 0.079954065
0.2115 0.02200735 0.07838348
0.212 0.0209588 0.07682399
0.2125 0.01992009 0.07527501
0.213 0.01889124 0.0737356
0.2135 0.01787225 0.072205134
0.214 0.01686313 0.07068289
0.2145 0.01586387 0.06916807
0.215 0.01487448 0.06766013
0.2155 0.01389494 0.06615851
0.216 0.01292524 0.06466252
0.2165 0.01196537 0.06317163
0.217 0.0110153 0.061685394
0.2175 0.01007501 0.060203265
0.218 0.009144477 0.05872486
0.2185 0.008223665 0.05724972
0.219 0.007312543 0.055777486
0.2195 0.006411076 0.054307874
0.22 0.005519224 0.052840512
0.2205 0.004636947 0.051375072
0.221 0.0037642 0.049911495
0.2215 0.002900939 0.048449453
0.222 0.002047114 0.046988856
0.2225 0.001202677 0.04552951
0.223 0.0003675741 0.044071432
0.2235 -0.0004582478 0.04261447
0.224 -0.001274844 0.041158687
0.2245 -0.002082272 0.03970402
0.225 -0.002880591 0.038250577
0.2255 -0.003669861 0.036798354
0.226 -0.004450142 0.035347562
0.2265 -0.005221499 0.033898365
0.227 -0.005983994 0.032450836
0.2275 -0.006737693 0.031005332
0.228 -0.007482661 0.029561946
0.2285 -0.008218966 0.028121004
0.229 -0.008946674 0.026682848
0.2295 -0.009665856 0.025247792
0.23 -0.01037658 0.023816207
0.2305 -0.01107891 0.022388468
0.231 -0.01177293 0.020965079
0.2315 -0.0124587 0.01954625
0.232 -0.01313629 0.018132607
0.2325 -0.01380578 0.016724626
0.233 -0.01446724 0.01532265
0.2335 -0.01512074 0.013927409
0.234 -0.01576635 0.012539277
0.2345 -0.01640415 0.011158878
0.235 -0.01703421 0.009786719
0.2355 -0.01765661 0.008423338
0.236 -0.01827141 0.0070693293
0.2365 -0.01887869 0.0057252743
0.237 -0.01947852 0.0043917247
0.2375 -0.02007098 0.0030692318
0.238 -0.02065615 0.0017584213
0.2385 -0.02123408 0.0004598298
0.239 -0.02180487 -0.000826051
0.2395 -0.02236857 -0.0020985804
0.24 -0.02292527 -0.0033572367
0.2405 -0.02347503 -0.004601558
0.241 -0.02401793 -0.0058309487
0.2415 -0.02455405 -0.007044976
0.242 -0.02508344 -0.008243134
0.2425 -0.0256062 -0.009425035
0.243 -0.02612238 -0.010590201
0.2435 -0.02663205 -0.011738231
0.244 -0.0271353 -0.012868708
0.2445 -0.02763219 -0.013981333
0.245 -0.02812278 -0.015075749
0.2455 -0.02860716 -0.016151687
0.246 -0.02908538 -0.01720885
0.2465 -0.02955752 -0.018247029
0.247 -0.03002365 -0.019265926
0.2475 -0.03048383 -0.020265436
0.248 -0.03093813 -0.021245336
0.2485 -0.03138662 -0.022205597
0.249 -0.03182937 -0.023146054
0.2495 -0.03226644 -0.024066648
0.25 -0.0326979 -0.024967303
0.2505 -0.03312381 -0.025848096
0.251 -0.03354424 -0.026708951
0.2515 -0.03395925 -0.027549965
0.252 -0.03436891 -0.028371146
0.2525 -0.03477328 -0.029172635
0.253 -0.03517242 -0.029954499
0.2535 -0.03556639 -0.03071691
0.254 -0.03595526 -0.031460006
0.2545 -0.03633909 -0.03218398
0.255 -0.03671793 -0.032889012
0.2555 -0.03709185 -0.033575285
0.256 -0.03746091 -0.03424302
0.2565 -0.03782517 -0.03489249
0.257 -0.03818468 -0.035523925
0.2575 -0.0385395 -0.036137644
0.258 -0.03888969 -0.036733855
0.2585 -0.03923531 -0.0373129
0.259 -0.03957642 -0.037875045
0.2595 -0.03991306 -0.0384206
0.26 -0.04024529 -0.038949866
0.2605 -0.04057317 -0.039463166
0.261 -0.04089676 -0.039960872
0.2615 -0.0412161 -0.040443245
0.262 -0.04153125 -0.040910657
0.2625 -0.04184226 -0.04136343
0.263 -0.04214918 -0.04180188
0.2635 -0.04245207 -0.042226363
0.264 -0.04275098 -0.04263721
0.2645 -0.04304594 -0.043034736
0.265 -0.04333703 -0.043419335
0.2655 -0.04362427 -0.04379126
0.266 -0.04390773 -0.044150922
0.2665 -0.04418745 -0.044498596
0.267 -0.04446348 -0.04483461
0.2675 -0.04473587 -0.045159284
0.268 -0.04500465 -0.04547296
0.2685 -0.04526989 -0.045775887
0.269 -0.04553161 -0.04606845
0.2695 -0.04578988 -0.046350937
0.27 -0.04604472 -0.0466236
0.2705 -0.0462962 -0.04688679
0.271 -0.04654434 -0.047140803
0.2715 -0.04678919 -0.047385816
0.272 -0.0470308 -0.047622193
0.2725 -0.04726921 -0.047850195
0.273 -0.04750446 -0.04807009
0.2735 -0.04773658 -0.048282105
0.274 -0.04796563 -0.048486482
0.2745 -0.04819163 -0.048683565
0.275 -0.04841463 -0.048873495
0.2755 -0.04863468 -0.049056534
0.276 -0.0488518 -0.04923289
0.2765 -0.04906603 -0.04940283
0.277 -0.04927742 -0.049566556
0.2775 -0.04948599 -0.04972424
0.278 -0.0496918 -0.049876157
0.2785 -0.04989486 -0.05002245
0.279 -0.05009523 -0.050163355
0.2795 -0.05029292 -0.050299022
0.28 -0.05048799 -0.050429646
0.2805 -0.05068046 -0.050555397
0.281 -0.05087037 -0.05067644
0.2815 -0.05105775 -0.050792973
0.282 -0.05124264 -0.050905127
0.2825 -0.05142506 -0.051013056
0.283 -0.05160505 -0.051116925
0.2835 -0.05178264 -0.05121691
0.284 -0.05195787 -0.051313106
0.2845 -0.05213076 -0.051405672
0.285 -0.05230135 -0.051494714
0.2855 -0.05246967 -0.051580343
0.286 -0.05263574 -0.05166276
0.2865 -0.05279959 -0.05174202
0.287 -0.05296127 -0.051818263
0.2875 -0.05312078 -0.0518916
0.288 -0.05327817 -0.051962156
0.2885 -0.05343346 -0.05203
0.289 -0.05358668 -0.05209526
0.2895 -0.05373786 -0.052157942
0.29 -0.05388702 -0.05221827
0.2905 -0.05403419 -0.052276332
0.291 -0.05417939 -0.0523321
0.2915 -0.05432266 -0.052385736
0.292 -0.05446402 -0.052437287
0.2925 -0.0546035 -0.052486856
0.293 -0.05474111 -0.052534524
0.2935 -0.05487688 -0.05258033
0.294 -0.05501085 -0.052624386
0.2945 -0.05514303 -0.052666698
0.295 -0.05527344 -0.052707415
0.2955 -0.05540211 -0.052746575
0.296 -0.05552907 -0.05278415
0.2965 -0.05565434 -0.0528203
0.297 -0.05577793 -0.052855026
0.2975 -0.05589987 -0.052888427
0.298 -0.05602019 -0.05292054
0.2985 -0.0561389 -0.05295139
0.299 -0.05625603 -0.052981023
0.2995 -0.0563716 -0.053009506
0.3 -0.05648562 -0.053036872
0.3005 -0.05659813 -0.053063203
0.301 -0.05670913 -0.05308852
0.3015 -0.05681865 -0.053112824
0.302 -0.05692671 -0.05313619
0.3025 -0.05703334 -0.053158607
0.303 -0.05713854 -0.053180177
0.3035 -0.05724233 -0.053200882
0.304 -0.05734475 -0.05322082
0.3045 -0.05744579 -0.053239975
0.305 -0.05754549 -0.053258363
0.3055 -0.05764387 -0.05327603
0.306 -0.05774093 -0.05329304
0.3065 -0.05783669 -0.05330931
0.307 -0.05793118 -0.053325
0.3075 -0.05802441 -0.053340044
0.308 -0.0581164 -0.053354535
0.3085 -0.05820717 -0.053368423
0.309 -0.05829672 -0.053381797
0.3095 -0.05838508 -0.053394604
0.31 -0.05847226 -0.053406928
0.3105 -0.05855829 -0.05341876
0.311 -0.05864317 -0.053430174
0.3115 -0.05872691 -0.053441104
0.312 -0.05880954 -0.0534516
0.3125 -0.05889108 -0.053461675
0.313 -0.05897152 -0.053471375
0.3135 -0.0590509 -0.053480733
0.314 -0.05912922 -0.053489674
0.3145 -0.0592065 -0.05349828
0.315 -0.05928274 -0.05350655
0.3155 -0.05935798 -0.053514484
0.316 -0.05943221 -0.05352213
0.3165 -0.05950546 -0.053529475
0.317 -0.05957773 -0.053536486
0.3175 -0.05964904 -0.053543296
0.318 -0.0597194 -0.053549763
0.3185 -0.05978883 -0.053556
0.319 -0.05985734 -0.053562004
0.3195 -0.05992493 -0.05356775
0.32 -0.05999163 -0.053573284
0.3205 -0.06005744 -0.053578597
0.321 -0.06012237 -0.053583737
0.3215 -0.06018644 -0.05358864
0.322 -0.06024966 -0.05359334
0.3225 -0.06031205 -0.053597864
0.323 -0.0603736 -0.053602222
0.3235 -0.06043434 -0.053606395
0.324 -0.06049427 -0.053610396
0.3245 -0.0605534 -0.05361424
0.325 -0.06061175 -0.053617943
0.3255 -0.06066932 -0.05362154
0.326 -0.06072614 -0.05362496
0.3265 -0.06078219 -0.053628262
0.327 -0.06083751 -0.0536314
0.3275 -0.06089209 -0.05363443
0.328 -0.06094594 -0.05363733
0.3285 -0.06099909 -0.053640116
0.329 -0.06105153 -0.053642813
0.3295 -0.06110327 -0.05364542
0.33 -0.06115433 -0.053647872
0.3305 -0.06120471 -0.053650256
0.331 -0.06125442 -0.05365256
0.3315 -0.06130348 -0.05365474
0.332 -0.06135188 -0.053656835
0.3325 -0.06139965 -0.053658884
0.333 -0.06144678 -0.05366083
0.3335 -0.06149329 -0.0536627
0.334 -0.06153918 -0.053664494
0.3345 -0.06158446 -0.053666238
0.335 -0.06162915 -0.0536679
0.3355 -0.06167324 -0.053669464
0.336 -0.06171675 -0.053671014
0.3365 -0.06175969 -0.053672474
0.337 -0.06180206 -0.053673882
0.3375 -0.06184387 -0.05367523
0.338 -0.06188512 -0.053676534
0.3385 -0.06192583 -0.05367777
0.339 -0.061966 -0.053679008
0.3395 -0.06200564 -0.05368017
0.34 -0.06204476 -0.053681266
0.3405 -0.06208336 -0.05368233
0.341 -0.06212145 -0.05368338
0.3415 -0.06215904 -0.053684343
0.342 -0.06219613 -0.05368528
0.3425 -0.06223273 -0.05368619
0.343 -0.06226885 -0.05368707
0.3435 -0.06230449 -0.053687897
0.344 -0.06233967 -0.0536887
0.3445 -0.06237437 -0.0536895
0.345 -0.06240862 -0.053690273
0.3455 -0.06244242 -0.05369096
0.346 -0.06247577 -0.053691674
0.3465 -0.06250869 -0.0536923
0.347 -0.06254117 -0.05369292
0.3475 -0.06257322 -0.053693544
0.348 -0.06260485 -0.053694125
0.3485 -0.06263606 -0.05369467
0.349 -0.06266686 -0.053695228
0.3495 -0.06269725 -0.053695712
0.35 -0.06272725 -0.053696234
0.3505 -0.06275685 -0.053696696
0.351 -0.06278606 -0.053697173
0.3515 -0.06281488 -0.053697605
0.352 -0.06284333 -0.053698022
0.3525 -0.0628714 -0.05369844
0.353 -0.0628991 -0.05369882
0.3535 -0.06292644 -0.053699207
0.354 -0.06295342 -0.05369955
0.3545 -0.06298005 -0.053699885
0.355 -0.06300632 -0.053700242
0.3555 -0.06303225 -0.053700548
0.356 -0.06305784 -0.05370084
0.3565 -0.06308309 -0.053701136
0.357 -0.06310801 -0.05370142
0.3575 -0.0631326 -0.053701703
0.358 -0.06315687 -0.053701956
0.3585 -0.06318082 -0.053702224
0.359 -0.06320446 -0.053702433
0.3595 -0.06322778 -0.05370268
0.36 -0.0632508 -0.05370291
0.3605 -0.06327352 -0.053703103
0.361 -0.06329594 -0.05370331
0.3615 -0.06331806 -0.05370349
0.362 -0.0633399 -0.0537037
0.3625 -0.06336145 -0.05370387
0.363 -0.06338271 -0.053704035
0.3635 -0.0634037 -0.05370419
0.364 -0.06342441 -0.053704355
0.3645 -0.06344485 -0.053704504
0.365 -0.06346502 -0.05370466
0.3655 -0.06348493 -0.053704802
0.366 -0.06350458 -0.05370495
0.3665 -0.06352397 -0.053705078
0.367 -0.06354311 -0.05370522
0.3675 -0.06356199 -0.05370534
0.368 -0.06358063 -0.053705465
0.3685 -0.06359902 -0.05370559
0.369 -0.06361718 -0.05370569
0.3695 -0.06363509 -0.053705808
0.37 -0.06365277 -0.05370589
0.3705 -0.06367022 -0.053706
0.371 -0.06368745 -0.053706076
0.3715 -0.06370444 -0.053706173
0.372 -0.06372122 -0.05370624
0.3725 -0.06373777 -0.053706337
0.373 -0.06375411 -0.053706404
0.3735 -0.06377024 -0.05370648
0.374 -0.06378615 -0.05370656
0.3745 -0.06380186 -0.05370665
0.375 -0.06381736 -0.053706694
0.3755 -0.06383266 -0.05370676
0.376 -0.06384776 -0.0537068
0.3765 -0.06386266 -0.053706843
0.377 -0.06387736 -0.053706925
0.3775 -0.06389188 -0.053706978
0.378 -0.0639062 -0.05370703
0.3785 -0.06392034 -0.053707067
0.379 -0.0639343 -0.053707134
0.3795 -0.06394807 -0.053707156
0.38 -0.06396166 -0.053707246
0.3805 -0.06397508 -0.053707313
0.381 -0.06398832 -0.053707328
0.3815 -0.06400139 -0.053707387
0.382 -0.06401428 -0.053707402
0.3825 -0.06402701 -0.053707425
0.383 -0.06403957 -0.05370746
0.3835 -0.06405197 -0.0537075
0.384 -0.06406421 -0.05370755
0.3845 -0.06407629 -0.05370756
0.385 -0.06408821 -0.05370761
0.3855 -0.06409998 -0.053707633
0.386 -0.06411159 -0.053707633
0.3865 -0.06412305 -0.05370767
0.387 -0.06413436 -0.053707685
0.3875 -0.06414553 -0.053707693
0.388 -0.06415655 -0.053707737
0.3885 -0.06416742 -0.053707737
0.389 -0.06417816 -0.053707767
0.3895 -0.06418875 -0.053707812
0.39 -0.06419921 -0.053707827
0.3905 -0.06420953 -0.053707834
0.391 -0.06421972 -0.05370784
0.3915 -0.06422977 -0.05370787
0.392 -0.0642397 -0.0537079
0.3925 -0.06424949 -0.0537079
0.393 -0.06425916 -0.053707946
0.3935 -0.0642687 -0.05370794
0.394 -0.06427812 -0.053707976
0.3945 -0.06428742 -0.053707976
0.395 -0.06429659 -0.053708
0.3955 -0.06430565 -0.053708006
0.396 -0.06431459 -0.053708013
0.3965 -0.06432341 -0.053708035
0.397 -0.06433212 -0.05370805
0.3975 -0.06434071 -0.053708065
0.398 -0.06434919 -0.053708065
0.3985 -0.06435757 -0.05370808
0.399 -0.06436583 -0.053708095
0.3995 -0.06437399 -0.053708095
0.4 -0.06438204 -0.053708088
0.4005 -0.06438999 -0.053708117
0.401 -0.06439783 -0.053708117
0.4015 -0.06440557 -0.053708132
0.402 -0.06441321 -0.053708162
0.4025 -0.06442076 -0.053708162
0.403 -0.0644282 -0.053708177
0.4035 -0.06443555 -0.053708177
0.404 -0.0644428 -0.053708185
0.4045 -0.06444996 -0.053708192
0.405 -0.06445703 -0.053708214
0.4055 -0.064464 -0.053708207
0.406 -0.06447089 -0.0537082
0.4065 -0.06447769 -0.053708192
0.407 -0.06448439 -0.05370817
0.4075 -0.06449101 -0.053708155
0.408 -0.06449755 -0.053708185
0.4085 -0.064504 -0.053708207
0.409 -0.06451037 -0.053708214
0.4095 -0.06451665 -0.053708214
0.41 -0.06452285 -0.05370823
0.4105 -0.06452898 -0.053708214
0.411 -0.06453502 -0.05370823
0.4115 -0.06454099 -0.053708244
0.412 -0.06454688 -0.053708274
0.4125 -0.06455269 -0.05370829
0.413 -0.06455843 -0.053708304
0.4135 -0.06456409 -0.05370832
0.414 -0.06456968 -0.05370832
0.4145 -0.0645752 -0.05370832
0.415 -0.06458064 -0.05370832
0.4155 -0.06458602 -0.05370832
0.416 -0.06459133 -0.053708334
0.4165 -0.06459656 -0.053708334
0.417 -0.06460173 -0.053708334
0.4175 -0.06460684 -0.053708334
0.418 -0.06461188 -0.053708334
0.4185 -0.06461685 -0.053708334
0.419 -0.06462176 -0.053708334
0.4195 -0.0646266 -0.053708334
0.42 -0.06463139 -0.053708334
0.4205 -0.06463611 -0.053708334
0.421 -0.06464077 -0.053708334
0.4215 -0.06464537 -0.053708334
0.422 -0.06464991 -0.053708334
0.4225 -0.06465439 -0.053708334
0.423 -0.06465881 -0.053708334
0.4235 -0.06466318 -0.053708334
0.424 -0.06466749 -0.053708334
0.4245 -0.06467175 -0.053708334
0.425 -0.06467595 -0.053708334
0.4255 -0.06468009 -0.053708334
0.426 -0.06468419 -0.053708334
0.4265 -0.06468823 -0.053708334
0.427 -0.06469222 -0.053708334
0.4275 -0.06469615 -0.053708334
0.428 -0.06470004 -0.053708334
0.4285 -0.06470387 -0.053708334
0.429 -0.06470766 -0.053708334
0.4295 -0.0647114 -0.053708334
0.43 -0.06471509 -0.053708334
0.4305 -0.06471873 -0.053708334
0.431 -0.06472233 -0.053708334
0.4315 -0.06472588 -0.053708334
0.432 -0.06472938 -0.053708334
0.4325 -0.06473284 -0.053708334
0.433 -0.06473625 -0.053708334
0.4335 -0.06473962 -0.053708334
0.434 -0.06474295 -0.053708334
0.4345 -0.06474623 -0.053708334
0.435 -0.06474947 -0.053708334
0.4355 -0.06475267 -0.053708334
0.436 -0.06475583 -0.053708334
0.4365 -0.06475895 -0.053708334
0.437 -0.06476203 -0.053708334
0.4375 -0.06476507 -0.053708334
0.438 -0.06476807 -0.053708334
0.4385 -0.06477103 -0.053708334
0.439 -0.06477395 -0.053708334
0.4395 -0.06477683 -0.053708334
0.44 -0.06477968 -0.053708334
0.4405 -0.06478249 -0.053708334
0.441 -0.06478527 -0.053708334
0.4415 -0.06478801 -0.053708334
0.442 -0.06479071 -0.053708334
0.4425 -0.06479338 -0.053708334
0.443 -0.06479602 -0.053708334
0.4435 -0.06479862 -0.053708334
0.444 -0.06480119 -0.053708334
0.4445 -0.06480373 -0.053708334
0.445 -0.06480623 -0.053708334
0.4455 -0.0648087 -0.053708334
0.446 -0.06481114 -0.053708334
0.4465 -0.06481355 -0.053708334
0.447 -0.06481592 -0.053708334
0.4475 -0.06481827 -0.053708334
0.448 -0.06482059 -0.053708334
0.4485 -0.06482287 -0.053708334
0.449 -0.06482513 -0.053708334
0.4495 -0.06482736 -0.053708334
0.45 -0.06482956 -0.053708334
0.4505 -0.06483173 -0.053708334
0.451 -0.06483387 -0.053708334
0.4515 -0.06483599 -0.053708334
0.452 -0.06483808 -0.053708334
0.4525 -0.06484014 -0.053708334
0.453 -0.06484218 -0.053708334
0.4535 -0.06484419 -0.053708334
0.454 -0.06484617 -0.053708334
0.4545 -0.06484813 -0.053708334
0.455 -0.06485006 -0.053708334
0.4555 -0.06485197 -0.053708334
0.456 -0.06485386 -0.053708334
0.4565 -0.06485572 -0.053708334
0.457 -0.06485755 -0.053708334
0.4575 -0.06485937 -0.053708334
0.458 -0.06486116 -0.053708334
0.4585 -0.06486292 -0.053708334
0.459 -0.06486467 -0.053708334
0.4595 -0.06486639 -0.053708334
0.46 -0.06486809 -0.053708334
0.4605 -0.06486977 -0.053708334
0.461 -0.06487142 -0.053708334
0.4615 -0.06487306 -0.053708334
0.462 -0.06487467 -0.053708334
0.4625 -0.06487627 -0.053708334
0.463 -0.06487784 -0.053708334
0.4635 -0.0648794 -0.053708334
0.464 -0.06488093 -0.053708334
0.4645 -0.06488244 -0.053708334
0.465 -0.06488394 -0.053708334
0.4655 -0.06488541 -0.053708334
0.466 -0.06488687 -0.053708334
0.4665 -0.06488831 -0.053708334
0.467 -0.06488973 -0.053708334
0.4675 -0.06489113 -0.053708334
0.468 -0.06489251 -0.053708334
0.4685 -0.06489388 -0.053708334
0.469 -0.06489523 -0.053708334
0.4695 -0.06489656 -0.053708334
0.47 -0.06489787 -0.053708334
0.4705 -0.06489917 -0.053708334
0.471 -0.06490045 -0.053708334
0.4715 -0.06490171 -0.053708334
0.472 -0.06490296 -0.053708334
0.4725 -0.0649042 -0.053708334
0.473 -0.06490541 -0.053708334
0.4735 -0.06490661 -0.053708334
0.474 -0.0649078 -0.053708334
0.4745 -0.06490897 -0.053708334
0.475 -0.06491013 -0.053708334
0.4755 -0.06491127 -0.053708334
0.476 -0.06491239 -0.053708334
0.4765 -0.06491351 -0.053708334
0.477 -0.0649146 -0.053708334
0.4775 -0.06491569 -0.053708334
0.478 -0.06491676 -0.053708334
0.4785 -0.06491781 -0.053708334
0.479 -0.06491886 -0.053708334
0.4795 -0.06491989 -0.053708334
0.48 -0.0649209 -0.053708334
0.4805 -0.06492191 -0.053708334
0.481 -0.0649229 -0.053708334
0.4815 -0.06492387 -0.053708334
0.482 -0.06492484 -0.053708334
0.4825 -0.06492579 -0.053708334
0.483 -0.06492673 -0.053708334
0.4835 -0.06492766 -0.053708334
0.484 -0.06492858 -0.053708334
0.4845 -0.06492949 -0.053708334
0.485 -0.06493038 -0.053708334
0.4855 -0.06493126 -0.053708334
0.486 -0.06493214 -0.053708334
0.4865 -0.064933 -0.053708334
0.487 -0.06493385 -0.053708334
0.4875 -0.06493468 -0.053708334
0.488 -0.06493551 -0.053708334
0.4885 -0.06493633 -0.053708334
0.489 -0.06493714 -0.053708334
0.4895 -0.06493793 -0.053708334
0.49 -0.06493872 -0.053708334
0.4905 -0.0649395 -0.053708334
0.491 -0.06494026 -0.053708334
0.4915 -0.06494102 -0.053708334
0.492 -0.06494177 -0.053708334
0.4925 -0.0649425 -0.053708334
0.493 -0.06494323 -0.053708334
0.4935 -0.06494395 -0.053708334
0.494 -0.06494466 -0.053708334
0.4945 -0.06494536 -0.053708334
0.495 -0.06494605 -0.053708334
0.4955 -0.06494674 -0.053708334
0.496 -0.06494741 -0.053708334
0.4965 -0.06494808 -0.053708334
0.497 -0.06494874 -0.053708334
0.4975 -0.06494938 -0.053708334
0.498 -0.06495003 -0.053708334
0.4985 -0.06495066 -0.053708334
0.499 -0.06495128 -0.053708334
0.4995 -0.0649519 -0.053708334
