0.0 -0.065 -0.03170023
0.0005 -0.06343026 -0.045998298
0.001 -0.06025506 -0.051376667
0.0015 -0.05748607 -0.052294184
0.002 -0.05531604 -0.050828006
0.0025 -0.05351572 -0.048050974
0.003 -0.05189973 -0.044556547
0.0035 -0.05036657 -0.040688608
0.004 -0.04886687 -0.03665297
0.0045 -0.04737992 -0.03257506
0.005 -0.04589989 -0.02853199
0.0055 -0.04441918 -0.024570873
0.006 -0.04293421 -0.020719862
0.0065 -0.04144672 -0.016994854
0.007 -0.03995793 -0.013403958
0.0075 -0.03846594 -0.009950077
0.008 -0.03697163 -0.006632691
0.0085 -0.03547501 -0.0034492216
0.009 -0.03397749 -0.00039558625
0.0095 -0.03247902 0.0025328496
0.01 -0.03097778 0.0053413906
0.0105 -0.0294737 0.008035416
0.011 -0.02796798 0.010620439
0.0115 -0.0264622 0.013101781
0.012 -0.02495787 0.01548467
0.0125 -0.02345622 0.017774174
0.013 -0.02195782 0.01997506
0.0135 -0.02046329 0.02209186
0.014 -0.01897359 0.024128983
0.0145 -0.01748973 0.026090572
0.015 -0.01601247 0.027980367
0.0155 -0.01454236 0.029802153
0.016 -0.01307976 0.03155918
0.0165 -0.01162498 0.033254784
0.017 -0.01017848 0.034892034
0.0175 -0.008744425 0.036473613
0.018 -0.007330421 0.038002443
0.0185 -0.005927829 0.039480817
0.019 -0.004530719 0.04091127
0.0195 -0.003137911 0.042295944
0.02 -0.001750348 0.04363705
0.0205 -0.0003694855 0.04493646
0.021 0.001003267 0.046196204
0.0215 0.002366953 0.04741792
0.022 0.003720857 0.048603278
0.0225 0.005064517 0.049753826
0.023 0.006397594 0.050871115
0.0235 0.007719885 0.051956516
0.024 0.009031247 0.05301131
0.0245 0.01033156 0.054036807
0.025 0.01162072 0.05503417
0.0255 0.01289853 0.056004565
0.026 0.01415307 0.05694906
0.0265 0.01538016 0.05786861
0.027 0.01659441 0.05876429
0.0275 0.0178034 0.059636813
0.028 0.01900835 0.06048725
0.0285 0.02020788 0.061316382
0.029 0.02140013 0.06212492
0.0295 0.02258355 0.06291375
0.03 0.023757 0.06368337
0.0305 0.02491973 0.064434774
0.031 0.02607128 0.06516815
0.0315 0.02721138 0.06588454
0.032 0.02833987 0.066584356
0.0325 0.02945491 0.0672682
0.033 0.03054891 0.06793658
0.0335 0.03162184 0.06859005
0.034 0.0326831 0.069229044
0.0345 0.0337377 0.06985406
0.035 0.03478647 0.0704656
0.0355 0.03582835 0.07106406
0.036 0.03685945 0.07164989
0.0365 0.0378714 0.07222343
0.037 0.03886953 0.07278509
0.0375 0.03985938 0.07333515
0.038 0.04084244 0.073874034
0.0385 0.04181811 0.07440219
0.039 0.04278527 0.07491965
0.0395 0.04374293 0.07542706
0.04 0.04469041 0.07592446
0.0405 0.04562693 0.07641227
0.041 0.04654698 0.076890655
0.0415 0.04745079 0.07736007
0.042 0.04834338 0.077820666
0.0425 0.04922748 0.07827271
0.043 0.05010362 0.078716375
0.0435 0.05097136 0.079151936
0.044 0.05181879 0.0795796
0.0445 0.05264825 0.07999957
0.045 0.05347274 0.0804121
0.0455 0.05429432 0.08081738
0.046 0.05511139 0.08121551
0.0465 0.05592198 0.08160678
0.047 0.05672454 0.08199132
0.0475 0.05751808 0.082369305
0.048 0.05830212 0.08274088
0.0485 0.05907648 0.08310629
0.049 0.05984112 0.08346564
0.0495 0.06059607 0.08381901
0.05 0.06134142 0.08416665
0.0505 0.06207728 0.084508695
0.051 0.06280377 0.08484519
0.0515 0.06352105 0.08517633
0.052 0.06422921 0.085502245
0.0525 0.06492839 0.085823126
0.053 0.06561855 0.08613894
0.0535 0.06629959 0.08644984
0.054 0.06697171 0.08675609
0.0545 0.06763516 0.08705763
0.055 0.06828684 0.08735476
0.0555 0.06892642 0.087647386
0.056 0.0695583 0.087935634
0.0565 0.07018429 0.08821971
0.057 0.07080445 0.08849958
0.0575 0.07141827 0.08877549
0.058 0.07202522 0.08904732
0.0585 0.07262492 0.08931536
0.059 0.07321714 0.0895795
0.0595 0.0738014 0.08984003
0.06 0.07437755 0.09009678
0.0605 0.07494596 0.09035016
0.061 0.07550704 0.09059993
0.0615 0.07606104 0.09084625
0.062 0.07660806 0.091089346
0.0625 0.0771481 0.091329165
0.063 0.07768051 0.091565765
0.0635 0.07820512 0.09179918
0.064 0.07872181 0.09202955
0.0645 0.07923007 0.09225694
0.065 0.07973048 0.09248126
0.0655 0.08022408 0.092702724
0.066 0.08071162 0.09292147
0.0665 0.08119354 0.09313739
0.067 0.08166998 0.0933506
0.0675 0.08214094 0.09356106
0.068 0.08260638 0.09376887
0.0685 0.08306624 0.09397415
0.069 0.08351986 0.094176956
0.0695 0.08395874 0.09437723
0.07 0.08438355 0.094575115
0.0705 0.08480171 0.09477065
0.071 0.08521532 0.0949638
0.0715 0.08562292 0.09515471
0.072 0.08602587 0.09534336
0.0725 0.086418 0.09552983
0.073 0.0868053 0.09571401
0.0735 0.08719325 0.09589613
0.074 0.08758267 0.09607626
0.0745 0.08797218 0.09625418
0.075 0.08836001 0.09643013
0.0755 0.08874474 0.09660403
0.076 0.08912538 0.096775986
0.0765 0.08950135 0.09694616
0.077 0.08987235 0.09711436
0.0775 0.09023824 0.09728072
0.078 0.09059902 0.0974452
0.0785 0.09095471 0.09760801
0.079 0.09130541 0.09776903
0.0795 0.0916512 0.09792829
0.08 0.09199218 0.09808592
0.0805 0.09232845 0.0982419
0.081 0.09266011 0.09839622
0.0815 0.09298723 0.09854887
0.082 0.09330991 0.098700054
0.0825 0.09362805 0.09884963
0.083 0.09394055 0.09899766
0.0835 0.0942388 0.09914417
0.084 0.09452599 0.09928916
0.0845 0.09481056 0.09943283
0.085 0.09509524 0.09957487
0.0855 0.09537668 0.09971554
0.086 0.09565679 0.09985495
0.0865 0.09593617 0.09999294
0.087 0.09621428 0.10012955
0.0875 0.09649044 0.100264765
0.088 0.09676407 0.10039873
0.0885 0.09703477 0.100531496
0.089 0.09730227 0.100662954
0.0895 0.09756642 0.10079301
0.09 0.09782714 0.100922026
0.0905 0.09808442 0.10104973
0.091 0.09833824 0.10117633
0.0915 0.09858865 0.10130171
0.092 0.09883568 0.10142604
0.0925 0.09907939 0.101549126
0.093 0.09931979 0.10167117
0.0935 0.09954165 0.101792105
0.094 0.09974361 0.10191185
0.0945 0.09994605 0.10203061
0.095 0.1001553 0.10214845
0.0955 0.1003708 0.1022651
0.096 0.1005897 0.10238073
0.0965 0.1008097 0.10249535
0.097 0.1010287 0.10260896
0.0975 0.1012456 0.10272167
0.098 0.1014599 0.10283334
0.0985 0.101671 0.10294411
0.099 0.1018788 0.103053845
0.0995 0.1020835 0.10316277
0.1 0.102285 0.106207795
0.1005 0.1137696 0.10918281
0.101 0.1259139 0.112090446
0.1015 0.1336082 0.1149332
0.102 0.1386679 0.11771346
0.1025 0.1424985 0.12043355
0.103 0.1457791 0.12309558
0.1035 0.1488043 0.12570159
0.104 0.1516976 0.12825356
0.1045 0.1545109 0.1307533
0.105 0.1572676 0.13320242
0.1055 0.1599791 0.13560276
0.106 0.162651 0.13795562
0.1065 0.1652865 0.14026289
0.107 0.1678875 0.14252554
0.1075 0.1704554 0.1447451
0.108 0.1729911 0.14692305
0.1085 0.1754955 0.14906035
0.109 0.1779694 0.15115838
0.1095 0.18041 0.15321814
0.11 0.1828135 0.15290414
0.1105 0.1738273 0.15260471
0.111 0.1641089 0.15231968
0.1115 0.1588479 0.15204842
0.112 0.1562651 0.15179075
0.1125 0.1549447 0.15154614
0.113 0.1541881 0.15131424
0.1135 0.153685 0.15109472
0.114 0.1532998 0.15088715
0.1145 0.1529723 0.15069132
0.115 0.1526751 0.15050687
0.1155 0.1523956 0.15033345
0.116 0.1521275 0.1501707
0.1165 0.1518677 0.15001832
0.117 0.1516145 0.14987604
0.1175 0.1513671 0.1497436
0.118 0.1511236 0.14962058
0.1185 0.1508722 0.14950694
0.119 0.1506178 0.14940213
0.1195 0.150371 0.14930616
0.12 0.1501354 0.15143059
0.1205 0.1612604 0.15351735
0.121 0.1730801 0.15556757
0.1215 0.1804075 0.15758212
0.122 0.1850482 0.159562
0.1225 0.1884205 0.16150816
0.123 0.19122 0.16342135
0.1235 0.1937536 0.1653025
0.124 0.1961535 0.16715239
0.1245 0.198477 0.16897188
0.125 0.2007497 0.1707616
0.1255 0.2029763 0.17252241
0.126 0.2051392 0.17425491
0.1265 0.2072629 0.17595975
0.127 0.2093675 0.17763765
0.1275 0.2114582 0.17928924
0.128 0.2135335 0.18091495
0.1285 0.2155905 0.18251567
0.129 0.2175917 0.1840917
0.1295 0.219522 0.1856436
0.13 0.2214328 0.18513002
0.1305 0.2120003 0.18463193
0.131 0.2018887 0.18414928
0.1315 0.1962656 0.18368156
0.132 0.1933169 0.18322839
0.1325 0.191621 0.18278952
0.133 0.1904808 0.18236451
0.1335 0.1895882 0.18195318
0.134 0.1888103 0.18155499
0.1345 0.1880871 0.18116976
0.135 0.1873837 0.18079711
0.1355 0.1866964 0.18043672
0.136 0.1860272 0.18008836
0.1365 0.1853744 0.17975183
0.137 0.1847087 0.17942663
0.1375 0.1840378 0.17911254
0.138 0.183389 0.17880936
0.1385 0.1827654 0.17851676
0.139 0.1821618 0.17823447
0.1395 0.1815734 0.17796232
0.14 0.1809964 0.17963393
0.1405 0.1917834 0.18127997
0.141 0.2032682 0.18290128
0.1415 0.2102575 0.18449809
0.142 0.2145577 0.186071
0.1425 0.2175892 0.18762074
0.143 0.2200491 0.18914749
0.1435 0.2222435 0.19065197
0.144 0.2242813 0.19213451
0.1445 0.2262288 0.19359569
0.145 0.2281339 0.19503574
0.1455 0.230016 0.1964552
0.146 0.2318802 0.19785471
0.1465 0.2337257 0.19923426
0.147 0.2355405 0.20059456
0.1475 0.2373231 0.20193578
0.148 0.2390822 0.20325847
0.1485 0.240822 0.20456277
0.149 0.2425429 0.20584919
0.1495 0.2442114 0.20711805
0.15 0.2458344 0.20633943
0.1505 0.2360769 0.20557354
0.151 0.2255855 0.20482005
0.1515 0.2195746 0.20407899
0.152 0.2162459 0.2033499
0.1525 0.2141774 0.20263268
0.153 0.212637 0.20192699
0.1535 0.2113036 0.20123278
0.154 0.2100917 0.20054974
0.1545 0.2089589 0.19987766
0.155 0.2078779 0.19921644
0.1555 0.2068305 0.19856568
0.156 0.2058051 0.19792537
0.1565 0.2047944 0.19729526
0.157 0.2037939 0.19667505
0.1575 0.2028015 0.19606479
0.158 0.2018162 0.19546409
0.1585 0.2008376 0.19487281
0.159 0.1998658 0.19429086
0.1595 0.1989009 0.19371812
0.16 0.1979431 0.19315423
0.1605 0.1969925 0.1925991
0.161 0.1960492 0.19205256
0.1615 0.1951135 0.19151445
0.162 0.1941854 0.19098459
0.1625 0.193265 0.19046287
0.163 0.1923524 0.18994932
0.1635 0.1914477 0.1894434
0.164 0.1905509 0.18894516
0.1645 0.1896621 0.18845467
0.165 0.1887813 0.1879714
0.1655 0.1879086 0.18749537
0.166 0.187044 0.18702658
0.1665 0.1861876 0.18656461
0.167 0.1853392 0.18610956
0.1675 0.184499 0.18566142
0.168 0.183667 0.18521963
0.1685 0.1828431 0.18478452
0.169 0.1820274 0.18435572
0.1695 0.1812199 0.18393312
0.17 0.1804205 0.18351679
0.1705 0.1796292 0.18310638
0.171 0.1788461 0.18270175
0.1715 0.178071 0.18230303
0.172 0.177304 0.18191
0.1725 0.1765451 0.1815225
0.173 0.1757942 0.18114041
0.1735 0.1750514 0.1807638
0.174 0.1743164 0.18039234
0.1745 0.1735895 0.18002604
0.175 0.1728704 0.17966478
0.1755 0.1721591 0.1793087
0.176 0.1714557 0.17895739
0.1765 0.1707601 0.17861097
0.177 0.1700722 0.17826916
0.1775 0.1693921 0.17793201
0.178 0.1687195 0.17759942
0.1785 0.1680546 0.17727129
0.179 0.1673972 0.17694743
0.1795 0.1667474 0.17662792
0.18 0.166105 0.17631258
0.1805 0.16547 0.17600144
0.181 0.1648423 0.17569445
0.1815 0.164222 0.17539124
0.182 0.1636089 0.17509215
0.1825 0.163003 0.17479677
0.183 0.1624042 0.17450519
0.1835 0.1618126 0.17421736
0.184 0.1612279 0.17393307
0.1845 0.1606502 0.17365246
0.185 0.1600795 0.17337526
0.1855 0.1595156 0.17310153
0.186 0.1589584 0.17283116
0.1865 0.158408 0.17256416
0.187 0.1578643 0.1723005
0.1875 0.1573272 0.17204003
0.188 0.1567967 0.17178269
0.1885 0.1562727 0.17152832
0.189 0.1557551 0.17127712
0.1895 0.1552439 0.17102893
0.19 0.154739 0.1707836
0.1905 0.1542403 0.17054118
0.191 0.1537478 0.17030151
0.1915 0.1532615 0.17006467
0.192 0.1527813 0.16983055
0.1925 0.152307 0.16959913
0.193 0.1518388 0.16937034
0.1935 0.1513764 0.1691442
0.194 0.1509198 0.16892059
0.1945 0.150469 0.16869946
0.195 0.1500239 0.16848089
0.1955 0.1495845 0.16826458
0.196 0.1491507 0.16805084
0.1965 0.1487224 0.16783927
0.197 0.1482995 0.16763012
0.1975 0.1478821 0.16742323
0.198 0.14747 0.16721849
0.1985 0.1470632 0.16701593
0.199 0.1466617 0.1668156
0.1995 0.1462653 0.16661738
0.2 0.1458741 0.16397516
0.2005 0.1439379 0.16137321
0.201 0.1404484 0.15881224
0.2015 0.1373888 0.15629299
0.202 0.1349363 0.15381633
0.2025 0.1328595 0.15138297
0.203 0.1309727 0.14899348
0.2035 0.1291749 0.14664848
0.204 0.1274177 0.14434858
0.2045 0.1256793 0.14209427
0.205 0.1239501 0.13988589
0.2055 0.1222263 0.13772373
0.206 0.1205065 0.13560809
0.2065 0.1187905 0.13353913
0.207 0.1170785 0.13151689
0.2075 0.1153712 0.12954123
0.208 0.1136691 0.12761219
0.2085 0.1119728 0.12572925
0.209 0.1102829 0.12389208
0.2095 0.1086002 0.12210012
0.21 0.1069251 0.12035263
0.2105 0.1052582 0.118648894
0.211 0.1036001 0.11698783
0.2115 0.1019513 0.1153684
0.212 0.1003122 0.1137893
0.2125 0.09868319 0.11224911
0.213 0.09706478 0.11074624
0.2135 0.09545732 0.109279074
0.214 0.09386114 0.10784561
0.2145 0.09227659 0.10644377
0.215 0.09070397 0.10507155
0.2155 0.08914356 0.10372669
0.216 0.08759561 0.10240666
0.2165 0.08606038 0.10110902
0.217 0.08453807 0.09983104
0.2175 0.08302889 0.098570116
0.218 0.08153302 0.097323306
0.2185 0.08005063 0.09608767
0.219 0.07858186 0.09486041
0.2195 0.07712685 0.09363822
0.22 0.07568572 0.09241802
0.2205 0.07425857 0.091196544
0.221 0.07284548 0.08997046
0.2215 0.07144655 0.08873624
0.222 0.07006182 0.08749048
0.2225 0.06869136 0.0862293
0.223 0.0673352 0.084948935
0.2235 0.06599339 0.08364519
0.224 0.06466593 0.082313955
0.2245 0.06335284 0.08095064
0.225 0.06205413 0.07955053
0.2255 0.06076978 0.07810859
0.226 0.05949979 0.076619595
0.2265 0.05824412 0.07507797
0.227 0.05700276 0.07347811
0.2275 0.05577566 0.07181394
0.228 0.05456279 0.070079505
0.2285 0.05336409 0.0682688
0.229 0.05217951 0.06637603
0.2295 0.05100898 0.06439565
0.23 0.04985245 0.062322672
0.2305 0.04870985 0.0601527
0.231 0.04758109 0.05788246
0.2315 0.0464661 0.055509713
0.232 0.0453648 0.053033672
0.2325 0.0442771 0.050455138
0.233 0.0432029 0.0477767
0.2335 0.04214212 0.045002904
0.234 0.04109467 0.042140175
0.2345 0.04006043 0.03919708
0.235 0.03903931 0.036183897
0.2355 0.0380312 0.033112835
0.236 0.037036 0.029997593
0.2365 0.0360536 0.026853098
0.237 0.03508389 0.023695348
0.2375 0.03412676 0.020540686
0.238 0.03318208 0.017405765
0.2385 0.03224976 0.01430692
0.239 0.03132967 0.011259856
0.2395 0.03042169 0.008279329
0.24 0.02952571 0.0053789006
0.2405 0.0286416 0.002570542
0.241 0.02776925 -0.00013535237
0.2415 0.02690854 -0.002730289
0.242 0.02605935 -0.0052074543
0.2425 0.02522155 -0.0075619123
0.243 0.02439502 -0.009790501
0.2435 0.02357965 -0.011891572
0.244 0.0227753 -0.013865063
0.2445 0.02198186 -0.015712215
0.245 0.0211992 -0.01743537
0.2455 0.02042721 -0.01903793
0.246 0.01966576 -0.020524016
0.2465 0.01891473 -0.021898424
0.247 0.01817399 -0.023166401
0.2475 0.01744344 -0.024333505
0.248 0.01672294 -0.025405465
0.2485 0.01601238 -0.026388137
0.249 0.01531163 -0.027287362
0.2495 0.01462058 -0.028108878
0.25 0.01393912 -0.009487022
0.2505 0.01324824 -0.009349065
0.251 0.01252112 -0.015324647
0.2515 0.0117842 -0.022870986
0.252 0.01105232 -0.030264301
0.2525 0.0103289 -0.036887053
0.253 0.009613265 -0.04257358
0.2535 0.008904076 -0.047342155
0.254 0.00820028 -0.05128082
0.2545 0.007501243 -0.054497566
0.255 0.006806623 -0.057099227
0.2555 0.006116253 -0.059182983
0.256 0.00543006 -0.06083386
0.2565 0.004748015 -0.06212453
0.257 0.004070113 -0.063116424
0.2575 0.003396359 -0.063861154
0.258 0.002726761 -0.06440179
0.2585 0.002061333 -0.06477432
0.259 0.001400085 -0.065008745
0.2595 0.0007430307 -0.06512999
0.26 9.018333e-05 -0.06515889
0.2605 -0.0005584447 -0.06511276
0.261 -0.001202841 -0.06500604
0.2615 -0.001842993 -0.06485076
0.262 -0.002478889 -0.06465693
0.2625 -0.003110517 -0.06443291
0.263 -0.003737866 -0.064185664
0.2635 -0.004360925 -0.06392094
0.264 -0.004979685 -0.06364356
0.2645 -0.005594134 -0.06335753
0.265 -0.006204264 -0.06306612
0.2655 -0.006810066 -0.06277205
0.266 -0.007411531 -0.06247754
0.2665 -0.008008652 -0.062184427
0.267 -0.008601423 -0.061894204
0.2675 -0.009189835 -0.061608087
0.268 -0.009773884 -0.061326977
0.2685 -0.01035356 -0.061051656
0.269 -0.01092887 -0.06078274
0.2695 -0.0114998 -0.060520593
0.27 -0.01206635 -0.06026559
0.2705 -0.01262852 -0.060017955
0.271 -0.01318631 -0.059777807
0.2715 -0.01373971 -0.059545238
0.272 -0.01428872 -0.059320223
0.2725 -0.01483335 -0.05910277
0.273 -0.0153736 -0.058892768
0.2735 -0.01590946 -0.058690157
0.274 -0.01644095 -0.058494788
0.2745 -0.01696805 -0.05830649
0.275 -0.01749079 -0.05812512
0.2755 -0.01800916 -0.057950523
0.276 -0.01852317 -0.057782505
0.2765 -0.01903283 -0.057620842
0.277 -0.01953814 -0.05746538
0.2775 -0.0200391 -0.057315905
0.278 -0.02053574 -0.057172198
0.2785 -0.02102805 -0.057034146
0.279 -0.02151605 -0.056901436
0.2795 -0.02199974 -0.056773964
0.28 -0.02247915 -0.056651536
0.2805 -0.02295427 -0.056533966
0.281 -0.02342512 -0.056421075
0.2815 -0.02389172 -0.056312617
0.282 -0.02435407 -0.05620854
0.2825 -0.0248122 -0.056108598
0.283 -0.02526611 -0.05601264
0.2835 -0.02571582 -0.055920545
0.284 -0.02616135 -0.055832136
0.2845 -0.02660272 -0.05574728
0.285 -0.02703993 -0.05566581
0.2855 -0.02747301 -0.055587616
0.286 -0.02790197 -0.05551256
0.2865 -0.02832684 -0.055440504
0.287 -0.02874763 -0.055371363
0.2875 -0.02916436 -0.055304985
0.288 -0.02957704 -0.055241305
0.2885 -0.02998571 -0.05518015
0.289 -0.03039038 -0.055121455
0.2895 -0.03079107 -0.055065136
0.29 -0.0311878 -0.055011038
0.2905 -0.03158059 -0.05495916
0.291 -0.03196947 -0.054909322
0.2915 -0.03235445 -0.05486152
0.292 -0.03273557 -0.054815594
0.2925 -0.03311283 -0.05477153
0.293 -0.03348627 -0.05472927
0.2935 -0.03385592 -0.05468868
0.294 -0.03422178 -0.0546497
0.2945 -0.03458389 -0.054612275
0.295 -0.03494227 -0.05457637
0.2955 -0.03529694 -0.054541912
0.296 -0.03564794 -0.05450881
0.2965 -0.03599528 -0.054477047
0.297 -0.03633898 -0.054446552
0.2975 -0.03667908 -0.05441722
0.298 -0.0370156 -0.054389108
0.2985 -0.03734857 -0.054362137
0.299 -0.037678 -0.05433618
0.2995 -0.03800394 -0.054311287
0.3 -0.03832639 -0.06009194
0.3005 -0.03862597 -0.06357299
0.301 -0.03886864 -0.064949505
0.3015 -0.03908445 -0.06448796
0.302 -0.03929429 -0.062506154
0.3025 -0.0395035 -0.05935112
0.303 -0.03971137 -0.055376362
0.3035 -0.03991591 -0.050920878
0.304 -0.04011548 -0.046290975
0.3045 -0.04030899 -0.04174686
0.305 -0.04049584 -0.037494052
0.3055 -0.04067564 -0.033680487
0.306 -0.04084818 -0.030398661
0.3065 -0.04101354 -0.027691493
0.307 -0.0411719 -0.025561294
0.3075 -0.04132344 -0.023979282
0.308 -0.04146832 -0.022895696
0.3085 -0.04160669 -0.022248274
0.309 -0.04173868 -0.021969607
0.3095 -0.04186441 -0.021992428
0.31 -0.04198402 -0.022253422
0.3105 -0.04209765 -0.022695614
0.311 -0.04220542 -0.023269428
0.3115 -0.04230741 -0.023932962
0.312 -0.04240394 -0.024651809
0.3125 -0.04249537 -0.025398469
0.313 -0.04258451 -0.026151447
0.3135 -0.042672 -0.026894419
0.314 -0.0427549 -0.027615419
0.3145 -0.04283156 -0.02830602
0.315 -0.04290163 -0.028960591
0.3155 -0.04296546 -0.02957583
0.316 -0.04302356 -0.030150114
0.3165 -0.04307643 -0.030683024
0.317 -0.04312449 -0.031175246
0.3175 -0.04316807 -0.031628046
0.318 -0.04320741 -0.03204317
0.3185 -0.04324272 -0.032422688
0.319 -0.04327415 -0.032768805
0.3195 -0.04330184 -0.033083837
0.32 -0.04332591 -0.033370074
0.3205 -0.04334648 -0.03362977
0.321 -0.04336363 -0.033865143
0.3215 -0.04337749 -0.034078155
0.322 -0.04338813 -0.03427081
0.3225 -0.04339566 -0.034444924
0.323 -0.04340017 -0.03460216
0.3235 -0.04340174 -0.034744065
0.324 -0.04340048 -0.034872096
0.3245 -0.04339646 -0.034987528
0.325 -0.04338978 -0.035091612
0.3255 -0.04338052 -0.035185408
0.326 -0.04336877 -0.035269897
0.3265 -0.0433546 -0.035346027
0.327 -0.0433381 -0.035414573
0.3275 -0.04331935 -0.03547627
0.328 -0.04329843 -0.035531875
0.3285 -0.04327542 -0.035581898
0.329 -0.04325038 -0.03562692
0.3295 -0.04322339 -0.035667453
0.33 -0.04319453 -0.03570394
0.3305 -0.04316387 -0.03573676
0.331 -0.04313147 -0.035766292
0.3315 -0.0430974 -0.035792876
0.332 -0.04306173 -0.035816777
0.3325 -0.04302451 -0.035838295
0.333 -0.04298583 -0.03585766
0.3335 -0.04294572 -0.03587504
0.334 -0.04290128 -0.03589071
0.3345 -0.04284801 -0.0359048
0.335 -0.04279155 -0.035917465
0.3355 -0.04273586 -0.03592888
0.336 -0.04268204 -0.035939153
0.3365 -0.04262984 -0.03594837
0.337 -0.04257867 -0.03595667
0.3375 -0.04252792 -0.035964143
0.338 -0.04247716 -0.035970833
0.3385 -0.04242607 -0.035976883
0.339 -0.04237446 -0.03598233
0.3395 -0.04232222 -0.03598721
0.34 -0.04226931 -0.035991576
0.3405 -0.0422157 -0.03599551
0.341 -0.04216169 -0.0359991
0.3415 -0.04211255 -0.036002275
0.342 -0.04206646 -0.036005165
0.3425 -0.04201863 -0.036007743
0.343 -0.0419674 -0.03601006
0.3435 -0.04191298 -0.036012154
0.344 -0.04185614 -0.036014024
0.3445 -0.04179766 -0.036015715
0.345 -0.04173815 -0.036017228
0.3455 -0.04167801 -0.036018606
0.346 -0.04161751 -0.03601985
0.3465 -0.0415568 -0.036020983
0.347 -0.04149596 -0.036021974
0.3475 -0.04143504 -0.036022868
0.348 -0.04137399 -0.036023695
0.3485 -0.04131159 -0.036024403
0.349 -0.04124828 -0.036025044
0.3495 -0.04118524 -0.03602561
0.35 -0.04112289 -0.015329292
0.3505 -0.04108073 -0.014734108
0.351 -0.04108911 -0.020498343
0.3515 -0.04111699 -0.027810698
0.352 -0.04114706 -0.03491831
0.3525 -0.04117581 -0.041222297
0.353 -0.04120439 -0.046578635
0.3535 -0.0412346 -0.05102155
0.354 -0.04126775 -0.054648936
0.3545 -0.04130463 -0.057574272
0.355 -0.04134562 -0.059906844
0.3555 -0.04139085 -0.061744478
0.356 -0.04144033 -0.06317162
0.3565 -0.04149401 -0.06425972
0.357 -0.04155179 -0.065068744
0.3575 -0.04161357 -0.06564861
0.358 -0.04167923 -0.0660407
0.3585 -0.04174865 -0.066279486
0.359 -0.04182173 -0.0663934
0.3595 -0.04189835 -0.06640598
0.36 -0.0419784 -0.06633684
0.3605 -0.04206177 -0.06620212
0.361 -0.04214836 -0.06601525
0.3615 -0.04223807 -0.06578734
0.362 -0.04233078 -0.065527596
0.3625 -0.0424264 -0.06524367
0.363 -0.04252484 -0.06494183
0.3635 -0.04262598 -0.064627334
0.364 -0.04272974 -0.06430447
0.3645 -0.04283603 -0.06397678
0.365 -0.04294474 -0.063647166
0.3655 -0.04305579 -0.063317984
0.366 -0.04316908 -0.06299113
0.3665 -0.04328452 -0.0626682
0.367 -0.04340204 -0.062350426
0.3675 -0.04352154 -0.062038768
0.368 -0.04364293 -0.061734024
0.3685 -0.04376613 -0.06143673
0.369 -0.04389107 -0.061147366
0.3695 -0.04401765 -0.060866203
0.37 -0.04414581 -0.060593437
0.3705 -0.04427545 -0.060329188
0.371 -0.04440652 -0.0600735
0.3715 -0.04453892 -0.05982634
0.372 -0.04467259 -0.05958764
0.3725 -0.04480746 -0.059357334
0.373 -0.04494346 -0.05913524
0.3735 -0.04508051 -0.058921207
0.374 -0.04521854 -0.05871508
0.3745 -0.04535751 -0.058516625
0.375 -0.04549733 -0.05832566
0.3755 -0.04563794 -0.058141943
0.376 -0.04577929 -0.057965305
0.3765 -0.04592132 -0.057795506
0.377 -0.04606396 -0.0576323
0.3775 -0.04620715 -0.057475474
0.378 -0.04635085 -0.057324816
0.3785 -0.046495 -0.057180103
0.379 -0.04663954 -0.057041135
0.3795 -0.04678442 -0.056907687
0.38 -0.0469296 -0.056779537
0.3805 -0.04707501 -0.056656536
0.381 -0.04722063 -0.056538437
0.3815 -0.04736639 -0.056425076
0.382 -0.04751226 -0.05631626
0.3825 -0.04765819 -0.05621181
0.383 -0.04780413 -0.05611154
0.3835 -0.04795006 -0.05601533
0.384 -0.04809592 -0.055922996
0.3845 -0.04824168 -0.05583435
0.385 -0.04838729 -0.0557493
0.3855 -0.04853274 -0.055667657
0.386 -0.04867797 -0.055589337
0.3865 -0.04882295 -0.05551414
0.387 -0.04896766 -0.05544204
0.3875 -0.04911206 -0.055372763
0.388 -0.04925611 -0.05530631
0.3885 -0.04939979 -0.055242527
0.389 -0.04954308 -0.0551813
0.3895 -0.04968593 -0.055122536
0.39 -0.04982833 -0.05506618
0.3905 -0.04997025 -0.055012044
0.391 -0.05011167 -0.054960106
0.3915 -0.05025255 -0.054910246
0.392 -0.05039288 -0.054862414
0.3925 -0.05053264 -0.05481648
0.393 -0.0506718 -0.054772336
0.3935 -0.05081035 -0.05473001
0.394 -0.05094825 -0.054689396
0.3945 -0.05108551 -0.054650385
0.395 -0.05122209 -0.054612923
0.3955 -0.05135798 -0.054576997
0.396 -0.05149317 -0.05454247
0.3965 -0.05162763 -0.054509375
0.397 -0.05176135 -0.054477576
0.3975 -0.05189433 -0.054447073
0.398 -0.05202654 -0.054417763
0.3985 -0.05215797 -0.0543896
0.399 -0.05228861 -0.05436257
0.3995 -0.05241845 -0.054336626
0.4 -0.05254748 -0.054311726
0.4005 -0.05267568 -0.054287802
0.401 -0.05280306 -0.054264825
0.4015 -0.05292959 -0.05424281
0.402 -0.05305527 -0.05422162
0.4025 -0.05318009 -0.05420127
0.403 -0.05330404 -0.054181766
0.4035 -0.05342712 -0.054163035
0.404 -0.05354933 -0.054145034
0.4045 -0.05367064 -0.05412777
0.405 -0.05379107 -0.05411114
0.4055 -0.0539106 -0.054095227
0.406 -0.05402922 -0.05407991
0.4065 -0.05414695 -0.054065246
0.407 -0.05426376 -0.054051135
0.4075 -0.05437966 -0.054037575
0.408 -0.05449464 -0.05402456
0.4085 -0.05460871 -0.05401204
0.409 -0.05472185 -0.054000054
0.4095 -0.05483408 -0.053988528
0.41 -0.05494538 -0.05397745
0.4105 -0.05505575 -0.053966817
0.411 -0.0551652 -0.0539566
0.4115 -0.05527372 -0.053946767
0.412 -0.05538131 -0.053937327
0.4125 -0.05548798 -0.053928312
0.413 -0.05559372 -0.053919632
0.4135 -0.05569854 -0.053911287
0.414 -0.05580243 -0.053903263
0.4145 -0.05590539 -0.053895574
0.415 -0.05600743 -0.053888183
0.4155 -0.05610855 -0.053881053
0.416 -0.05620876 -0.053874236
0.4165 -0.05630804 -0.0538677
0.417 -0.05640641 -0.053861406
0.4175 -0.05650387 -0.053855363
0.418 -0.05660041 -0.053849537
0.4185 -0.05669605 -0.05384397
0.419 -0.05679079 -0.05383863
0.4195 -0.05688462 -0.053833473
0.42 -0.05697756 -0.053828556
0.4205 -0.0570696 -0.053823773
0.421 -0.05716075 -0.053819235
0.4215 -0.05725102 -0.053814825
0.422 -0.0573404 -0.053810652
0.4225 -0.05742891 -0.05380659
0.423 -0.05751654 -0.053802695
0.4235 -0.0576033 -0.053799007
0.424 -0.05768919 -0.053795416
0.4245 -0.05777423 -0.053791996
0.425 -0.0578584 -0.053788666
0.4255 -0.05794173 -0.05378553
0.426 -0.05802421 -0.053782467
0.4265 -0.05810585 -0.05377956
0.427 -0.05818665 -0.053776745
0.4275 -0.05826662 -0.053774077
0.428 -0.05834576 -0.053771485
0.4285 -0.05842409 -0.053768996
0.429 -0.0585016 -0.053766597
0.4295 -0.05857829 -0.05376431
0.43 -0.05865419 -0.053762082
0.4305 -0.05872928 -0.053759944
0.431 -0.05880358 -0.053757932
0.4315 -0.0588771 -0.05375598
0.432 -0.05894983 -0.05375411
0.4325 -0.05902178 -0.053752255
0.433 -0.05909297 -0.05375055
0.4335 -0.05916339 -0.05374888
0.434 -0.05923305 -0.053747278
0.4345 -0.05930195 -0.05374575
0.435 -0.05937011 -0.05374429
0.4355 -0.05943753 -0.05374286
0.436 -0.05950422 -0.053741496
0.4365 -0.05957017 -0.053740185
0.437 -0.0596354 -0.053738948
0.4375 -0.05969991 -0.05373772
0.438 -0.05976372 -0.05373657
0.4385 -0.05982681 -0.053735454
0.439 -0.05988921 -0.05373438
0.4395 -0.05995091 -0.05373336
0.44 -0.06001193 -0.05373234
0.4405 -0.06007226 -0.053731393
0.441 -0.06013192 -0.0537305
0.4415 -0.06019091 -0.053729605
0.442 -0.06024923 -0.053728793
0.4425 -0.0603069 -0.05372798
0.443 -0.06036391 -0.05372722
0.4435 -0.06042028 -0.053726476
0.444 -0.06047602 -0.053725723
0.4445 -0.06053111 -0.053725038
0.445 -0.06058558 -0.053724412
0.4455 -0.06063943 -0.053723786
0.446 -0.06069266 -0.053723175
0.4465 -0.06074528 -0.05372258
0.447 -0.0607973 -0.053722013
0.4475 -0.06084871 -0.0537215
0.448 -0.06089954 -0.05372097
0.4485 -0.06094978 -0.053720478
0.449 -0.06099944 -0.053719986
0.4495 -0.06104852 -0.053719524
0.45 -0.06109703 -0.053719077
0.4505 -0.06114498 -0.05371863
0.451 -0.06119237 -0.053718265
0.4515 -0.0612392 -0.053717863
0.452 -0.06128549 -0.05371749
0.4525 -0.06133124 -0.053717095
0.453 -0.06137645 -0.053716768
0.4535 -0.06142113 -0.053716417
0.454 -0.06146529 -0.053716134
0.4545 -0.06150892 -0.05371583
0.455 -0.06155204 -0.053715516
0.4555 -0.06159466 -0.053715233
0.456 -0.06163676 -0.05371498
0.4565 -0.06167837 -0.05371471
0.457 -0.06171949 -0.053714473
0.4575 -0.06176012 -0.05371422
0.458 -0.06180026 -0.05371398
0.4585 -0.06183993 -0.05371375
0.459 -0.06187913 -0.053713534
0.4595 -0.06191786 -0.053713355
0.46 -0.06195612 -0.05371314
0.4605 -0.06199393 -0.053712923
0.461 -0.06203128 -0.053712744
0.4615 -0.06206819 -0.05371255
0.462 -0.06210466 -0.053712394
0.4625 -0.06214068 -0.053712223
0.463 -0.06217628 -0.05371209
0.4635 -0.06221144 -0.05371191
0.464 -0.06224618 -0.053711776
0.4645 -0.06228051 -0.05371165
0.465 -0.06231441 -0.053711507
0.4655 -0.06234791 -0.053711396
0.466 -0.06238101 -0.053711247
0.4665 -0.0624137 -0.053711172
0.467 -0.06244599 -0.05371106
0.4675 -0.0624779 -0.053710986
0.468 -0.06250942 -0.053710867
0.4685 -0.06254055 -0.05371077
0.469 -0.06257131 -0.053710673
0.4695 -0.06260169 -0.05371057
0.47 -0.0626317 -0.053710487
0.4705 -0.06266134 -0.053710397
0.471 -0.06269063 -0.053710315
0.4715 -0.06271955 -0.053710226
0.472 -0.06274813 -0.053710144
0.4725 -0.06277635 -0.053710047
0.473 -0.06280423 -0.053710002
0.4735 -0.06283176 -0.053709943
0.474 -0.06285896 -0.053709883
0.4745 -0.06288582 -0.053709846
0.475 -0.06291236 -0.053709764
0.4755 -0.06293857 -0.05370972
0.476 -0.06296446 -0.053709667
0.4765 -0.06299002 -0.053709593
0.477 -0.06301528 -0.053709548
0.4775 -0.06304022 -0.053709503
0.478 -0.06306486 -0.05370945
0.4785 -0.06308919 -0.053709384
0.479 -0.06311322 -0.05370936
0.4795 -0.06313695 -0.053709302
0.48 -0.06316039 -0.05370928
0.4805 -0.06318354 -0.053709228
0.481 -0.06320641 -0.053709183
0.4815 -0.06322899 -0.053709168
0.482 -0.06325129 -0.053709146
0.4825 -0.06327332 -0.053709093
0.483 -0.06329507 -0.053709056
0.4835 -0.06331656 -0.05370905
0.484 -0.06333777 -0.05370899
0.4845 -0.06335873 -0.05370899
0.485 -0.06337942 -0.053708967
0.4855 -0.06339986 -0.053708967
0.486 -0.06342004 -0.053708952
0.4865 -0.06343997 -0.053708885
0.487 -0.06345965 -0.053708855
0.4875 -0.06347909 -0.05370881
0.488 -0.06349829 -0.053708795
0.4885 -0.06351724 -0.053708788
0.489 -0.06353596 -0.05370876
0.4895 -0.06355445 -0.053708736
0.49 -0.0635727 -0.053708736
0.4905 -0.06359073 -0.05370872
0.491 -0.06360854 -0.053708714
0.4915 -0.06362612 -0.05370869
0.492 -0.06364348 -0.05370866
0.4925 -0.06366062 -0.05370867
0.493 -0.06367755 -0.053708654
0.4935 -0.06369427 -0.053708646
0.494 -0.06371078 -0.053708617
0.4945 -0.06372708 -0.053708624
0.495 -0.06374318 -0.0537086
0.4955 -0.06375907 -0.053708594
0.496 -0.06377477 -0.053708572
0.4965 -0.06379027 -0.053708564
0.497 -0.06380557 -0.053708557
0.4975 -0.06382069 -0.053708535
0.498 -0.06383561 -0.053708535
0.4985 -0.06385035 -0.053708527
0.499 -0.0638649 -0.053708512
0.4995 -0.06387927 -0.05370852
