1.233098059892654419e-01 1.174557432532310486e-01
1.030739098787307739e-01 9.779860079288482666e-02
8.670459687709808350e-02 8.237205445766448975e-02
7.411055266857147217e-02 7.093215733766555786e-02
6.505326181650161743e-02 6.301143020391464233e-02
5.909566208720207214e-02 5.789724737405776978e-02
5.557708069682121277e-02 5.470411852002143860e-02
5.367711931467056274e-02 5.255212634801864624e-02
5.257955938577651978e-02 5.074629932641983032e-02
5.163627862930297852e-02 4.885467514395713806e-02
5.043999105691909790e-02 4.668818414211273193e-02
4.880841448903083801e-02 4.423725605010986328e-02
4.672822356224060059e-02 4.160496592521667480e-02
4.429477453231811523e-02 3.895153850317001343e-02
4.166143387556076050e-02 3.645201772451400757e-02
3.900060802698135376e-02 3.426509350538253784e-02
3.647503629326820374e-02 3.251127153635025024e-02
3.421747684478759766e-02 3.125883266329765320e-02
3.231747075915336609e-02 3.051725961267948151e-02
3.081471659243106842e-02 3.023841418325901031e-02
2.969900146126747131e-02 3.032538667321205139e-02
2.891671098768711090e-02 3.064853325486183167e-02
2.838336862623691559e-02 3.106629289686679840e-02
2.800027094781398773e-02 3.144712373614311218e-02
2.767228521406650543e-02 3.168838471174240112e-02
2.732325159013271332e-02 3.172836452722549438e-02
2.690609730780124664e-02 3.154994919896125793e-02
2.640609443187713623e-02 3.117641247808933258e-02
2.583773061633110046e-02 3.066118434071540833e-02
2.523666620254516602e-02 3.007451817393302917e-02
2.464908547699451447e-02 2.948954701423645020e-02
2.412068098783493042e-02 2.897012233734130859e-02
2.368719317018985748e-02 2.856198325753211975e-02
2.336791157722473145e-02 2.828844822943210602e-02
2.316309884190559387e-02 2.815059944987297058e-02
2.305545099079608917e-02 2.813187800347805023e-02
2.301515638828277588e-02 2.820532396435737610e-02
2.300725877285003662e-02 2.834185399115085602e-02
2.299949713051319122e-02 2.851726114749908447e-02
2.296874299645423889e-02 2.871635556221008301e-02
2.290453575551509857e-02 2.893361076712608337e-02
2.280915901064872742e-02 2.917045913636684418e-02
2.269458398222923279e-02 2.943063899874687195e-02
2.257746085524559021e-02 2.971518039703369141e-02
2.247369661927223206e-02 3.001851402223110199e-02
2.239396981894969940e-02 3.032684326171875000e-02
2.234129980206489563e-02 3.061919845640659332e-02
2.231094613671302795e-02 3.087073192000389099e-02
2.229243144392967224e-02 3.105724416673183441e-02
2.227286994457244873e-02 3.115983307361602783e-02
2.224055491387844086e-02 3.116830624639987946e-02
2.218779549002647400e-02 3.108268976211547852e-02
2.211234904825687408e-02 3.091271221637725830e-02
2.201722562313079834e-02 3.067542053759098053e-02
2.190919220447540283e-02 3.039182350039482117e-02
2.179648913443088531e-02 3.008340671658515930e-02
2.168654836714267731e-02 2.976919151842594147e-02
2.158425934612751007e-02 2.946393750607967377e-02
2.149120904505252838e-02 2.917761728167533875e-02
2.140594646334648132e-02 2.891586162149906158e-02
2.132504805922508240e-02 2.868106588721275330e-02
2.124454081058502197e-02 2.847365662455558777e-02
2.116126194596290588e-02 2.829300798475742340e-02
2.107371948659420013e-02 2.813785150647163391e-02
2.098230831325054169e-02 2.800625562667846680e-02
2.088888362050056458e-02 2.789527177810668945e-02
2.079595066606998444e-02 2.780050039291381836e-02
2.070577070116996765e-02 2.771615423262119293e-02
2.061964944005012512e-02 2.763526141643524170e-02
2.053763344883918762e-02 2.755052410066127777e-02
2.045864239335060120e-02 2.745524607598781586e-02
2.038092724978923798e-02 2.734439633786678314e-02
2.030266262590885162e-02 2.721529826521873474e-02
2.022250182926654816e-02 2.706801891326904297e-02
2.013988606631755829e-02 2.690511010587215424e-02
2.005508542060852051e-02 2.673109248280525208e-02
1.996895670890808105e-02 2.655154466629028320e-02
1.988258026540279388e-02 2.637222409248352051e-02
1.979687623679637909e-02 2.619828283786773682e-02
1.971233449876308441e-02 2.603375352919101715e-02
1.962893828749656677e-02 2.588130533695220947e-02
1.954628154635429382e-02 2.574228867888450623e-02
1.946377195417881012e-02 2.561688423156738281e-02
1.938089728355407715e-02 2.550433203577995300e-02
1.929740794003009796e-02 2.540311217308044434e-02
1.921338215470314026e-02 2.531112171709537506e-02
1.912916451692581177e-02 2.522577717900276184e-02
1.904520019888877869e-02 2.514413557946681976e-02
1.896188780665397644e-02 2.506313286721706390e-02
1.887943595647811890e-02 2.497977204620838165e-02
1.879784092307090759e-02 2.489146962761878967e-02
1.871690712869167328e-02 2.479633316397666931e-02
1.863638684153556824e-02 2.469339594244956970e-02
1.855606772005558014e-02 2.458266727626323700e-02
1.847586035728454590e-02 2.446510083973407745e-02
1.839582808315753937e-02 2.434237115085124969e-02
1.831612922251224518e-02 2.421658672392368317e-02
1.823694631457328796e-02 2.408995106816291809e-02
1.815840229392051697e-02 2.396450564265251160e-02
1.808051951229572296e-02 2.384188398718833923e-02
1.800320670008659363e-02 2.372322604060173035e-02
1.792631112039089203e-02 2.360912784934043884e-02
1.784966513514518738e-02 2.349963225424289703e-02
1.777313649654388428e-02 2.339435741305351257e-02
1.769666559994220734e-02 2.329250052571296692e-02
1.762024126946926117e-02 2.319299243390560150e-02
1.754388585686683655e-02 2.309456840157508850e-02
1.746759377419948578e-02 2.299594506621360779e-02
1.739133521914482117e-02 2.289593592286109924e-02
1.731502637267112732e-02 2.279360592365264893e-02
1.723855361342430115e-02 2.268837019801139832e-02
1.716180518269538879e-02 2.258007787168025970e-02
1.708469726145267487e-02 2.246896550059318542e-02
1.700717397034168243e-02 2.235560491681098938e-02
1.692920736968517303e-02 2.224079146981239319e-02
1.685078814625740051e-02 2.212538942694664001e-02
1.677188836038112640e-02 2.201021462678909302e-02
1.669246517121791840e-02 2.189592644572257996e-02
1.661245338618755341e-02 2.178295515477657318e-02
1.653177663683891296e-02 2.167147584259510040e-02
1.645035669207572937e-02 2.156142517924308777e-02
1.636813767254352570e-02 2.145250700414180756e-02
1.628507860004901886e-02 2.134426683187484741e-02
1.620114222168922424e-02 2.123613655567169189e-02
1.611630246043205261e-02 2.112753316760063171e-02
1.603052020072937012e-02 2.101792022585868835e-02
1.594374515116214752e-02 2.090688049793243408e-02
1.585591956973075867e-02 2.079417742788791656e-02
1.576698385179042816e-02 2.067974954843521118e-02
1.567688956856727600e-02 2.056375332176685333e-02
1.558558363467454910e-02 2.044646441936492920e-02
1.549303252249956131e-02 2.032826282083988190e-02
1.539918780326843262e-02 2.020953781902790070e-02
1.530400663614273071e-02 2.009062096476554871e-02
1.520743221044540405e-02 1.997176744043827057e-02
1.510940771549940109e-02 1.985308155417442322e-02
1.500987075269222260e-02 1.973453536629676819e-02
1.490876358002424240e-02 1.961596868932247162e-02
1.480603404343128204e-02 1.949710771441459656e-02
1.470162998884916306e-02 1.937763020396232605e-02
1.459550578147172928e-02 1.925716735422611237e-02
1.448760926723480225e-02 1.913538202643394470e-02
1.437788922339677811e-02 1.901200972497463226e-02
1.426629722118377686e-02 1.888685487210750580e-02
1.415278203785419464e-02 1.875983178615570068e-02
1.403729803860187531e-02 1.863092742860317230e-02
1.391980797052383423e-02 1.850021071732044220e-02
1.380027085542678833e-02 1.836774870753288269e-02
1.367865223437547684e-02 1.823360286653041840e-02
1.355491578578948975e-02 1.809779368340969086e-02
1.342902611941099167e-02 1.796027459204196930e-02
1.330095063894987106e-02 1.782090961933135986e-02
1.317066419869661331e-02 1.767949387431144714e-02
1.303813327103853226e-02 1.753578148782253265e-02
1.290333829820156097e-02 1.738949120044708252e-02
1.276625972241163254e-02 1.724035479128360748e-02
1.262686960399150848e-02 1.708812639117240906e-02
1.248514745384454727e-02 1.693263277411460876e-02
1.234106719493865967e-02 1.677377149462699890e-02
1.219460554420948029e-02 1.661152020096778870e-02
1.204573176801204681e-02 1.644591428339481354e-02
1.189441885799169540e-02 1.627701707184314728e-02
1.174063701182603836e-02 1.610492728650569916e-02
1.158434711396694183e-02 1.592973247170448303e-02
1.142551563680171967e-02 1.575149036943912506e-02
1.126409880816936493e-02 1.557024288922548294e-02
1.110005658119916916e-02 1.538600493222475052e-02
1.093334797769784927e-02 1.519880257546901703e-02
1.076393108814954758e-02 1.500864047557115555e-02
1.059176959097385406e-02 1.481558661907911301e-02
1.041681785136461258e-02 1.461974065750837326e-02
1.023905072361230850e-02 1.442126650363206863e-02
1.005844026803970337e-02 1.422036904841661453e-02
9.874968789517879486e-03 1.401729322969913483e-02
9.688636288046836853e-03 1.381231658160686493e-02
9.499455802142620087e-03 1.360571198165416718e-02
9.307463653385639191e-03 1.339773833751678467e-02
9.112721309065818787e-03 1.318864990025758743e-02
8.915322832763195038e-03 1.297867018729448318e-02
8.715401403605937958e-03 1.276803575456142426e-02
8.513135835528373718e-03 1.255699992179870605e-02
8.308751508593559265e-03 1.234583556652069092e-02
8.102541789412498474e-03 1.213488262146711349e-02
7.894851267337799072e-03 1.192452106624841690e-02
7.686099503189325333e-03 1.171518862247467041e-02
7.476774044334888458e-03 1.150735653936862946e-02
7.267424371093511581e-03 1.130153052508831024e-02
7.058667484670877457e-03 1.109817810356616974e-02
6.851167418062686920e-03 1.089777797460556030e-02
6.645631045103073120e-03 1.070073433220386505e-02
6.442780606448650360e-03 1.050742529332637787e-02
6.243334617465734482e-03 1.031815167516469955e-02
6.047978065907955170e-03 1.013317145407199860e-02
5.857334937900304794e-03 9.952682070434093475e-03
5.671940278261899948e-03 9.776815772056579590e-03
5.492218304425477982e-03 9.605644270777702332e-03
5.318470764905214310e-03 9.439155459403991699e-03
5.150873214006423950e-03 9.277261793613433838e-03
4.989477805793285370e-03 9.119825437664985657e-03
4.834226332604885101e-03 8.966651745140552521e-03
4.684979561716318130e-03 8.817548863589763641e-03
4.541530273854732513e-03 8.672341704368591309e-03
4.403629805892705917e-03 8.530909195542335510e-03
4.271022975444793701e-03 8.393207564949989319e-03
4.143448080867528915e-03 8.259207010269165039e-03
4.020663443952798843e-03 8.128949441015720367e-03
3.902445780113339424e-03 8.002472110092639923e-03
3.788596484810113907e-03 7.879826240241527557e-03
3.678943961858749390e-03 7.761047687381505966e-03
3.573331981897354126e-03 7.646205835044384003e-03
3.471622709184885025e-03 7.535364478826522827e-03
3.373698098585009575e-03 7.428602781146764755e-03
3.279441269114613533e-03 7.325985468924045563e-03
3.188748611137270927e-03 7.227568421512842178e-03
3.101517912000417709e-03 7.133360020816326141e-03
3.017654875293374062e-03 7.043342106044292450e-03
2.937064040452241898e-03 6.957464851438999176e-03
2.859654603525996208e-03 6.875670049339532852e-03
2.785338554531335831e-03 6.797890178859233856e-03
2.714026719331741333e-03 6.724045611917972565e-03
2.645635977387428284e-03 6.654049269855022430e-03
2.580079948529601097e-03 6.587799638509750366e-03
2.517282497137784958e-03 6.525167729705572128e-03
2.457158174365758896e-03 6.466024555265903473e-03
2.399630844593048096e-03 6.410214118659496307e-03
2.344615291804075241e-03 6.357585079967975616e-03
2.292029093950986862e-03 6.307958159595727921e-03
2.241783542558550835e-03 6.261147558689117432e-03
2.193790860474109650e-03 6.216934416443109512e-03
2.147952094674110413e-03 6.175088696181774139e-03
2.104174345731735229e-03 6.135371979326009750e-03
2.062358194962143898e-03 6.097523961216211319e-03
2.022406319156289101e-03 6.061301566660404205e-03
1.984215574339032173e-03 6.026459392160177231e-03
1.947694225236773491e-03 5.992770195007324219e-03
1.912745065055787563e-03 5.960021633654832840e-03
1.879275194369256496e-03 5.928029306232929230e-03
1.847197534516453743e-03 5.896648857742547989e-03
1.816423609852790833e-03 5.865766201168298721e-03
1.786873093806207180e-03 5.835297051817178726e-03
1.758465543389320374e-03 5.805204622447490692e-03
1.731123076751828194e-03 5.775468423962593079e-03
1.704778173007071018e-03 5.746102891862392426e-03
1.679357839748263359e-03 5.717142485082149506e-03
1.654797000810503960e-03 5.688623525202274323e-03
1.631032326258718967e-03 5.660604685544967651e-03
1.608004444278776646e-03 5.633118562400341034e-03
1.585654215887188911e-03 5.606214981526136398e-03
1.563930301927030087e-03 5.579916760325431824e-03
1.542781712487339973e-03 5.554258357733488083e-03
1.522167236544191837e-03 5.529245827347040176e-03
1.502044731751084328e-03 5.504881031811237335e-03
1.482380903325974941e-03 5.481156986206769943e-03
1.463146763853728771e-03 5.458058323711156845e-03
1.444315421395003796e-03 5.435562226921319962e-03
1.425871159881353378e-03 5.413646344095468521e-03
1.407793140970170498e-03 5.392292514443397522e-03
1.390067627653479576e-03 5.371472798287868500e-03
1.372684375382959843e-03 5.351161584258079529e-03
1.355633372440934181e-03 5.331334657967090607e-03
1.338906935416162014e-03 5.311972927302122116e-03
1.322497846558690071e-03 5.293054040521383286e-03
1.306399703025817871e-03 5.274566821753978729e-03
1.290605054236948490e-03 5.256487987935543060e-03
1.275110058486461639e-03 5.238795187324285507e-03
1.259908312931656837e-03 5.221473518759012222e-03
1.244992366991937160e-03 5.204506684094667435e-03
1.230359426699578762e-03 5.187879316508769989e-03
1.216003904119133949e-03 5.171575583517551422e-03
1.201918930746614933e-03 5.155579186975955963e-03
1.188099267892539501e-03 5.139878951013088226e-03
1.174539094790816307e-03 5.124458577483892441e-03
1.161234918981790543e-03 5.109317135065793991e-03
1.148178591392934322e-03 5.094442516565322876e-03
1.135366735979914665e-03 5.079829599708318710e-03
1.122791320085525513e-03 5.065479315817356110e-03
1.110446755774319172e-03 5.051382817327976227e-03
1.098329550586640835e-03 5.037540104240179062e-03
1.086430274881422520e-03 5.023938603699207306e-03
1.074744737707078457e-03 5.010590888559818268e-03
1.063266536220908165e-03 4.997473675757646561e-03
1.051991246640682220e-03 4.984584636986255646e-03
1.040913397446274757e-03 4.971911199390888214e-03
1.030024373903870583e-03 4.959440324455499649e-03
1.019323011860251427e-03 4.947153851389884949e-03
1.008801977150142193e-03 4.935038276016712189e-03
9.984566131606698036e-04 4.923077765852212906e-03
9.882834274321794510e-04 4.911254160106182098e-03
9.782770648598670959e-04 4.899555351585149765e-03
9.684337419457733631e-04 4.887968301773071289e-03
9.587485110387206078e-04 4.876484628766775131e-03
9.492198005318641663e-04 4.865092225372791290e-03
9.398401016369462013e-04 4.853797610849142075e-03
9.306077845394611359e-04 4.842592403292655945e-03
9.215204045176506042e-04 4.831481259316205978e-03
9.125730139203369617e-04 4.820466972887516022e-03
9.037628769874572754e-04 4.809557460248470306e-03
8.950881892815232277e-04 4.798754118382930756e-03
8.865439449436962605e-04 4.788068123161792755e-03
8.781278738752007484e-04 4.777501802891492844e-03
8.698371239006519318e-04 4.767062142491340637e-03
8.616703562438488007e-04 4.756749607622623444e-03
8.536211098544299603e-04 4.746573977172374725e-03
8.456910727545619011e-04 4.736530594527721405e-03
8.378761122003197670e-04 4.726619459688663483e-03
8.301722700707614422e-04 4.716846160590648651e-03
8.225785568356513977e-04 4.707204177975654602e-03
8.150922367349267006e-04 4.697692580521106720e-03
8.077115053310990334e-04 4.688312299549579620e-03
8.004335686564445496e-04 4.679057747125625610e-03
7.932552252896130085e-04 4.669932182878255844e-03
7.861764170229434967e-04 4.660928621888160706e-03
7.791932439431548119e-04 4.652047995477914810e-03
7.723044254817068577e-04 4.643286578357219696e-03
7.655089721083641052e-04 4.634641110897064209e-03
7.588035659864544868e-04 4.626110196113586426e-03
7.521852967329323292e-04 4.617692902684211731e-03
7.456550374627113342e-04 4.609386436641216278e-03
7.392091793008148670e-04 4.601182416081428528e-03
7.328465580940246582e-04 4.593083169311285019e-03
7.265665335580706596e-04 4.585081245750188828e-03
7.203655550256371498e-04 4.577175248414278030e-03
7.142440299503505230e-04 4.569364711642265320e-03
7.081993971951305866e-04 4.561640787869691849e-03
7.022294448688626289e-04 4.554006271064281464e-03
6.963346386328339577e-04 4.546452313661575317e-03
6.905127665959298611e-04 4.538980778306722641e-03
6.847617332823574543e-04 4.531593993306159973e-03
6.790817715227603912e-04 4.524284508079290390e-03
6.734708440490067005e-04 4.517056979238986969e-03
6.679268553853034973e-04 4.509911872446537018e-03
6.624502129852771759e-04 4.502841737121343613e-03
6.570396944880485535e-04 4.495851695537567139e-03
6.516937282867729664e-04 4.488940350711345673e-03
6.464117905125021935e-04 4.482109099626541138e-03
6.411920767277479172e-04 4.475358873605728149e-03
6.360347615554928780e-04 4.468685947358608246e-03
6.309378659352660179e-04 4.462094046175479889e-03
6.259005749598145485e-04 4.455580841749906540e-03
6.209231214597821236e-04 4.449145868420600891e-03
6.160041084513068199e-04 4.442791454493999481e-03
6.111423717811703682e-04 4.436512012034654617e-03
6.063366308808326721e-04 4.430314060300588608e-03
6.015877006575465202e-04 4.424190614372491837e-03
5.968937184661626816e-04 4.418143071234226227e-03
5.922538111917674541e-04 4.412167705595493317e-03
5.876671639271080494e-04 4.406267777085304260e-03
5.831338930875062943e-04 4.400442820042371750e-03
5.786527181044220924e-04 4.394686780869960785e-03
5.742226494476199150e-04 4.389001987874507904e-03
5.698435707017779350e-04 4.383386112749576569e-03
5.655145505443215370e-04 4.377839155495166779e-03
5.612346576526761055e-04 4.372359719127416611e-03
5.570036591961979866e-04 4.366944544017314911e-03
5.528208566829562187e-04 4.361595492810010910e-03
5.486852023750543594e-04 4.356310702860355377e-03
5.445969873107969761e-04 4.351087845861911774e-03
5.405543488450348377e-04 4.345932509750127792e-03
5.365571705624461174e-04 4.340837709605693817e-03
5.326053942553699017e-04 4.335804842412471771e-03
5.286976811476051807e-04 4.330832511186599731e-03
5.248337984085083008e-04 4.325927235186100006e-03
5.210134549997746944e-04 4.321080166846513748e-03
5.172350211068987846e-04 4.316294100135564804e-03
5.134982056915760040e-04 4.311565775424242020e-03
5.098032997921109200e-04 4.306900314986705780e-03
5.061496049165725708e-04 4.302290268242359161e-03
5.025357822887599468e-04 4.297741688787937164e-03
4.989615408703684807e-04 4.293248988687992096e-03
4.954260075464844704e-04 4.288810305297374725e-03
4.919303464703261852e-04 4.284427501261234283e-03
4.884722875431180000e-04 4.280102439224720001e-03
4.850515979342162609e-04 4.275826271623373032e-03
4.816683067474514246e-04 4.271606449037790298e-03
4.783213080372661352e-04 4.267435055226087570e-03
4.750107473228126764e-04 4.263319075107574463e-03
4.717355477623641491e-04 4.259252920746803284e-03
4.684950690716505051e-04 4.255237523466348648e-03
4.652902425732463598e-04 4.251271020621061325e-03
4.621185362339019775e-04 4.247355274856090546e-03
4.589809104800224304e-04 4.243487957864999771e-03
4.558771033771336079e-04 4.239670466631650925e-03
4.528053104877471924e-04 4.235898144543170929e-03
4.497658810578286648e-04 4.232174251228570938e-03
4.467590770218521357e-04 4.228495992720127106e-03
4.437836760189384222e-04 4.224864300340414047e-03
4.408389213494956493e-04 4.221280105412006378e-03
4.379249294288456440e-04 4.217738285660743713e-03
4.350414383225142956e-04 4.214241169393062592e-03
4.321884480305016041e-04 4.210786428302526474e-03
4.293640085961669683e-04 4.207374993711709976e-03
4.265690222382545471e-04 4.204004071652889252e-03
4.238023539073765278e-04 4.200675524771213531e-03
4.210642655380070210e-04 4.197386093437671661e-03
4.183546698186546564e-04 4.194137640297412872e-03
4.156724608037620783e-04 4.190926440060138702e-03
4.130179586354643106e-04 4.187756683677434921e-03
4.103899118490517139e-04 4.184621851891279221e-03
4.077882040292024612e-04 4.181525204330682755e-03
4.052130389027297497e-04 4.178463481366634369e-03
4.026638343930244446e-04 4.175440873950719833e-03
4.001398629043251276e-04 4.172451328486204147e-03
3.976419684477150440e-04 4.169498104602098465e-03
3.951685503125190735e-04 4.166579339653253555e-03
3.927204816136509180e-04 4.163690842688083649e-03
3.902961907442659140e-04 4.160836338996887207e-03
3.878960560541599989e-04 4.158016294240951538e-03
3.855197865050286055e-04 4.155225586146116257e-03
3.831672656815499067e-04 4.152469802647829056e-03
3.808376204688102007e-04 4.149743355810642242e-03
3.785302396863698959e-04 4.147046711295843124e-03
3.762468113563954830e-04 4.144380800426006317e-03
3.739855601452291012e-04 4.141745157539844513e-03
3.717461659107357264e-04 4.139139782637357712e-03
3.695287450682371855e-04 4.136562347412109375e-03
3.673331812024116516e-04 4.134016111493110657e-03
3.651579900179058313e-04 4.131495021283626556e-03
3.630053834058344364e-04 4.129002802073955536e-03
3.608726547099649906e-04 4.126538988202810287e-03
3.587606770452111959e-04 4.124101251363754272e-03
3.566694504115730524e-04 4.121687263250350952e-03
3.545977233443409204e-04 4.119304008781909943e-03
3.525465144775807858e-04 4.116945900022983551e-03
3.505147469695657492e-04 4.114613402634859085e-03
3.485023044049739838e-04 4.112302325665950775e-03
3.465094778221100569e-04 4.110022448003292084e-03
3.445354232098907232e-04 4.107761662453413010e-03
3.425797040108591318e-04 4.105527885258197784e-03
3.406434843782335520e-04 4.103315062820911407e-03
3.387249889783561230e-04 4.101129248738288879e-03
3.368249745108187199e-04 4.098963923752307892e-03
3.349431208334863186e-04 4.096821881830692291e-03
3.330786130391061306e-04 4.094704985618591309e-03
3.312313929200172424e-04 4.092608112841844559e-03
3.294022753834724426e-04 4.090531729161739349e-03
3.275896888226270676e-04 4.088479094207286835e-03
3.257945063523948193e-04 4.086446017026901245e-03
3.240154183004051447e-04 4.084434360265731812e-03
3.222536179237067699e-04 4.082445986568927765e-03
3.205076791346073151e-04 4.080480430275201797e-03
3.187784459441900253e-04 4.078528843820095062e-03
3.170646668877452612e-04 4.076601006090641022e-03
3.153669531457126141e-04 4.074695520102977753e-03
3.136849554721266031e-04 4.072805866599082947e-03
3.120184992440044880e-04 4.070934839546680450e-03
3.103670023847371340e-04 4.069087095558643341e-03
3.087309014517813921e-04 4.067254718393087387e-03
3.071099636144936085e-04 4.065443761646747589e-03
3.055033739656209946e-04 4.063649568706750870e-03
3.039111616089940071e-04 4.061876330524682999e-03
3.023343742825090885e-04 4.060118459165096283e-03
3.007704799529165030e-04 4.058377817273139954e-03
2.992220688611268997e-04 4.056655336171388626e-03
2.976866089738905430e-04 4.054952878504991531e-03
2.961658174172043800e-04 4.053265787661075592e-03
2.946581807918846607e-04 4.051596857607364655e-03
2.931642520707100630e-04 4.049942363053560257e-03
2.916833909694105387e-04 4.048307426273822784e-03
2.902158885262906551e-04 4.046685062348842621e-03
2.887611917685717344e-04 4.045083187520503998e-03
2.873199409805238247e-04 4.043495282530784607e-03
2.858907973859459162e-04 4.041923675686120987e-03
2.844742848537862301e-04 4.040369298309087753e-03
2.830705197993665934e-04 4.038830287754535675e-03
2.816784253809601068e-04 4.037304315716028214e-03
2.802993985824286938e-04 4.035795573145151138e-03
2.789322170428931713e-04 4.034302663058042526e-03
2.775765315163880587e-04 4.032822325825691223e-03
2.762328367680311203e-04 4.031359218060970306e-03
2.749003178905695677e-04 4.029908683151006699e-03
2.735794405452907085e-04 4.028473515063524246e-03
2.722702338360249996e-04 4.027050919830799103e-03
2.709719701670110226e-04 4.025644622743129730e-03
2.696850278880447149e-04 4.024252295494079590e-03
2.684088540263473988e-04 4.022873938083648682e-03
2.671427500899881124e-04 4.021510481834411621e-03
2.658883167896419764e-04 4.020155873149633408e-03
2.646442153491079807e-04 4.018820356577634811e-03
2.634101547300815582e-04 4.017492756247520447e-03
2.621869207359850407e-04 4.016182385385036469e-03
2.609736984595656395e-04 4.014882259070873260e-03
2.597706916276365519e-04 4.013598896563053131e-03
2.585771435406059027e-04 4.012324847280979156e-03
2.573935489635914564e-04 4.011062905192375183e-03
2.562200825195759535e-04 4.009816795587539673e-03
2.550562494434416294e-04 4.008582793176174164e-03
2.539013512432575226e-04 4.007358569651842117e-03
2.527560282032936811e-04 4.006146453320980072e-03
2.516203094273805618e-04 4.004950169473886490e-03
2.504931180737912655e-04 4.003764130175113678e-03
2.493757347110658884e-04 4.002588335424661636e-03
2.482669078744947910e-04 4.001426510512828827e-03
2.471669577062129974e-04 4.000276327133178711e-03
2.460756804794073105e-04 3.999136388301849365e-03
2.449931926093995571e-04 3.998008556663990021e-03
2.439188101561740041e-04 3.996890969574451447e-03
2.428535372018814087e-04 3.995786886662244797e-03
2.417960640741512179e-04 3.994692116975784302e-03
2.407471183687448502e-04 3.993607126176357269e-03
2.397061325609683990e-04 3.992536105215549469e-03
2.386736741755157709e-04 3.991475794464349747e-03
2.376484480919316411e-04 3.990424796938896179e-03
2.366312983212992549e-04 3.989384043961763382e-03
2.356220211368054152e-04 3.988354932516813278e-03
2.346198016311973333e-04 3.987336531281471252e-03
2.336260804440826178e-04 3.986329305917024612e-03
2.326395187992602587e-04 3.985329531133174896e-03
2.316604368388652802e-04 3.984343726187944412e-03
2.306887909071519971e-04 3.983365371823310852e-03
2.297238388564437628e-04 3.982400055974721909e-03
2.287662355229258537e-04 3.981444984674453735e-03
2.278159081470221281e-04 3.980499692261219025e-03
2.268725511385127902e-04 3.979561850428581238e-03
2.259361499454826117e-04 3.978635650128126144e-03
2.250065299449488521e-04 3.977719228714704514e-03
2.240836183773353696e-04 3.976811654865741730e-03
2.231671969639137387e-04 3.975915256887674332e-03
2.222580078523606062e-04 3.975027706474065781e-03
2.213543048128485680e-04 3.974148537963628769e-03
2.204579068347811699e-04 3.973277751356363297e-03
2.195674896938726306e-04 3.972420468926429749e-03
2.186835772590711713e-04 3.971569705754518509e-03
2.178053837269544601e-04 3.970731049776077271e-03
2.169341605622321367e-04 3.969897050410509109e-03
2.160688891308382154e-04 3.969075623899698257e-03
2.152092056348919868e-04 3.968263976275920868e-03
2.143554447684437037e-04 3.967459313571453094e-03
2.135077520506456494e-04 3.966665361076593399e-03
2.126660838257521391e-04 3.965879324823617935e-03
2.118297416018322110e-04 3.965101204812526703e-03
2.109999331878498197e-04 3.964331932365894318e-03
2.101747959386557341e-04 3.963571041822433472e-03
2.093551011057570577e-04 3.962821327149868011e-03
2.085419837385416031e-04 3.962080460041761398e-03
2.077337994705885649e-04 3.961347974836826324e-03
2.069309412036091089e-04 3.960621543228626251e-03
2.061333507299423218e-04 3.959904424846172333e-03
2.053411881206557155e-04 3.959196619689464569e-03
2.045543806161731482e-04 3.958498127758502960e-03
2.037720551015809178e-04 3.957805689424276352e-03
2.029958704952150583e-04 3.957121632993221283e-03
2.022240369115024805e-04 3.956448752433061600e-03
2.014575584325939417e-04 3.955782391130924225e-03
2.006958675337955356e-04 3.955123014748096466e-03
1.999389787670224905e-04 3.954474814236164093e-03
1.991870085475966334e-04 3.953832667320966721e-03
1.984402479138225317e-04 3.953197505325078964e-03
1.976980129256844521e-04 3.952572122216224670e-03
1.969600562006235123e-04 3.951953724026679993e-03
1.962269016075879335e-04 3.951343242079019547e-03
1.954984618350863457e-04 3.950741607695817947e-03
1.947750133695080876e-04 3.950146026909351349e-03
1.940553775057196617e-04 3.949559293687343597e-03
1.933406892931088805e-04 3.948980011045932770e-03
1.926302502397447824e-04 3.948407247662544250e-03
1.919243950396776199e-04 3.947841469198465347e-03
1.912225561682134867e-04 3.947285003960132599e-03
1.905250246636569500e-04 3.946735523641109467e-03
1.898319605970755219e-04 3.946193493902683258e-03
1.891430147225037217e-04 3.945660777390003204e-03
1.884580124169588089e-04 3.945135511457920074e-03
1.877773029264062643e-04 3.944612108170986176e-03
1.871010899776592851e-04 3.944104537367820740e-03
1.864285586634650826e-04 3.943598829209804535e-03
1.857602474046871066e-04 3.943097777664661407e-03
1.850955595728009939e-04 3.942607436329126358e-03
1.844346697907894850e-04 3.942121751606464386e-03
1.837782328948378563e-04 3.941644914448261261e-03
1.831251138355582952e-04 3.941175527870655060e-03
1.824761566240340471e-04 3.940711263567209244e-03
1.818312739487737417e-04 3.940255381166934967e-03
1.811898546293377876e-04 3.939805086702108383e-03
1.805518986657261848e-04 3.939361777156591415e-03
1.799177553039044142e-04 3.938925452530384064e-03
1.792874245438724756e-04 3.938497509807348251e-03
1.786605280358344316e-04 3.938074223697185516e-03
1.780374586815014482e-04 3.937657922506332397e-03
1.774179108906537294e-04 3.937247674912214279e-03
1.768016954883933067e-04 3.936844877898693085e-03
1.761890162015333772e-04 3.936449997127056122e-03
1.755796838551759720e-04 3.936059772968292236e-03
1.749741932144388556e-04 3.935676533728837967e-03
1.743715693010017276e-04 3.935298416763544083e-03
1.737727579893544316e-04 3.934928216040134430e-03
1.731768716126680374e-04 3.934563603252172470e-03
1.725846377667039633e-04 3.934202715754508972e-03
1.719956053420901299e-04 3.933852072805166245e-03
1.714097161311656237e-04 3.933503758162260056e-03
1.708270574454218149e-04 3.933163825422525406e-03
1.702476729406043887e-04 3.932827617973089218e-03
1.696715626167133451e-04 3.932498861104249954e-03
1.690982899162918329e-04 3.932178486138582230e-03
1.685282186372205615e-04 3.931859973818063736e-03
1.679613487794995308e-04 3.931551240384578705e-03
1.673975784797221422e-04 3.931247163563966751e-03
1.668367040110751987e-04 3.930945415049791336e-03
1.662789582042023540e-04 3.930652048438787460e-03
1.657241809880360961e-04 3.930363804101943970e-03
1.651721977395936847e-04 3.930082079023122787e-03
1.646233431529253721e-04 3.929803147912025452e-03
1.640771079109981656e-04 3.929533530026674271e-03
1.635337976040318608e-04 3.929269965738058090e-03
1.629937469260767102e-04 3.929007332772016525e-03
1.624561846256256104e-04 3.928753547370433807e-03
1.619215909158810973e-04 3.928503021597862244e-03
1.613897475181147456e-04 3.928260412067174911e-03
1.608605089131742716e-04 3.928019665181636810e-03
1.603341661393642426e-04 3.927785437554121017e-03
1.598107337485998869e-04 3.927555866539478302e-03
1.592898042872548103e-04 3.927333280444145203e-03
1.587717997608706355e-04 3.927114885300397873e-03
1.582560071256011724e-04 3.926902078092098236e-03
1.577428774908185005e-04 3.926691133528947830e-03
1.572324545122683048e-04 3.926488570868968964e-03
1.567248837091028690e-04 3.926292993128299713e-03
1.562195102451369166e-04 3.926098346710205078e-03
1.557172799948602915e-04 3.925909288227558136e-03
1.552170288050547242e-04 3.925726749002933502e-03
1.547193533042445779e-04 3.925547935068607330e-03
1.542244281154125929e-04 3.925372846424579620e-03
1.537318312330171466e-04 3.925203345715999603e-03
1.532416790723800659e-04 3.925038501620292664e-03
1.527538552181795239e-04 3.924874123185873032e-03
1.522685197414830327e-04 3.924718126654624939e-03
1.517856289865449071e-04 3.924568649381399155e-03
1.513052557129412889e-04 3.924419637769460678e-03
1.508270943304523826e-04 3.924276214092969894e-03
1.503513340139761567e-04 3.924141172319650650e-03
1.498779020039364696e-04 3.924006130546331406e-03
1.494068128522485495e-04 3.923874348402023315e-03
1.489376154495403171e-04 3.923753742128610611e-03
1.484713138779625297e-04 3.923631273210048676e-03
1.480068749515339732e-04 3.923513926565647125e-03
1.475448661949485540e-04 3.923402633517980576e-03
1.470847928430885077e-04 3.923294134438037872e-03
1.466269895900040865e-04 3.923189826309680939e-03
1.461717474739998579e-04 3.923089243471622467e-03
1.457181642763316631e-04 3.922991454601287842e-03
1.452673168387264013e-04 3.922900184988975525e-03
1.448183320462703705e-04 3.922811709344387054e-03
1.443713845219463110e-04 3.922730218619108200e-03
1.439264742657542229e-04 3.922646865248680115e-03
1.434837031411007047e-04 3.922571428120136261e-03
1.430432312190532684e-04 3.922499250620603561e-03
1.426044182153418660e-04 3.922427538782358170e-03
1.421679189661517739e-04 3.922364208847284317e-03
1.417336461599916220e-04 3.922301810234785080e-03
1.413011632394045591e-04 3.922242671251296997e-03
1.408704411005601287e-04 3.922189120203256607e-03
1.404421636834740639e-04 3.922138363122940063e-03
1.400156179443001747e-04 3.922090400010347366e-03
1.395911676809191704e-04 3.922047559171915054e-03
1.391685218550264835e-04 3.922008909285068512e-03
1.387478696415200830e-04 3.921969793736934662e-03
1.383289927616715431e-04 3.921939525753259659e-03
1.379122259095311165e-04 3.921910189092159271e-03
1.374970306642353535e-04 3.921880386769771576e-03
1.370841928292065859e-04 3.921859432011842728e-03
1.366727519780397415e-04 3.921839408576488495e-03
1.362636976409703493e-04 3.921820782124996185e-03
1.358559384243562818e-04 3.921810071915388107e-03
1.354503910988569260e-04 3.921801224350929260e-03
1.350462844129651785e-04 3.921790979802608490e-03
1.346441858913749456e-04 3.921788651496171951e-03
1.342441682936623693e-04 3.921787720173597336e-03
1.338453439529985189e-04 3.921788185834884644e-03
1.334485568804666400e-04 3.921796567738056183e-03
1.330537052126601338e-04 3.921804018318653107e-03
1.326601777691394091e-04 3.921814728528261185e-03
1.322684984188526869e-04 3.921832423657178879e-03
1.318790600635111332e-04 3.921849653124809265e-03
1.314908004133030772e-04 3.921869210898876190e-03
1.311041705776005983e-04 3.921893890947103500e-03
1.307194761466234922e-04 3.921919502317905426e-03
1.303363387705758214e-04 3.921948373317718506e-03
1.299548021052032709e-04 3.921984229236841202e-03
1.295749825658276677e-04 3.922012634575366974e-03
1.291968364967033267e-04 3.922052215784788132e-03
1.288201456191018224e-04 3.922093193978071213e-03
1.284453755943104625e-04 3.922135569155216217e-03
1.280717988265678287e-04 3.922183532267808914e-03
1.277002156712114811e-04 3.922232426702976227e-03
1.273299130843952298e-04 3.922283649444580078e-03
1.269612403120845556e-04 3.922337666153907776e-03
1.265941828023642302e-04 3.922394942492246628e-03
1.262286677956581116e-04 3.922453150153160095e-03
1.258646661881357431e-04 3.922516014426946640e-03
1.255023817066103220e-04 3.922578878700733185e-03
1.251416106242686510e-04 3.922646399587392807e-03
1.247818290721625090e-04 3.922716714441776276e-03
1.244239683728665113e-04 3.922786563634872437e-03
1.240675919689238071e-04 3.922863863408565521e-03
1.237126125488430262e-04 3.922939300537109375e-03
1.233591756317764521e-04 3.923017065972089767e-03
1.230069610755890608e-04 3.923100419342517853e-03
1.226564927492290735e-04 3.923182375729084015e-03
1.223074359586462379e-04 3.923269920051097870e-03
1.219597324961796403e-04 3.923360724002122879e-03
1.216133823618292809e-04 3.923450596630573273e-03
1.212684073834680021e-04 3.923544660210609436e-03
1.209248657687567174e-04 3.923638723790645599e-03
1.205828957608900964e-04 3.923737443983554840e-03
1.202420462504960597e-04 3.923838026821613312e-03
1.199029866256751120e-04 3.923939075320959091e-03
1.195648655993863940e-04 3.924043383449316025e-03
1.192281924886628985e-04 3.924150485545396805e-03
1.188929672935046256e-04 3.924259915947914124e-03
1.185589935630559921e-04 3.924370277673006058e-03
1.182264895760454237e-04 3.924483899027109146e-03
1.178950551548041403e-04 3.924600314348936081e-03
1.175654033431783319e-04 3.924716264009475708e-03
1.172367265098728240e-04 3.924837801605463028e-03
1.169095266959629953e-04 3.924957476556301117e-03
1.165835274150595069e-04 3.925080411136150360e-03
1.162588596343994141e-04 3.925205674022436142e-03
1.159351231763139367e-04 3.925336059182882309e-03
1.156131038442254066e-04 3.925464116036891937e-03
1.152920667664147913e-04 3.925597295165061951e-03
1.149723320850171149e-04 3.925730474293231964e-03
1.146537251770496368e-04 3.925865050405263901e-03
1.143368644989095628e-04 3.926004283130168915e-03
1.140209060395136476e-04 3.926143515855073929e-03
1.137061481131240726e-04 3.926285076886415482e-03
1.133928162744268775e-04 3.926427103579044342e-03
1.130804157583042979e-04 3.926572389900684357e-03
1.127694631577469409e-04 3.926721867173910141e-03
1.124594855355098844e-04 3.926869947463274002e-03
1.121507739298976958e-04 3.927019424736499786e-03
1.118431246140971780e-04 3.927170298993587494e-03
1.115371560445055366e-04 3.927324898540973663e-03
1.112318350351415575e-04 3.927481360733509064e-03
1.109278746298514307e-04 3.927638288587331772e-03
1.106251511373557150e-04 3.927799407392740250e-03
1.103233298636041582e-04 3.927960991859436035e-03
1.100229346775449812e-04 3.928126301616430283e-03
1.097233616746962070e-04 3.928289748728275299e-03
1.094252802431583405e-04 3.928454127162694931e-03
1.091279773390851915e-04 3.928625490516424179e-03
1.088322605937719345e-04 3.928792662918567657e-03
1.085372423403896391e-04 3.928965888917446136e-03
1.082436428987421095e-04 3.929140511900186539e-03
1.079509238479658961e-04 3.929312340915203094e-03
1.076592816389165819e-04 3.929489292204380035e-03
1.073687089956365526e-04 3.929667640477418900e-03
1.070792641257867217e-04 3.929845057427883148e-03
1.067910197889432311e-04 3.930030856281518936e-03
1.065036776708438993e-04 3.930213861167430878e-03
1.062174924300052226e-04 3.930395469069480896e-03
1.059324276866391301e-04 3.930583596229553223e-03
1.056481414707377553e-04 3.930768929421901703e-03
1.053652231348678470e-04 3.930958919227123260e-03
1.050831269822083414e-04 3.931149374693632126e-03
1.048022750183008611e-04 3.931339830160140991e-03
1.045223762048408389e-04 3.931534942239522934e-03
1.042435396811924875e-04 3.931727726012468338e-03
1.039654162013903260e-04 3.931927494704723358e-03
1.036885878420434892e-04 3.932124935090541840e-03
1.034128945320844650e-04 3.932323772460222244e-03
1.031380816129967570e-04 3.932525403797626495e-03
1.028639744617976248e-04 3.932726569473743439e-03
1.025911915348842740e-04 3.932934720069169998e-03
1.023192889988422394e-04 3.933134954422712326e-03
1.020486452034674585e-04 3.933344967663288116e-03
1.017786125885322690e-04 3.933551721274852753e-03
1.015096422634087503e-04 3.933760337531566620e-03
1.012417051242664456e-04 3.933974076062440872e-03
1.009747647913172841e-04 3.934182226657867432e-03
1.007087776088155806e-04 3.934398293495178223e-03
1.004437654046341777e-04 3.934613894671201706e-03
1.001794225885532796e-04 3.934829030185937881e-03
9.991638216888532043e-05 3.935047890990972519e-03
9.965428762370720506e-05 3.935262095183134079e-03
9.939278243109583855e-05 3.935485146939754486e-03
9.913252142723649740e-05 3.935705870389938354e-03
9.887297346722334623e-05 3.935928922146558762e-03
9.861458966042846441e-05 3.936150111258029938e-03
9.835705714067444205e-05 3.936377353966236115e-03
9.810007031774148345e-05 3.936601802706718445e-03
9.784448047867044806e-05 3.936827648431062698e-03
9.758962551131844521e-05 3.937059082090854645e-03
9.733577462611719966e-05 3.937286324799060822e-03
9.708252764539793134e-05 3.937519155442714691e-03
9.683026291895657778e-05 3.937750589102506638e-03
9.657912596594542265e-05 3.937983419746160507e-03
9.632865840103477240e-05 3.938221372663974762e-03
9.607920219423249364e-05 3.938453737646341324e-03
9.583048813510686159e-05 3.938692621886730194e-03
9.558252349961549044e-05 3.938930574804544449e-03
9.533576667308807373e-05 3.939169459044933319e-03
9.508973744232207537e-05 3.939411602914333344e-03
9.484447946306318045e-05 3.939650021493434906e-03
9.460021828999742866e-05 3.939894493669271469e-03
9.435658284928649664e-05 3.940135240554809570e-03
9.411405335413292050e-05 3.940383903682231903e-03
9.387240424985066056e-05 3.940631635487079620e-03
9.363139542983844876e-05 3.940875642001628876e-03
9.339124517282471061e-05 3.941124770790338516e-03
9.315206261817365885e-05 3.941372502595186234e-03
9.291333117289468646e-05 3.941624425351619720e-03
9.267585119232535362e-05 3.941874019801616669e-03
9.243922249879688025e-05 3.942128270864486694e-03
9.220291394740343094e-05 3.942377865314483643e-03
9.196785686071962118e-05 3.942635841667652130e-03
9.173358557745814323e-05 3.942889627069234848e-03
9.149980178335681558e-05 3.943144343793392181e-03
9.126697113970294595e-05 3.943401854485273361e-03
9.103509364649653435e-05 3.943656571209430695e-03
9.080395102500915527e-05 3.943919669836759567e-03
9.057363786268979311e-05 3.944175783544778824e-03
9.034408139996230602e-05 3.944440744817256927e-03
9.011543443193659186e-05 3.944701049476861954e-03
8.988710033008828759e-05 3.944962751120328903e-03
8.965989400167018175e-05 3.945224918425083160e-03
8.943334250943735242e-05 3.945491276681423187e-03
8.920758409658446908e-05 3.945756703615188599e-03
8.898265514289960265e-05 3.946023527532815933e-03
8.875857747625559568e-05 3.946287557482719421e-03
8.853517647366970778e-05 3.946559969335794449e-03
8.831243030726909637e-05 3.946824930608272552e-03
8.809073187876492739e-05 3.947097342461347580e-03
8.786952821537852287e-05 3.947365563362836838e-03
8.764897938817739487e-05 3.947642166167497635e-03
8.742953650653362274e-05 3.947908990085124969e-03
8.721048652660101652e-05 3.948187921196222305e-03
8.699217141838744283e-05 3.948456607758998871e-03
8.677486766828224063e-05 3.948735073208808899e-03
8.655803685542196035e-05 3.949009813368320465e-03
8.634211553726345301e-05 3.949286416172981262e-03
8.612686360720545053e-05 3.949566744267940521e-03
8.591233927290886641e-05 3.949838224798440933e-03
8.569834608351811767e-05 3.950125537812709808e-03
8.548531332053244114e-05 3.950393758714199066e-03
8.527292811777442694e-05 3.950689919292926788e-03
8.506121957907453179e-05 3.950951620936393738e-03
8.485018770443275571e-05 3.951257094740867615e-03
8.464006532449275255e-05 3.951512277126312256e-03
8.443025581073015928e-05 3.951826132833957672e-03
8.422145037911832333e-05 3.952075727283954620e-03
8.401316154049709439e-05 3.952401224523782730e-03
8.380581857636570930e-05 3.952639177441596985e-03
8.359897037735208869e-05 3.952982835471630096e-03
8.339281339431181550e-05 3.953201696276664734e-03
8.318756590597331524e-05 3.953573293983936310e-03
8.298276225104928017e-05 3.953756764531135559e-03
8.277877350337803364e-05 3.954174928367137909e-03
8.257564331870526075e-05 3.954301122575998306e-03
8.237274596467614174e-05 3.954800311475992203e-03
8.217124559450894594e-05 3.954823128879070282e-03
8.197034185286611319e-05 3.955463878810405731e-03
8.177021663868799806e-05 3.955299034714698792e-03
8.157243428286164999e-05 3.956206142902374268e-03
8.137601253110915422e-05 3.955686930567026138e-03
8.118307596305385232e-05 3.957097884267568588e-03
8.099622937152162194e-05 3.955902531743049622e-03
8.081989653874188662e-05 3.958318848162889481e-03
8.066482405411079526e-05 3.955811262130737305e-03
8.055075159063562751e-05 3.960299771279096603e-03
8.052018529269844294e-05 3.955257125198841095e-03
8.065682050073519349e-05 3.964262083172798157e-03
8.114768570521846414e-05 3.954498562961816788e-03
8.233810513047501445e-05 3.973944112658500671e-03
8.502429409418255091e-05 3.956546541303396225e-03
9.035459515871480107e-05 3.999856300652027130e-03
1.008403705782257020e-04 3.971667960286140442e-03
1.164158602477982640e-04 4.048528149724006653e-03
1.370635291095823050e-04 3.989425487816333771e-03
1.426873786840587854e-04 4.036889411509037018e-03
1.286309270653873682e-04 3.956217318773269653e-03
9.482971654506400228e-05 3.956859000027179718e-03
7.805977656971663237e-05 3.983298316597938538e-03
8.977805555332452059e-05 3.965180832892656326e-03
1.073132516467012465e-04 4.011023323982954025e-03
1.065273754647932947e-04 3.956758417189121246e-03
8.685808279551565647e-05 3.960183355957269669e-03
7.726674084551632404e-05 3.984740469604730606e-03
8.666078792884945869e-05 3.963368013501167297e-03
9.570864494889974594e-05 3.992202691733837128e-03
9.015384421218186617e-05 3.959693945944309235e-03
7.842277409508824348e-05 3.960157744586467743e-03
7.808608643244951963e-05 3.987361211329698563e-03
8.606466872151941061e-05 3.961760085076093674e-03
8.713200077181681991e-05 3.977347631007432938e-03
8.002483809832483530e-05 3.965004347264766693e-03
7.569787703687325120e-05 3.960493486374616623e-03
7.931932486826553941e-05 3.984104376286268234e-03
8.302643254864960909e-05 3.960730507969856262e-03
8.009317389223724604e-05 3.968725912272930145e-03
7.554723561042919755e-05 3.970317542552947998e-03
7.573736365884542465e-05 3.961801528930664062e-03
7.876510790083557367e-05 3.979706205427646637e-03
7.894290320109575987e-05 3.963601309806108475e-03
7.582853868370875716e-05 3.967168740928173065e-03
7.419286703225225210e-05 3.974915016442537308e-03
7.562297105323523283e-05 3.964358009397983551e-03
7.689050835324451327e-05 3.976549021899700165e-03
7.572710455860942602e-05 3.966946620494127274e-03
7.379142334684729576e-05 3.967047668993473053e-03
7.363319309661164880e-05 3.975617699325084686e-03
7.473776349797844887e-05 3.965523093938827515e-03
7.488475966965779662e-05 3.973882645368576050e-03
7.370060484390705824e-05 3.969108220189809799e-03
7.272587390616536140e-05 3.967724274843931198e-03
7.294977694982662797e-05 3.975586034357547760e-03
7.351922977250069380e-05 3.967379685491323471e-03
7.327243656618520617e-05 3.973389975726604462e-03
7.241121784318238497e-05 3.971080295741558075e-03
7.190914038801565766e-05 3.969179932028055191e-03
7.209043542388826609e-05 3.975579049438238144e-03
7.232445932459086180e-05 3.969191573560237885e-03
7.203380664577707648e-05 3.973778802901506424e-03
7.144718256313353777e-05 3.972475416958332062e-03
7.112000457709655166e-05 3.970864694565534592e-03
7.118016947060823441e-05 3.975893370807170868e-03
7.125236152205616236e-05 3.970986697822809219e-03
7.102030940586701035e-05 3.974746912717819214e-03
7.061023643473163247e-05 3.973533399403095245e-03
7.033608562778681517e-05 3.972488455474376678e-03
7.029228436294943094e-05 3.976177889853715897e-03
7.028628897387534380e-05 3.972445148974657059e-03
7.012032438069581985e-05 3.975796513259410858e-03
6.982495688134804368e-05 3.974464721977710724e-03
6.957097502890974283e-05 3.974301740527153015e-03
6.945163477212190628e-05 3.976898267865180969e-03
6.939403101569041610e-05 3.974271006882190704e-03
6.927284994162619114e-05 3.977350424975156784e-03
6.905989721417427063e-05 3.975808154791593552e-03
6.882972957100719213e-05 3.976474516093730927e-03
6.866168405395001173e-05 3.977916203439235687e-03
6.855609535705298185e-05 3.976290114223957062e-03
6.845042662462219596e-05 3.978938795626163483e-03
6.829622725490480661e-05 3.977313172072172165e-03
6.810315971961244941e-05 3.978672437369823456e-03
6.791803753003478050e-05 3.979028202593326569e-03
6.777125236112624407e-05 3.978403750807046890e-03
6.765095167793333530e-05 3.980330191552639008e-03
6.752488116035237908e-05 3.978904802352190018e-03
6.737258809152990580e-05 3.980609588325023651e-03
6.720237433910369873e-05 3.980102483183145523e-03
6.703677354380488396e-05 3.980462439358234406e-03
6.689033762086182833e-05 3.981451038271188736e-03
6.675905024167150259e-05 3.980682231485843658e-03
6.662731902906671166e-05 3.982319030910730362e-03
6.648385897278785706e-05 3.981501795351505280e-03
6.632943404838442802e-05 3.982616122812032700e-03
6.617368489969521761e-05 3.982670139521360397e-03
6.602604116778820753e-05 3.982776310294866562e-03
6.588752148672938347e-05 3.983754664659500122e-03
6.575330917257815599e-05 3.983193077147006989e-03
6.561631744261831045e-05 3.984441049396991730e-03
6.547358498210087419e-05 3.983953036367893219e-03
6.532680708914995193e-05 3.984791226685047150e-03
6.518062582472339272e-05 3.984914161264896393e-03
6.503851909656077623e-05 3.985087387263774872e-03
6.490061059594154358e-05 3.985835239291191101e-03
6.476523412857204676e-05 3.985549323260784149e-03
6.462914461735635996e-05 3.986541181802749634e-03
6.449113425333052874e-05 3.986234311014413834e-03
6.435110844904556870e-05 3.987039439380168915e-03
6.421060243155807257e-05 3.987071104347705841e-03
6.407130422303453088e-05 3.987464122474193573e-03
6.393397052306681871e-05 3.987925592809915543e-03
6.379870319506153464e-05 3.987944684922695160e-03
6.366427987813949585e-05 3.988683689385652542e-03
6.353007483994588256e-05 3.988534212112426758e-03
6.339528772514313459e-05 3.989302553236484528e-03
6.325981667032465339e-05 3.989223856478929520e-03
6.312419282039627433e-05 3.989826422184705734e-03
6.298897642409428954e-05 3.989967517554759979e-03
6.285463314270600677e-05 3.990324214100837708e-03
6.272127211559563875e-05 3.990717232227325439e-03
6.258871871978044510e-05 3.990864381194114685e-03
6.245672557270154357e-05 3.991435281932353973e-03
6.232530722627416253e-05 3.991464618593454361e-03
6.219382339622825384e-05 3.992101643234491348e-03
6.206268153619021177e-05 3.992119338363409042e-03
6.193156877998262644e-05 3.992720041424036026e-03
6.180044874781742692e-05 3.992800600826740265e-03
6.166981620481237769e-05 3.993310034275054932e-03
6.153956928756088018e-05 3.993495367467403412e-03
6.140987534308806062e-05 3.993891645222902298e-03
6.128042150521650910e-05 3.994187805801630020e-03
6.115171709097921848e-05 3.994480241090059280e-03
6.102338738855905831e-05 3.994869068264961243e-03
6.089549424359574914e-05 3.995081875473260880e-03
6.076798308640718460e-05 3.995539154857397079e-03
6.064070475986227393e-05 3.995694220066070557e-03
6.051389573258347809e-05 3.996199928224086761e-03
6.038732681190595031e-05 3.996322862803936005e-03
6.026124901836737990e-05 3.996853716671466827e-03
6.013541133143007755e-05 3.996955696493387222e-03
6.001001383992843330e-05 3.997506573796272278e-03
5.988476186757907271e-05 3.997589461505413055e-03
5.975999010843224823e-05 3.998164553195238113e-03
5.963579314993694425e-05 3.998219966888427734e-03
5.951168714091181755e-05 3.998824395239353180e-03
5.938818139838986099e-05 3.998838365077972412e-03
5.926499216002412140e-05 3.999498672783374786e-03
5.914250505156815052e-05 3.999445121735334396e-03
5.902019256609492004e-05 4.000191576778888702e-03
5.889860767638310790e-05 4.000027198344469070e-03
