0.0 -0.065 -0.05370989
0.0005 -0.06499933 -0.053850114
0.001 -0.06499667 -0.054003518
0.0015 -0.06499205 -0.05416458
0.002 -0.06498544 -0.054329373
0.0025 -0.06497675 -0.05449518
0.003 -0.06496585 -0.05466008
0.0035 -0.06495264 -0.05482264
0.004 -0.06493701 -0.05498175
0.0045 -0.06491884 -0.055136517
0.005 -0.06489806 -0.05528622
0.0055 -0.06487456 -0.055430267
0.006 -0.06484828 -0.055568162
0.0065 -0.06481913 -0.055699486
0.007 -0.06478705 -0.055823896
0.0075 -0.06475198 -0.0559411
0.008 -0.06471387 -0.05605086
0.0085 -0.06467266 -0.05615297
0.009 -0.06462732 -0.056247268
0.0095 -0.06457638 -0.056333616
0.01 -0.06452264 -0.05641191
0.0105 -0.06446646 -0.05648206
0.011 -0.06440767 -0.056544017
0.0115 -0.06434608 -0.056597725
0.012 -0.06428153 -0.05664316
0.0125 -0.0642139 -0.056680307
0.013 -0.06414119 -0.05670917
0.0135 -0.06406402 -0.056729764
0.014 -0.06398377 -0.056742106
0.0145 -0.06390084 -0.05674623
0.015 -0.06381515 -0.05674218
0.0155 -0.06372657 -0.05673
0.016 -0.06363494 -0.05670974
0.0165 -0.06354017 -0.056681465
0.017 -0.06344211 -0.056645237
0.0175 -0.06334024 -0.056601126
0.018 -0.06323493 -0.056549203
0.0185 -0.06312636 -0.056489542
0.019 -0.06301452 -0.056422226
0.0195 -0.0628994 -0.056347333
0.02 -0.06278092 -0.056264948
0.0205 -0.06265866 -0.056175157
0.021 -0.06253295 -0.056078047
0.0215 -0.06240403 -0.0559737
0.022 -0.06227192 -0.05586221
0.0225 -0.06213661 -0.05574367
0.023 -0.06199809 -0.05561816
0.0235 -0.06185539 -0.055485785
0.024 -0.06170234 -0.055346623
0.0245 -0.0615435 -0.055200778
0.025 -0.06138264 -0.05504833
0.0255 -0.06122061 -0.05488938
0.026 -0.06105731 -0.054724015
0.0265 -0.06089243 -0.054552328
0.027 -0.06072564 -0.054374404
0.0275 -0.06055668 -0.054190345
0.028 -0.06038534 -0.054000232
0.0285 -0.06021145 -0.05380416
0.029 -0.06003488 -0.053602215
0.0295 -0.05985402 -0.053394485
0.03 -0.05960192 -0.053181063
0.0305 -0.05934544 -0.052962035
0.031 -0.0591071 -0.052737482
0.0315 -0.05888372 -0.052507497
0.032 -0.05867075 -0.052272167
0.0325 -0.05846454 -0.052031573
0.033 -0.05826235 -0.051785797
0.0335 -0.05806149 -0.051534932
0.034 -0.05785704 -0.051279053
0.0345 -0.05765016 -0.051018238
0.035 -0.05744212 -0.050752576
0.0355 -0.05723294 -0.050482154
0.036 -0.05702221 -0.050207034
0.0365 -0.05680954 -0.049927294
0.037 -0.05659458 -0.049643032
0.0375 -0.0563771 -0.04935432
0.038 -0.05615691 -0.049061228
0.0385 -0.05593389 -0.048763826
0.039 -0.05570798 -0.048462205
0.0395 -0.05547913 -0.048156425
0.04 -0.05524734 -0.047846574
0.0405 -0.0550126 -0.047532715
0.041 -0.05477493 -0.047214914
0.0415 -0.05453437 -0.046893254
0.042 -0.05429093 -0.04656779
0.0425 -0.05404467 -0.04623861
0.043 -0.05379562 -0.045905784
0.0435 -0.05354382 -0.04556936
0.044 -0.05328932 -0.045229424
0.0445 -0.05303214 -0.04488603
0.045 -0.05277235 -0.04453925
0.0455 -0.05250997 -0.04418915
0.046 -0.05224504 -0.043835793
0.0465 -0.05197748 -0.04347924
0.047 -0.05170702 -0.043119557
0.0475 -0.05143393 -0.042756803
0.048 -0.05115844 -0.042391047
0.0485 -0.05088066 -0.04202234
0.049 -0.05060063 -0.041650753
0.0495 -0.05031837 -0.04127633
0.05 -0.05003389 -0.040899217
0.0505 -0.0497485 -0.040526707
0.051 -0.04946464 -0.040159017
0.0515 -0.04918222 -0.039796412
0.052 -0.0489013 -0.03943914
0.0525 -0.04862205 -0.039087474
0.053 -0.04834469 -0.03874162
0.0535 -0.04806943 -0.038401797
0.054 -0.04780017 -0.038068164
0.0545 -0.04754037 -0.037740864
0.055 -0.0472819 -0.03741999
0.0555 -0.04702396 -0.037105616
0.056 -0.04676704 -0.03679779
0.0565 -0.04651169 -0.036496524
0.057 -0.0462584 -0.03620181
0.0575 -0.04600756 -0.03591361
0.058 -0.0457595 -0.035631873
0.0585 -0.04551449 -0.035356533
0.059 -0.04527274 -0.035087485
0.0595 -0.04503442 -0.034824643
0.06 -0.04479968 -0.034567885
0.0605 -0.04456864 -0.034317095
0.061 -0.04434138 -0.034072123
0.0615 -0.044118 -0.03383284
0.062 -0.04390045 -0.0335991
0.0625 -0.04368881 -0.03337075
0.063 -0.04347962 -0.033147626
0.0635 -0.0432746 -0.032929584
0.064 -0.04307613 -0.032716468
0.0645 -0.04287989 -0.03250812
0.065 -0.04268637 -0.032304384
0.0655 -0.04249618 -0.03210511
0.066 -0.04230961 -0.03191015
0.0665 -0.04212683 -0.031719346
0.067 -0.04194795 -0.03153257
0.0675 -0.04177305 -0.031349674
0.068 -0.04160219 -0.031170543
0.0685 -0.04143541 -0.03099503
0.069 -0.04127271 -0.030823033
0.0695 -0.04111413 -0.030654434
0.07 -0.04095965 -0.030489132
0.0705 -0.0408133 -0.030327003
0.071 -0.04067438 -0.030167978
0.0715 -0.04053783 -0.030011956
0.072 -0.04040359 -0.029858865
0.0725 -0.04027205 -0.02970862
0.073 -0.04014354 -0.029561166
0.0735 -0.04001831 -0.029416434
0.074 -0.03989651 -0.029274374
0.0745 -0.03977828 -0.029134925
0.075 -0.03966369 -0.028998055
0.0755 -0.03955281 -0.028863724
0.076 -0.03944567 -0.028731894
0.0765 -0.03934229 -0.028602548
0.077 -0.03924266 -0.028475646
0.0775 -0.0391468 -0.028351191
0.078 -0.03905468 -0.02822915
0.0785 -0.03896629 -0.028109528
0.079 -0.03888161 -0.027992303
0.0795 -0.03880061 -0.027877485
0.08 -0.03872328 -0.02776507
0.0805 -0.03864957 -0.027655058
0.081 -0.03857947 -0.027547458
0.0815 -0.03851293 -0.027442275
0.082 -0.03844994 -0.027339526
0.0825 -0.03839044 -0.027239215
0.083 -0.03833442 -0.027141362
0.0835 -0.03828185 -0.027045978
0.084 -0.03823268 -0.02695308
0.0845 -0.03818688 -0.0268627
0.085 -0.03814443 -0.026774839
0.0855 -0.03810528 -0.026689531
0.086 -0.03806941 -0.026606787
0.0865 -0.03803678 -0.026526636
0.087 -0.03800737 -0.026449103
0.0875 -0.03798113 -0.02637421
0.088 -0.03795804 -0.026301976
0.0885 -0.03793806 -0.026232434
0.089 -0.03792117 -0.026165618
0.0895 -0.03790732 -0.026101528
0.09 -0.0378965 -0.026040206
0.0905 -0.03788866 -0.025981689
0.091 -0.03788378 -0.025925986
0.0915 -0.03788181 -0.02587313
0.092 -0.03788263 -0.025823148
0.0925 -0.03788622 -0.025776068
0.093 -0.0378926 -0.025731916
0.0935 -0.03790145 -0.025690718
0.094 -0.03791163 -0.025652502
0.0945 -0.03792424 -0.025617296
0.095 -0.03793995 -0.025585135
0.0955 -0.03795888 -0.025556032
0.096 -0.03798094 -0.025530025
0.0965 -0.03800602 -0.025507132
0.097 -0.038034 -0.025487393
0.0975 -0.03806478 -0.025470836
0.098 -0.03809827 -0.025457477
0.0985 -0.03813439 -0.025447354
0.099 -0.03817289 -0.025440484
0.0995 -0.03821374 -0.0254369
0.1 -0.03825701 -0.016465005
0.1005 -0.03260374 -0.009430226
0.101 -0.02757309 -0.0036794655
0.1015 -0.02365641 0.0011959635
0.102 -0.02010643 0.0054600798
0.1025 -0.01669941 0.009290408
0.103 -0.01337868 0.012809906
0.1035 -0.01012838 0.01610529
0.104 -0.006941381 0.019238051
0.1045 -0.003806316 0.022251975
0.105 -0.000718798 0.025178064
0.1055 0.002320384 0.028038148
0.106 0.005311755 0.030847464
0.1065 0.008258774 0.033616465
0.107 0.01116354 0.03635228
0.1075 0.01402745 0.039059598
0.108 0.01685177 0.04174147
0.1085 0.01963769 0.0443998
0.109 0.02238638 0.047035728
0.1095 0.02509596 0.049649853
0.11 0.02776878 0.052242447
0.1105 0.03040893 0.054813627
0.111 0.03301559 0.05736338
0.1115 0.03558066 0.059891623
0.112 0.03811416 0.06239831
0.1125 0.04062109 0.064883366
0.113 0.04310265 0.06734677
0.1135 0.04555927 0.069788545
0.114 0.04798472 0.07220873
0.1145 0.05036949 0.07460746
0.115 0.05272484 0.07698482
0.1155 0.05506147 0.079341054
0.116 0.05738147 0.08167632
0.1165 0.05968478 0.08399086
0.117 0.06197105 0.086284965
0.1175 0.06424001 0.08855891
0.118 0.06649156 0.09081301
0.1185 0.06872576 0.093047634
0.119 0.07094277 0.09526308
0.1195 0.07314263 0.09745969
0.12 0.07532544 0.09963785
0.1205 0.07749166 0.10179792
0.121 0.07964177 0.10394025
0.1215 0.08177619 0.10606526
0.122 0.08389535 0.108173296
0.1225 0.08599969 0.1102647
0.123 0.08808962 0.112339884
0.1235 0.09016555 0.11439918
0.124 0.0922279 0.11644296
0.1245 0.09427707 0.11847158
0.125 0.09631344 0.120485425
0.1255 0.0983374 0.12248477
0.126 0.1003493 0.124469995
0.1265 0.1023496 0.12644143
0.127 0.1043356 0.12839936
0.1275 0.106302 0.13034414
0.128 0.1082588 0.13227606
0.1285 0.1102081 0.13419537
0.129 0.1120983 0.13610242
0.1295 0.1138936 0.13799745
0.13 0.115713 0.13988073
0.1305 0.1175534 0.14175253
0.131 0.1193952 0.1436131
0.1315 0.1212472 0.14546268
0.132 0.1231109 0.14730151
0.1325 0.1249823 0.14912982
0.133 0.1268482 0.15094781
0.1335 0.1287104 0.1527557
0.134 0.1305717 0.15455367
0.1345 0.1324316 0.15634194
0.135 0.134224 0.15812068
0.1355 0.1359131 0.15989009
0.136 0.137638 0.16165031
0.1365 0.1394012 0.1634015
0.137 0.1410486 0.16514386
0.1375 0.142687 0.16687751
0.138 0.1443853 0.16860257
0.1385 0.1461332 0.17031921
0.139 0.1479155 0.17202756
0.1395 0.1497074 0.17372774
0.14 0.1515117 0.17541982
0.1405 0.1533277 0.17710398
0.141 0.1551507 0.1787803
0.1415 0.1569774 0.18044886
0.142 0.1588051 0.18210977
0.1425 0.1606314 0.18376315
0.143 0.1624548 0.185409
0.1435 0.1642734 0.18704748
0.144 0.1660866 0.18867864
0.1445 0.1678942 0.19030254
0.145 0.1696957 0.1919193
0.1455 0.1714909 0.19352888
0.146 0.1732797 0.19513142
0.1465 0.1750623 0.196727
0.147 0.1768386 0.1983156
0.1475 0.1786089 0.19989727
0.148 0.1803729 0.20147209
0.1485 0.1821273 0.20304008
0.149 0.1838515 0.2046013
0.1495 0.1855555 0.20615579
0.15 0.1872482 0.20770352
0.1505 0.1889431 0.20924367
0.151 0.1906403 0.21077828
0.1515 0.1923341 0.21230875
0.152 0.1940207 0.21383624
0.1525 0.1956802 0.21536146
0.153 0.1973322 0.21688496
0.1535 0.1989872 0.21840705
0.154 0.2006441 0.21992789
0.1545 0.2022854 0.2214476
0.155 0.20392 0.22296612
0.1555 0.205556 0.22448333
0.156 0.207194 0.22599913
0.1565 0.2088321 0.22751336
0.157 0.2104687 0.22902577
0.1575 0.2121022 0.23053615
0.158 0.2137315 0.23204426
0.1585 0.2153557 0.23354997
0.159 0.2169741 0.2350529
0.1595 0.2185861 0.23655297
0.16 0.2201849 0.23804985
0.1605 0.2217475 0.23954342
0.161 0.2232971 0.24103339
0.1615 0.2248464 0.24251954
0.162 0.2263969 0.24400176
0.1625 0.2279473 0.2454798
0.163 0.2294788 0.24695353
0.1635 0.2309875 0.24842273
0.164 0.2324926 0.2498873
0.1645 0.234 0.2513471
0.165 0.2355094 0.2528019
0.1655 0.2370194 0.25425163
0.166 0.2385284 0.25569615
0.1665 0.240035 0.2571353
0.167 0.2415291 0.25856906
0.1675 0.2429974 0.25999725
0.168 0.2444593 0.26141977
0.1685 0.2459221 0.26283655
0.169 0.2473859 0.2642475
0.1695 0.2488494 0.26565257
0.17 0.2503112 0.26705164
0.1705 0.2517698 0.26844463
0.171 0.2532239 0.2698315
0.1715 0.2546731 0.27121228
0.172 0.2561175 0.27258673
0.1725 0.2575569 0.27395493
0.173 0.2589909 0.2753168
0.1735 0.2604188 0.2766723
0.174 0.2618401 0.27802137
0.1745 0.2632553 0.27936396
0.175 0.2646646 0.28070012
0.1755 0.266068 0.28202972
0.176 0.2674655 0.28335273
0.1765 0.2688572 0.28466922
0.177 0.2702432 0.2859791
0.1775 0.2716236 0.28728238
0.178 0.2729983 0.28857896
0.1785 0.2743674 0.28986898
0.179 0.2757311 0.29115233
0.1795 0.2770892 0.292429
0.18 0.2784419 0.29369903
0.1805 0.2797892 0.29496235
0.181 0.2811312 0.29621896
0.1815 0.2824679 0.29746887
0.182 0.2837994 0.29871213
0.1825 0.2851135 0.2999486
0.183 0.2863865 0.3011785
0.1835 0.2876504 0.30240157
0.184 0.2889183 0.30361804
0.1845 0.2901911 0.3048278
0.185 0.2914679 0.3060309
0.1855 0.2927471 0.3072273
0.186 0.2940274 0.30841702
0.1865 0.2953077 0.30960014
0.187 0.2965864 0.31077653
0.1875 0.297825 0.3119463
0.188 0.2990188 0.3131094
0.1885 0.3002132 0.3142659
0.189 0.3014218 0.31541583
0.1895 0.3026436 0.31655914
0.19 0.3038751 0.31769583
0.1905 0.3051124 0.31882596
0.191 0.3063367 0.31994954
0.1915 0.3075526 0.32106662
0.192 0.3087696 0.32217708
0.1925 0.3099871 0.32328105
0.193 0.3111954 0.32437852
0.1935 0.3124022 0.3254695
0.194 0.3136115 0.32655403
0.1945 0.3148232 0.3276321
0.195 0.3160368 0.3287037
0.1955 0.317251 0.3297689
0.196 0.3184649 0.33082765
0.1965 0.3196782 0.33188006
0.197 0.3208904 0.33292612
0.1975 0.3221011 0.33396578
0.198 0.3233099 0.33499908
0.1985 0.3245164 0.33602616
0.199 0.3257205 0.33704686
0.1995 0.3269096 0.3380613
0.2 0.3280901 0.3303147
0.2005 0.3171208 0.32318324
0.201 0.3074099 0.31657696
0.2015 0.3004464 0.31042472
0.202 0.2945437 0.30466983
0.2025 0.2891121 0.29926643
0.203 0.2839818 0.29417714
0.2035 0.2790984 0.28937086
0.204 0.2744381 0.28482142
0.2045 0.2699852 0.28050652
0.205 0.2657274 0.27640676
0.2055 0.2616534 0.2725053
0.206 0.2577529 0.26878735
0.2065 0.2540164 0.26523966
0.207 0.2504349 0.26185045
0.2075 0.2470002 0.25860915
0.208 0.2437044 0.25550625
0.2085 0.2405403 0.25253314
0.209 0.237501 0.2496819
0.2095 0.23458 0.24694552
0.21 0.2317715 0.24431725
0.2105 0.2290697 0.24179123
0.211 0.2264694 0.2393619
0.2115 0.2239656 0.23702411
0.212 0.2215537 0.2347733
0.2125 0.2192292 0.23260503
0.213 0.2169881 0.23051532
0.2135 0.2148265 0.22850041
0.214 0.2127407 0.22655676
0.2145 0.2107273 0.22468124
0.215 0.208783 0.22287072
0.2155 0.206905 0.22112246
0.216 0.2050901 0.21943374
0.2165 0.2033359 0.21780206
0.217 0.2016396 0.21622522
0.2175 0.199999 0.2147009
0.218 0.1984116 0.21322702
0.2185 0.1968755 0.2118017
0.219 0.1953884 0.21042301
0.2195 0.1939485 0.2090893
0.22 0.1925541 0.20779891
0.2205 0.1912032 0.20655026
0.221 0.1898943 0.20534192
0.2215 0.1886259 0.20417245
0.222 0.1873965 0.2030405
0.2225 0.1862046 0.20194484
0.223 0.1850489 0.20088427
0.2235 0.1839282 0.19985761
0.224 0.1828413 0.19886379
0.2245 0.181787 0.19790174
0.225 0.1807642 0.19697057
0.2255 0.1797719 0.19606924
0.226 0.178809 0.19519687
0.2265 0.1778748 0.19435255
0.227 0.1769681 0.19353554
0.2275 0.1760882 0.19274494
0.228 0.1752343 0.19198006
0.2285 0.1744055 0.19124015
0.229 0.1736011 0.19052449
0.2295 0.1728205 0.18983236
0.23 0.1720628 0.18916321
0.2305 0.1713274 0.18851636
0.231 0.1706137 0.1878912
0.2315 0.1699211 0.18728723
0.232 0.1692491 0.18670376
0.2325 0.1685969 0.18614033
0.233 0.1679642 0.18559642
0.2335 0.1673503 0.18507154
0.234 0.1667548 0.18456514
0.2345 0.1661772 0.18407686
0.235 0.165617 0.18360616
0.2355 0.1650739 0.18315268
0.236 0.1645473 0.18271597
0.2365 0.1640368 0.18229556
0.237 0.1635421 0.18189116
0.2375 0.1630628 0.18150231
0.238 0.1625985 0.1811287
0.2385 0.1621488 0.18076992
0.239 0.1617134 0.18042566
0.2395 0.161292 0.18009557
0.24 0.1608842 0.17977932
0.2405 0.1604898 0.17947659
0.241 0.1601083 0.17918709
0.2415 0.1597396 0.1789105
0.242 0.1593834 0.1786465
0.2425 0.1590393 0.17839487
0.243 0.1587071 0.17815535
0.2435 0.1583866 0.17792758
0.244 0.1580774 0.17771138
0.2445 0.1577794 0.17750648
0.245 0.1574924 0.17731264
0.2455 0.157216 0.17712958
0.246 0.1569501 0.17695712
0.2465 0.1566945 0.17679495
0.247 0.1564489 0.17664297
0.2475 0.1562131 0.17650087
0.248 0.155987 0.17636847
0.2485 0.1557703 0.17624561
0.249 0.1555629 0.17613202
0.2495 0.1553646 0.17602752
0.25 0.1551752 0.17593259
0.2505 0.1550205 0.17586143
0.251 0.1549327 0.17581819
0.2515 0.1548958 0.17580561
0.252 0.1549005 0.17582525
0.2525 0.1549427 0.175878
0.253 0.1550201 0.17596404
0.2535 0.1551309 0.17608331
0.254 0.1552734 0.17623535
0.2545 0.1554462 0.17641942
0.255 0.1556477 0.17663485
0.2555 0.1558768 0.17688067
0.256 0.156132 0.17715599
0.2565 0.1564123 0.17745978
0.257 0.1567164 0.17779106
0.2575 0.1570434 0.17814887
0.258 0.1573921 0.17853226
0.2585 0.1577618 0.17894013
0.259 0.1581514 0.1793717
0.2595 0.1585601 0.17982589
0.26 0.1589871 0.18030183
0.2605 0.1594317 0.18079868
0.261 0.159893 0.18131553
0.2615 0.1603705 0.18185158
0.262 0.1608634 0.18240607
0.2625 0.1613712 0.18297811
0.263 0.1618932 0.18356696
0.2635 0.1624289 0.18417196
0.264 0.1629778 0.18479228
0.2645 0.1635393 0.18542735
0.265 0.1641129 0.18607649
0.2655 0.1646983 0.18673894
0.266 0.1652949 0.18741415
0.2665 0.1659023 0.18810152
0.267 0.1665201 0.18880041
0.2675 0.167148 0.18951033
0.268 0.1677856 0.19023064
0.2685 0.1684325 0.19096082
0.269 0.1690885 0.19170038
0.2695 0.169753 0.19244877
0.27 0.170426 0.19320555
0.2705 0.1711071 0.19397016
0.271 0.1717959 0.19474223
0.2715 0.1724923 0.19552128
0.272 0.1731959 0.19630687
0.2725 0.1739066 0.1970986
0.273 0.1746241 0.19789602
0.2735 0.1753481 0.1986988
0.274 0.1760785 0.1995065
0.2745 0.176815 0.20031874
0.275 0.1775575 0.2011352
0.2755 0.1783057 0.20195557
0.276 0.1790588 0.20277946
0.2765 0.1798168 0.2036065
0.277 0.1805798 0.2044365
0.2775 0.1813459 0.20526905
0.278 0.1821037 0.20610388
0.2785 0.1828627 0.2069407
0.279 0.1836295 0.20777927
0.2795 0.1844049 0.20861928
0.28 0.1851883 0.20946051
0.2805 0.1859788 0.2103027
0.281 0.1867755 0.21114554
0.2815 0.1875778 0.21198888
0.282 0.1883852 0.2128325
0.2825 0.1891973 0.21367617
0.283 0.1900136 0.21451966
0.2835 0.1908339 0.2153628
0.284 0.191658 0.21620537
0.2845 0.1924856 0.21704717
0.285 0.1933165 0.2178881
0.2855 0.1941506 0.21872793
0.286 0.1949877 0.21956651
0.2865 0.1958278 0.22040366
0.287 0.1966707 0.22123925
0.2875 0.1975162 0.22207321
0.288 0.1983644 0.22290532
0.2885 0.1992151 0.22373547
0.289 0.2000683 0.2245635
0.2895 0.2009238 0.22538938
0.29 0.2017817 0.2262129
0.2905 0.2026417 0.22703402
0.291 0.2035039 0.22785263
0.2915 0.2043682 0.22866867
0.292 0.2052346 0.22948204
0.2925 0.2061029 0.23029254
0.293 0.2069732 0.23110028
0.2935 0.2078451 0.23190506
0.294 0.2087187 0.23270689
0.2945 0.2095941 0.23350565
0.295 0.2104712 0.23430137
0.2955 0.21135 0.2350939
0.296 0.2122305 0.23588325
0.2965 0.2131126 0.2366694
0.297 0.2139964 0.23745228
0.2975 0.2148816 0.23823191
0.298 0.2157682 0.23900817
0.2985 0.2166556 0.23978113
0.299 0.217544 0.24055077
0.2995 0.2184335 0.24131702
0.3 0.2193243 0.23788716
0.3005 0.2145294 0.23570187
0.301 0.2104113 0.23392554
0.3015 0.2074542 0.23208763
0.302 0.2049011 0.2300217
0.3025 0.2025218 0.22772981
0.303 0.200256 0.22527783
0.3035 0.1980855 0.22274067
0.304 0.196003 0.22018139
0.3045 0.1940039 0.2176464
0.305 0.1920851 0.21516745
0.3055 0.1902434 0.21276475
0.306 0.1884765 0.21045052
0.3065 0.1867816 0.2082311
0.307 0.1851565 0.20610921
0.3075 0.1835989 0.20408498
0.308 0.1821066 0.20215707
0.3085 0.1806776 0.20032306
0.309 0.1793097 0.19858004
0.3095 0.1780011 0.19692479
0.31 0.1767499 0.19535391
0.3105 0.1755543 0.19386403
0.311 0.1744127 0.19245183
0.3115 0.1733234 0.1911141
0.312 0.1722848 0.18984774
0.3125 0.1712955 0.18864977
0.313 0.1703539 0.18751737
0.3135 0.1694586 0.18644789
0.314 0.1686085 0.18543877
0.3145 0.1678021 0.1844876
0.315 0.1670382 0.18359207
0.3155 0.1663157 0.18275005
0.316 0.1656335 0.18195947
0.3165 0.1649903 0.1812184
0.317 0.1643853 0.18052502
0.3175 0.1638173 0.1798775
0.318 0.1632854 0.17927423
0.3185 0.1627887 0.17871359
0.319 0.1623262 0.17819414
0.3195 0.1618972 0.1777144
0.32 0.1615006 0.177273
0.3205 0.1611359 0.17686866
0.321 0.1608021 0.17650013
0.3215 0.1604985 0.17616624
0.322 0.1602244 0.17586586
0.3225 0.159979 0.17559792
0.323 0.1597618 0.1753614
0.3235 0.159572 0.17515527
0.324 0.159409 0.17497867
0.3245 0.1592722 0.17483068
0.325 0.159161 0.1747104
0.3255 0.1590748 0.17461707
0.326 0.159013 0.17454986
0.3265 0.1589751 0.17450808
0.327 0.1589607 0.17449096
0.3275 0.1589691 0.17449783
0.328 0.1589998 0.17452802
0.3285 0.1590525 0.17458092
0.329 0.1591266 0.17465588
0.3295 0.1592216 0.17475238
0.33 0.1593372 0.1748698
0.3305 0.1594728 0.17500766
0.331 0.1596282 0.17516541
0.3315 0.1598028 0.17534257
0.332 0.1599963 0.17553866
0.3325 0.1602083 0.17575318
0.333 0.1604383 0.17598577
0.3335 0.1606862 0.17623594
0.334 0.1609514 0.1765033
0.3345 0.1612337 0.17678748
0.335 0.1615327 0.17708805
0.3355 0.161848 0.1774047
0.336 0.1621795 0.17773703
0.3365 0.1625266 0.17808472
0.337 0.1628893 0.17844741
0.3375 0.163267 0.17882483
0.338 0.1636596 0.17921662
0.3385 0.1640668 0.17962252
0.339 0.1644883 0.18004222
0.3395 0.1649238 0.18047541
0.34 0.165373 0.1809219
0.3405 0.1658358 0.18138133
0.341 0.1663118 0.18185352
0.3415 0.1668008 0.18233816
0.342 0.1673026 0.18283506
0.3425 0.1678169 0.18334393
0.343 0.1683435 0.18386458
0.3435 0.1688822 0.18439679
0.344 0.1694327 0.18494034
0.3445 0.1699949 0.18549499
0.345 0.1705685 0.18606056
0.3455 0.1711534 0.18663684
0.346 0.1717493 0.18722363
0.3465 0.172356 0.18782075
0.347 0.1729733 0.18842798
0.3475 0.1736011 0.18904522
0.348 0.1742392 0.18967219
0.3485 0.1748873 0.19030878
0.349 0.1755454 0.19095482
0.3495 0.1762132 0.1916101
0.35 0.1768905 0.1839004
0.3505 0.1654249 0.17538625
0.351 0.1552213 0.1672777
0.3515 0.1477703 0.15974091
0.352 0.1413861 0.1527468
0.3525 0.1354795 0.14623637
0.353 0.1298808 0.14015308
0.3535 0.1245357 0.13444813
0.354 0.1194203 0.12908034
0.3545 0.1145188 0.12401497
0.355 0.1098187 0.11922258
0.3555 0.1053084 0.11467782
0.356 0.1009776 0.110358834
0.3565 0.09681633 0.10624668
0.357 0.09281558 0.10232468
0.3575 0.08896677 0.098578155
0.358 0.08526188 0.09499402
0.3585 0.08169339 0.09156063
0.359 0.07825427 0.088267535
0.3595 0.0749379 0.085105315
0.36 0.07173806 0.08206545
0.3605 0.06864895 0.0791402
0.361 0.06566509 0.076322466
0.3615 0.06278133 0.073605835
0.362 0.05999285 0.07098435
0.3625 0.05729511 0.06845255
0.363 0.05468383 0.06600542
0.3635 0.05215499 0.06363833
0.364 0.04970482 0.061346922
0.3645 0.04732974 0.05912723
0.365 0.0450264 0.056975562
0.3655 0.04279163 0.05488841
0.366 0.04062244 0.05286259
0.3665 0.03851601 0.05089507
0.367 0.03646969 0.04898304
0.3675 0.03448095 0.047123868
0.368 0.03254742 0.045315076
0.3685 0.03066685 0.04355437
0.369 0.02883712 0.041839566
0.3695 0.0270562 0.04016864
0.37 0.0253222 0.03853965
0.3705 0.0236333 0.036950815
0.371 0.02198778 0.035400424
0.3715 0.02038402 0.033886883
0.372 0.01882048 0.03240869
0.3725 0.01729569 0.030964416
0.373 0.01580824 0.029552732
0.3735 0.01435682 0.028172363
0.374 0.01294016 0.026822139
0.3745 0.01155705 0.02550089
0.375 0.01020637 0.024207566
0.3755 0.008886999 0.022941168
0.376 0.007597914 0.021700736
0.3765 0.006338116 0.020485368
0.377 0.005106657 0.019294191
0.3775 0.003902632 0.01812641
0.378 0.002725174 0.01698124
0.3785 0.001573456 0.015857961
0.379 0.0004466855 0.014755871
0.3795 -0.0006558955 0.0136743225
0.38 -0.001735014 0.012612689
0.3805 -0.002791364 0.011570346
0.381 -0.003825615 0.01054677
0.3815 -0.004838406 0.0095414035
0.382 -0.005830351 0.008553725
0.3825 -0.006802039 0.007583257
0.383 -0.007754038 0.0066295303
0.3835 -0.008686892 0.0056920946
0.384 -0.009601124 0.004770521
0.3845 -0.01049724 0.003864415
0.385 -0.01137572 0.002973374
0.3855 -0.01223703 0.0020970441
0.386 -0.01308163 0.0012350492
0.3865 -0.01390994 0.00038705394
0.387 -0.01472238 -0.00044725835
0.3875 -0.01551936 -0.0012682118
0.388 -0.01630127 -0.002076108
0.3885 -0.01706847 -0.0028712228
0.389 -0.01782134 -0.0036538504
0.3895 -0.01856022 -0.0044242516
0.39 -0.01928545 -0.0051826835
0.3905 -0.01999736 -0.0059293993
0.391 -0.02069626 -0.0066646375
0.3915 -0.02138246 -0.0073886253
0.392 -0.02205626 -0.00810159
0.3925 -0.02271794 -0.008803744
0.393 -0.02336779 -0.009495307
0.3935 -0.02400606 -0.010176476
0.394 -0.02463302 -0.010847434
0.3945 -0.02524893 -0.011508383
0.395 -0.02585402 -0.0121595
0.3955 -0.02644855 -0.01280098
0.396 -0.02703273 -0.013432976
0.3965 -0.02760679 -0.014055669
0.397 -0.02817095 -0.014669217
0.3975 -0.02872543 -0.01527378
0.398 -0.02927042 -0.01586951
0.3985 -0.02980613 -0.016456563
0.399 -0.03033274 -0.01703509
0.3995 -0.03085046 -0.01760523
0.4 -0.03135946 -0.018166184
0.4005 -0.03183267 -0.018672053
0.401 -0.03223544 -0.019122194
0.4015 -0.03258392 -0.019518416
0.402 -0.03288741 -0.019863352
0.4025 -0.03314979 -0.020159781
0.403 -0.03337319 -0.020410407
0.4035 -0.03355927 -0.020617802
0.404 -0.03370947 -0.020784367
0.4045 -0.03382515 -0.020912327
0.405 -0.03390758 -0.02100376
0.4055 -0.03395796 -0.021060608
0.406 -0.03397744 -0.021084663
0.4065 -0.03396702 -0.021077592
0.407 -0.03392624 -0.021040946
0.4075 -0.03385675 -0.020976182
0.408 -0.03376046 -0.020884652
0.4085 -0.03363849 -0.020767603
0.409 -0.03349169 -0.020626225
0.4095 -0.03332084 -0.020461604
0.41 -0.03312667 -0.020274755
0.4105 -0.03290987 -0.020066641
0.411 -0.03267111 -0.019838143
0.4115 -0.03241103 -0.019590087
0.412 -0.03213023 -0.01932326
0.4125 -0.0318293 -0.01903838
0.413 -0.03150879 -0.01873612
0.4135 -0.03116926 -0.018417127
0.414 -0.03081121 -0.018081978
0.4145 -0.03043514 -0.017731234
0.415 -0.03004154 -0.017365407
0.4155 -0.02963085 -0.016984984
0.416 -0.02920353 -0.016590428
0.4165 -0.02876 -0.016182158
0.417 -0.02830067 -0.015760578
0.4175 -0.02782594 -0.015326049
0.418 -0.02733618 -0.014878944
0.4185 -0.02683178 -0.014419578
0.419 -0.02631308 -0.013948265
0.4195 -0.02578042 -0.0134652965
0.42 -0.02523414 -0.012970947
0.4205 -0.02467457 -0.012465473
0.421 -0.024102 -0.011949118
0.4215 -0.02351674 -0.011422116
0.422 -0.02291908 -0.01088468
0.4225 -0.02230929 -0.010337014
0.423 -0.02168766 -0.009779323
0.4235 -0.02105444 -0.009211775
0.424 -0.02040988 -0.008634556
0.4245 -0.01975424 -0.008047819
0.425 -0.01908775 -0.0074517317
0.4255 -0.01841065 -0.006846443
0.426 -0.01772315 -0.0062320866
0.4265 -0.01702549 -0.0056088045
0.427 -0.01631786 -0.0049767233
0.4275 -0.01560047 -0.0043359734
0.428 -0.01487352 -0.003686659
0.4285 -0.01413721 -0.0030289106
0.429 -0.01339173 -0.0023628213
0.4295 -0.01263726 -0.0016885027
0.43 -0.01187398 -0.0010060593
0.4305 -0.01110207 -0.00031558797
0.431 -0.0103217 0.00038281828
0.4315 -0.009533023 0.00108907
0.432 -0.008736211 0.0018030815
0.4325 -0.007931418 0.0025247633
0.433 -0.007118796 0.0032540374
0.4335 -0.006298479 0.003990818
0.434 -0.005470606 0.004735019
0.4345 -0.004635319 0.005486574
0.435 -0.00379276 0.0062454045
0.4355 -0.002943041 0.007011451
0.436 -0.00208618 0.00778462
0.4365 -0.001222448 0.008564848
0.437 -0.0003520025 0.009352062
0.4375 0.0005251004 0.010146204
0.438 0.001408928 0.010947201
0.4385 0.002299339 0.011754993
0.439 0.003196086 0.012569506
0.4395 0.004098984 0.013390686
0.44 0.005007896 0.014218453
0.4405 0.005922706 0.015052762
0.441 0.006843286 0.015893545
0.4415 0.007769464 0.016740743
0.442 0.008701158 0.017594289
0.4425 0.009638306 0.018454123
0.443 0.01058084 0.019320194
0.4435 0.01152831 0.020192433
0.444 0.01246969 0.021070797
0.4445 0.01340916 0.021955196
0.445 0.01435513 0.022845615
0.4455 0.01530958 0.023741972
0.446 0.01626804 0.024644207
0.4465 0.01722645 0.02555227
0.447 0.01818993 0.026466098
0.4475 0.01915316 0.027385648
0.448 0.02012269 0.028310832
0.4485 0.02110209 0.029241648
0.449 0.02209122 0.030177992
0.4495 0.02308907 0.031119827
0.45 0.0240946 0.032067094
0.4505 0.02510695 0.033019755
0.451 0.02612539 0.03397773
0.4515 0.02714936 0.034940984
0.452 0.02817841 0.035909448
0.4525 0.02921216 0.036883082
0.453 0.03025033 0.037861828
0.4535 0.03129267 0.038845617
0.454 0.03233898 0.03983442
0.4545 0.03338911 0.040828172
0.455 0.03444291 0.04182682
0.4555 0.03550028 0.0428303
0.456 0.0365611 0.04383857
0.4565 0.0376253 0.04485159
0.457 0.03869279 0.045869295
0.4575 0.03976348 0.046891633
0.458 0.04083728 0.047918547
0.4585 0.04191417 0.048950005
0.459 0.04299411 0.04998592
0.4595 0.04407707 0.051026274
0.46 0.04516299 0.05207101
0.4605 0.04625199 0.05312005
0.461 0.04734528 0.054173376
0.4615 0.04844126 0.05523094
0.462 0.0495395 0.056292664
0.4625 0.05064008 0.057358522
0.463 0.05174308 0.058428463
0.4635 0.05284797 0.059502397
0.464 0.05394314 0.06058033
0.4645 0.05503416 0.061662186
0.465 0.05612995 0.062747926
0.4655 0.05723242 0.0638375
0.466 0.05834121 0.06493083
0.4665 0.05945552 0.06602791
0.467 0.0605757 0.06712867
0.4675 0.06170123 0.06823307
0.468 0.06282983 0.06934105
0.4685 0.06396119 0.070452586
0.469 0.06509522 0.071567595
0.4695 0.06623182 0.07268609
0.47 0.06737088 0.07380794
0.4705 0.0685123 0.074933186
0.471 0.06965601 0.076061726
0.4715 0.07080195 0.07719354
0.472 0.07195005 0.07832858
0.4725 0.07310026 0.07946679
0.473 0.07425253 0.0806081
0.4735 0.0754068 0.081752524
0.474 0.07656302 0.0829
0.4745 0.07772115 0.08405045
0.475 0.07888116 0.08520387
0.4755 0.080043 0.08636017
0.476 0.08120666 0.08751936
0.4765 0.0823721 0.08868137
0.477 0.08353928 0.08984615
0.4775 0.0847082 0.091013685
0.478 0.08587504 0.09218392
0.4785 0.08703659 0.09335679
0.479 0.08820142 0.094532296
0.4795 0.08937043 0.09571035
0.48 0.0905431 0.096890956
0.4805 0.09171893 0.098074034
0.481 0.0928975 0.099259555
0.4815 0.09407851 0.100447506
0.482 0.09526169 0.101637825
0.4825 0.09644683 0.102830455
0.483 0.09763379 0.10402538
0.4835 0.09882243 0.10522257
0.484 0.1000127 0.10642196
0.4845 0.1012045 0.10762353
0.485 0.1023977 0.10882723
0.4855 0.1035924 0.11003305
0.486 0.1047885 0.11124089
0.4865 0.1059859 0.11245079
0.487 0.1071847 0.113662645
0.4875 0.1083848 0.11487645
0.488 0.1095862 0.116092175
0.4885 0.1107889 0.11730975
0.489 0.1119929 0.118529186
0.4895 0.113198 0.119750425
0.49 0.1144044 0.12097344
0.4905 0.1156119 0.12219815
0.491 0.1168206 0.12342456
0.4915 0.1180304 0.12465264
0.492 0.1192414 0.12588234
0.4925 0.1204535 0.12711363
0.493 0.1216667 0.12834649
0.4935 0.1228806 0.12958086
0.494 0.1240952 0.13081671
0.4945 0.1253108 0.13205403
0.495 0.1265273 0.13329275
0.4955 0.1277449 0.13453287
0.496 0.1289635 0.13577433
0.4965 0.1301831 0.13701715
0.497 0.1314038 0.1382612
0.4975 0.1326255 0.13950656
0.498 0.1338483 0.14075312
0.4985 0.135072 0.1420009
0.499 0.1362968 0.14324982
0.4995 0.1375226 0.14449988
