0.0 -0.065 -0.03160598
0.0005 -0.06344688 -0.03729433
0.001 -0.06030965 -0.041406795
0.0015 -0.05758122 -0.043845907
0.002 -0.05545241 -0.04508868
0.0025 -0.05369594 -0.04549116
0.003 -0.05212624 -0.04528424
0.0035 -0.05064129 -0.044621944
0.004 -0.04919189 -0.043612227
0.0045 -0.04775571 -0.04233396
0.005 -0.04632331 -0.040846527
0.0055 -0.0448953 -0.039195284
0.006 -0.0434704 -0.037415802
0.0065 -0.04204777 -0.03553605
0.007 -0.04062426 -0.033578515
0.0075 -0.03919725 -0.031561136
0.008 -0.03776877 -0.029498814
0.0085 -0.03634122 -0.027403621
0.009 -0.03491705 -0.02528551
0.0095 -0.03349669 -0.023152975
0.01 -0.03207652 -0.024166254
0.0105 -0.03220241 -0.02367556
0.011 -0.03389933 -0.02220243
0.0115 -0.03519047 -0.020212887
0.012 -0.03589138 -0.01803459
0.0125 -0.03622921 -0.015870957
0.013 -0.03638831 -0.013838051
0.0135 -0.0364699 -0.011997132
0.014 -0.03652285 -0.010376764
0.0145 -0.03656949 -0.008986501
0.015 -0.03661966 -0.0078251045
0.0155 -0.03667756 -0.0068850797
0.016 -0.03674479 -0.0061555114
0.0165 -0.03682178 -0.0056235623
0.017 -0.03690819 -0.0052754115
0.0175 -0.0370037 -0.005096888
0.018 -0.03710803 -0.0050738063
0.0185 -0.03722077 -0.0051923078
0.019 -0.0373414 -0.005438952
0.0195 -0.03746939 -0.0058009084
0.02 -0.0376042 -0.009553557
0.0205 -0.0361931 -0.011945894
0.021 -0.03320959 -0.013724273
0.0215 -0.03064857 -0.015085874
0.022 -0.02869687 -0.016070543
0.0225 -0.02712271 -0.016696287
0.023 -0.02574147 -0.01698774
0.0235 -0.02445213 -0.016976727
0.024 -0.0232023 -0.016697867
0.0245 -0.02196441 -0.016185222
0.025 -0.02072815 -0.015470607
0.0255 -0.01949354 -0.0145825725
0.026 -0.01825818 -0.013546405
0.0265 -0.01701976 -0.012384264
0.027 -0.01577786 -0.01111537
0.0275 -0.01453363 -0.009756474
0.028 -0.01328884 -0.008321999
0.0285 -0.01204506 -0.0068246257
0.029 -0.01080348 -0.005275203
0.0295 -0.009564944 -0.0036832374
0.03 -0.008329995 -0.0053542983
0.0305 -0.0086503 -0.005654944
0.031 -0.01055521 -0.005048735
0.0315 -0.01205652 -0.0039438438
0.032 -0.01296516 -0.002619816
0.0325 -0.01350825 -0.001245914
0.033 -0.01387092 8.2688406e-05
0.0335 -0.01415495 0.0013155211
0.034 -0.01441042 0.0024275202
0.0345 -0.01466081 0.00340751
0.035 -0.01491423 0.004252242
0.0355 -0.01517373 0.0049625356
0.036 -0.01544073 0.0055416245
0.0365 -0.01571583 0.005994076
0.037 -0.01599915 0.006325254
0.0375 -0.01629047 0.0065410007
0.038 -0.01658938 0.006647365
0.0385 -0.01689539 0.006650539
0.039 -0.01720793 0.0065567736
0.0395 -0.01752645 0.0063723344
0.04 -0.0178504 0.005893247
0.0405 -0.01662721 0.005398037
0.041 -0.01382689 0.0048028845
0.0415 -0.01144423 0.0041935015
0.042 -0.00967126 0.003673153
0.0425 -0.008273642 0.0033056308
0.043 -0.007062001 0.0031182934
0.0435 -0.0059341 0.0031153876
0.044 -0.004845049 0.0032887477
0.0445 -0.003771562 0.0036245007
0.045 -0.002701145 0.0041068215
0.0455 -0.001628647 0.0047197957
0.046 -0.0005529482 0.0054482687
0.0465 0.0005255654 0.0062785167
0.047 0.001606166 0.0071979184
0.0475 0.002688107 0.008195268
0.048 0.003770666 0.009260433
0.0485 0.004853138 0.010384606
0.049 0.005934985 0.011559637
0.0495 0.007015902 0.012778537
0.05 0.0080955 0.0103535075
0.0505 0.007621193 0.009445535
0.051 0.005562859 0.009485291
0.0515 0.003910439 0.010026054
0.052 0.0028535 0.010786014
0.0525 0.002164652 0.011606397
0.053 0.001658413 0.012403937
0.0535 0.001232774 0.013137283
0.054 0.0008384504 0.013787212
0.0545 0.0004529685 0.014345797
0.055 6.644082e-05 0.014810944
0.0555 -0.0003252822 0.015183294
0.056 -0.0007237505 0.015465142
0.0565 -0.00112933 0.015659409
0.057 -0.001541844 0.015769498
0.0575 -0.001960869 0.015799047
0.058 -0.002385876 0.015751736
0.0585 -0.002816295 0.015631424
0.059 -0.003251548 0.015441911
0.0595 -0.003691066 0.015187079
0.06 -0.0041343 0.014870675
0.0605 -0.00458072 0.014496507
0.061 -0.005029819 0.014068263
0.0615 -0.005481115 0.013589578
0.062 -0.005934148 0.013064006
0.0625 -0.006388479 0.012494976
0.063 -0.006843692 0.011885906
0.0635 -0.007299393 0.011240089
0.064 -0.007755206 0.010560559
0.0645 -0.008210774 0.0098504815
0.065 -0.008665761 0.00911268
0.0655 -0.009119845 0.008349994
0.066 -0.009572723 0.0075651202
0.0665 -0.01002411 0.006760599
0.067 -0.01047373 0.0059388373
0.0675 -0.01092133 0.0051022414
0.068 -0.01136667 0.0042529795
0.0685 -0.01180951 0.0033931453
0.069 -0.01224965 0.0025246982
0.0695 -0.01268819 0.0016495083
0.07 -0.0131263 0.0007693935
0.0705 -0.0135608 -0.00011407398
0.071 -0.01399069 -0.0009992626
0.0715 -0.01441597 -0.0018847268
0.072 -0.0148368 -0.0027691554
0.0725 -0.01525331 -0.0036512595
0.073 -0.01566555 -0.0045297947
0.0735 -0.01607353 -0.0054037254
0.074 -0.01647719 -0.006272016
0.0745 -0.01687648 -0.007133683
0.075 -0.01727132 -0.007987862
0.0755 -0.01766162 -0.008833794
0.076 -0.01804732 -0.0096706655
0.0765 -0.01842834 -0.010497881
0.077 -0.01880461 -0.011314785
0.0775 -0.01917607 -0.012120841
0.078 -0.01954268 -0.01291549
0.0785 -0.0199044 -0.0136983
0.079 -0.02026115 -0.014468936
0.0795 -0.02061288 -0.015226891
0.08 -0.02095954 -0.015971972
0.0805 -0.02130112 -0.01670382
0.081 -0.02163758 -0.017422227
0.0815 -0.02196893 -0.018127
0.082 -0.02229514 -0.018817922
0.0825 -0.02261621 -0.019494867
0.083 -0.02293213 -0.020157693
0.0835 -0.0232429 -0.02080634
0.084 -0.02354851 -0.021440698
0.0845 -0.02384897 -0.022060735
0.085 -0.02414428 -0.022666505
0.0855 -0.02443446 -0.023257872
0.086 -0.0247195 -0.023834927
0.0865 -0.02499942 -0.024397677
0.087 -0.02527424 -0.024946226
0.0875 -0.02554397 -0.02548056
0.088 -0.02580863 -0.026000781
0.0885 -0.02606824 -0.026506996
0.089 -0.02632282 -0.02699927
0.0895 -0.02657241 -0.027477792
0.09 -0.02681702 -0.027942574
0.0905 -0.02705668 -0.028393796
0.091 -0.02729142 -0.0288316
0.0915 -0.02752128 -0.029256081
0.092 -0.02774458 -0.029667443
0.0925 -0.02795941 -0.030065788
0.093 -0.0281682 -0.03045134
0.0935 -0.02837298 -0.030824197
0.094 -0.02857444 -0.031184552
0.0945 -0.02877259 -0.03153257
0.095 -0.02896722 -0.0318684
0.0955 -0.02915807 -0.032192275
0.096 -0.02934491 -0.032504305
0.0965 -0.0295276 -0.032804728
0.097 -0.02970605 -0.033093646
0.0975 -0.0298802 -0.03337133
0.098 -0.03005003 -0.033637866
0.0985 -0.03021556 -0.033893526
0.099 -0.03037679 -0.03413838
0.0995 -0.03053376 -0.034372747
0.1 -0.0306865 -0.0316232
0.1005 -0.03079018 -0.030595927
0.101 -0.0307868 -0.03041595
0.1015 -0.03070048 -0.030653087
0.102 -0.03055179 -0.03108853
0.1025 -0.03035529 -0.03160739
0.103 -0.03012004 -0.03214708
0.1035 -0.02985137 -0.03267242
0.104 -0.02955239 -0.033162907
0.1045 -0.02922491 -0.03360626
0.105 -0.02886997 -0.033995107
0.1055 -0.02848811 -0.034324825
0.106 -0.02807992 -0.034592777
0.1065 -0.02764598 -0.03479743
0.107 -0.02718673 -0.034938127
0.1075 -0.0267025 -0.035014734
0.108 -0.02619359 -0.035027534
0.1085 -0.02566029 -0.034977034
0.109 -0.02510289 -0.03486401
0.1095 -0.02452168 -0.034689277
0.11 -0.02391695 -0.03445381
0.1105 -0.023289 -0.034158558
0.111 -0.02263812 -0.03380464
0.1115 -0.02196461 -0.033393145
0.112 -0.02126877 -0.032925144
0.1125 -0.02055088 -0.03240177
0.113 -0.01981124 -0.031824186
0.1135 -0.01905018 -0.031193478
0.114 -0.01827057 -0.030510811
0.1145 -0.0174723 -0.029777376
0.115 -0.0166529 -0.02899423
0.1155 -0.01581172 -0.028162627
0.116 -0.01494913 -0.027283726
0.1165 -0.01406576 -0.026358662
0.117 -0.01316223 -0.025388686
0.1175 -0.01223913 -0.024374975
0.118 -0.01129692 -0.02331881
0.1185 -0.01033596 -0.022221385
0.119 -0.00935664 -0.021083979
0.1195 -0.008359345 -0.019907875
0.12 -0.007344285 -0.018694459
0.1205 -0.006311655 -0.017444966
0.121 -0.005261976 -0.016160784
0.1215 -0.004200729 -0.014843253
0.122 -0.003126092 -0.013493819
0.1225 -0.002033365 -0.012113882
0.123 -0.0009213454 -0.010704888
0.1235 0.0002087792 -0.009268252
0.124 0.001350659 -0.0078054797
0.1245 0.002506618 -0.0063180905
0.125 0.003680483 -0.00480756
0.1255 0.00487286 -0.0032754373
0.126 0.006078574 -0.001723228
0.1265 0.007296815 -0.00015249662
0.127 0.008532738 0.001435237
0.1275 0.009785918 0.003038438
0.128 0.01104754 0.004655527
0.1285 0.01232039 0.006284939
0.129 0.01360996 0.007925125
0.1295 0.01491714 0.009574609
0.13 0.01624085 0.011231752
0.1305 0.01757891 0.012895139
0.131 0.01892914 0.014563205
0.1315 0.02028354 0.016234504
0.132 0.02164348 0.017907562
0.1325 0.02301755 0.019580992
0.133 0.02440845 0.021253275
0.1335 0.02581562 0.022923084
0.134 0.02723761 0.024589034
0.1345 0.02867303 0.026249843
0.135 0.03011477 0.027904155
0.1355 0.03156091 0.029550778
0.136 0.0330196 0.031188445
0.1365 0.03449365 0.032815978
0.137 0.03598241 0.034432232
0.1375 0.03748433 0.036036074
0.138 0.03899802 0.037626445
0.1385 0.04052248 0.039202303
0.139 0.04205703 0.040762678
0.1395 0.04360127 0.042306647
0.14 0.04515493 0.043833196
0.1405 0.04671782 0.045341566
0.141 0.0482898 0.046830863
0.1415 0.04987065 0.048300326
0.142 0.05146017 0.049749196
0.1425 0.05305829 0.051176816
0.143 0.05466488 0.052582458
0.1435 0.05627833 0.053965494
0.144 0.05789906 0.05532536
0.1445 0.05952146 0.056661487
0.145 0.06112856 0.057973415
0.1455 0.0627422 0.059260532
0.146 0.06437451 0.060522586
0.1465 0.06602622 0.06175901
0.147 0.06769431 0.062969506
0.1475 0.06937545 0.0641537
0.148 0.07106708 0.06531133
0.1485 0.07276744 0.06644206
0.149 0.07447543 0.06754573
0.1495 0.07619025 0.06862199
0.15 0.07791137 0.06875807
0.1505 0.07952767 0.06912349
0.151 0.08086742 0.06963594
0.1515 0.08201645 0.07025185
0.152 0.08304991 0.07094592
0.1525 0.08400535 0.071701676
0.153 0.08489964 0.07250705
0.1535 0.08574033 0.07335265
0.154 0.08653096 0.074230514
0.1545 0.08727347 0.075133905
0.155 0.08796898 0.07605682
0.1555 0.08861838 0.07699403
0.156 0.08922251 0.077940956
0.1565 0.08978212 0.07889332
0.157 0.09029785 0.07984753
0.1575 0.09077025 0.08080022
0.158 0.09119998 0.081748374
0.1585 0.0915877 0.0826893
0.159 0.09193404 0.083620496
0.1595 0.0922396 0.08453964
0.16 0.09250496 0.08544469
0.1605 0.09273068 0.08633375
0.161 0.09291731 0.08720498
0.1615 0.09306541 0.088056706
0.162 0.09317551 0.08888736
0.1625 0.09324817 0.0896955
0.163 0.09328391 0.09047973
0.1635 0.09328328 0.09123867
0.164 0.09324681 0.09197109
0.1645 0.09317504 0.092675805
0.165 0.09306849 0.0933516
0.1655 0.09292768 0.09399747
0.166 0.09275313 0.09461227
0.1665 0.09254536 0.095194966
0.167 0.09230487 0.09574464
0.1675 0.09203217 0.096260265
0.168 0.09172774 0.096740976
0.1685 0.09139208 0.09718582
0.169 0.09102568 0.09759399
0.1695 0.09062901 0.097964615
0.17 0.09020255 0.09829688
0.1705 0.08974678 0.09859002
0.171 0.08926214 0.09884331
0.1715 0.08874911 0.099055976
0.172 0.08820814 0.09922737
0.1725 0.08763967 0.0993568
0.173 0.08704414 0.099443644
0.1735 0.086422 0.09948732
0.174 0.08577367 0.09948726
0.1745 0.08509959 0.09944293
0.175 0.08440016 0.09935385
0.1755 0.08367581 0.0992195
0.176 0.08292694 0.099039555
0.1765 0.08215396 0.09881362
0.177 0.08135727 0.09854132
0.1775 0.08053726 0.09822242
0.178 0.07969431 0.09785664
0.1785 0.07882881 0.09744382
0.179 0.07794113 0.09698382
0.1795 0.07703165 0.096476555
0.18 0.07610073 0.09592196
0.1805 0.07514874 0.095320076
0.181 0.07417602 0.09467098
0.1815 0.07318292 0.093974814
0.182 0.0721698 0.093231805
0.1825 0.07113699 0.09244213
0.183 0.07008482 0.091606155
0.1835 0.06901363 0.09072432
0.184 0.06792374 0.089796945
0.1845 0.06681547 0.088824615
0.185 0.06568913 0.08780788
0.1855 0.06454503 0.08674736
0.186 0.06338349 0.08564376
0.1865 0.06220479 0.0844978
0.187 0.06100923 0.08331034
0.1875 0.0597971 0.08208225
0.188 0.0585687 0.08081443
0.1885 0.0573243 0.07950784
0.189 0.05606417 0.07816355
0.1895 0.0547886 0.07678263
0.19 0.05349784 0.075366214
0.1905 0.05219217 0.07391548
0.191 0.05087183 0.072431624
0.1915 0.0495371 0.07091591
0.192 0.04818821 0.069369644
0.1925 0.04682541 0.06779415
0.193 0.04544896 0.06619076
0.1935 0.04405907 0.06456082
0.194 0.042656 0.06290579
0.1945 0.04123997 0.061227046
0.195 0.03981121 0.059525996
0.1955 0.03836993 0.057804108
0.196 0.03691637 0.056062825
0.1965 0.03545074 0.054303564
0.197 0.03397324 0.0525278
0.1975 0.03248408 0.05073695
0.198 0.03098348 0.048932508
0.1985 0.02947163 0.047115847
0.199 0.02794873 0.04528846
0.1995 0.02641497 0.043451756
0.2 0.02487055 0.041607097
0.2005 0.02336285 0.03996674
0.201 0.02197551 0.038453944
0.2015 0.02067506 0.037022814
0.202 0.01942507 0.035645828
0.2025 0.01820656 0.034306616
0.203 0.01701089 0.03299532
0.2035 0.01583418 0.031706184
0.204 0.01467464 0.03043566
0.2045 0.01353139 0.02918172
0.205 0.01240392 0.027943032
0.2055 0.0112919 0.026718931
0.206 0.01019509 0.025508897
0.2065 0.009113292 0.024312684
0.207 0.008046314 0.023130039
0.2075 0.006993984 0.021960856
0.208 0.005956137 0.02080504
0.2085 0.004932606 0.019662501
0.209 0.003923232 0.01853315
0.2095 0.002927855 0.017416941
0.21 0.001946314 0.016313763
0.2105 0.0009784524 0.015223565
0.211 2.411252e-05 0.01414627
0.2115 -0.0009168626 0.0130817685
0.212 -0.001844629 0.012030007
0.2125 -0.002759343 0.01099092
0.213 -0.00366116 0.009964356
0.2135 -0.004550233 0.008950273
0.214 -0.005426717 0.007948579
0.2145 -0.006290765 0.0069591645
0.215 -0.007142529 0.005981894
0.2155 -0.007982162 0.005016746
0.216 -0.008809814 0.004063541
0.2165 -0.009625635 0.0031222273
0.217 -0.01042977 0.002192678
0.2175 -0.01122238 0.0012748484
0.218 -0.0120036 0.00036852993
0.2185 -0.01277358 -0.0005263444
0.219 -0.01353247 -0.0014098417
0.2195 -0.01428041 -0.0022821184
0.22 -0.01501754 -0.003143249
0.2205 -0.015744 -0.003993353
0.221 -0.01645994 -0.004832579
0.2215 -0.0171655 -0.005660994
0.222 -0.01786082 -0.0064787176
0.2225 -0.01854602 -0.007285824
0.223 -0.01922125 -0.008082507
0.2235 -0.01988665 -0.008868774
0.224 -0.02054235 -0.0096448045
0.2245 -0.02118847 -0.010410687
0.225 -0.02182515 -0.011166519
0.2255 -0.02245253 -0.011912441
0.226 -0.02307072 -0.012648514
0.2265 -0.02367986 -0.013374878
0.227 -0.02428007 -0.014091646
0.2275 -0.02487148 -0.014798915
0.228 -0.02545421 -0.015496781
0.2285 -0.02602838 -0.016185341
0.229 -0.02659412 -0.01686473
0.2295 -0.02715153 -0.017535036
0.23 -0.02770075 -0.018196343
0.2305 -0.02824188 -0.01884876
0.231 -0.02877504 -0.019492423
0.2315 -0.02930034 -0.020127414
0.232 -0.02981791 -0.020753814
0.2325 -0.03032784 -0.021371743
0.233 -0.03083025 -0.021981312
0.2335 -0.03132525 -0.022582604
0.234 -0.03181294 -0.0231757
0.2345 -0.03229343 -0.02376069
0.235 -0.03276682 -0.024337722
0.2355 -0.03323322 -0.02490685
0.236 -0.03369273 -0.025468191
0.2365 -0.03414545 -0.026021829
0.237 -0.03459147 -0.026567882
0.2375 -0.03503091 -0.027106395
0.238 -0.03546384 -0.02763751
0.2385 -0.03589038 -0.028161263
0.239 -0.0363106 -0.02867776
0.2395 -0.03672462 -0.029187134
0.24 -0.03713251 -0.02968946
0.2405 -0.03753436 -0.030184759
0.241 -0.03793027 -0.03067319
0.2415 -0.03832033 -0.031154817
0.242 -0.03870462 -0.031629696
0.2425 -0.03908322 -0.032097958
0.243 -0.03945623 -0.032559678
0.2435 -0.03982372 -0.033014923
0.244 -0.04018577 -0.0334638
0.2445 -0.04054248 -0.033906356
0.245 -0.04089391 -0.034342706
0.2455 -0.04124014 -0.03477288
0.246 -0.04158126 -0.035197005
0.2465 -0.04191733 -0.03561513
0.247 -0.04224845 -0.036027372
0.2475 -0.04257467 -0.03643377
0.248 -0.04289607 -0.03683441
0.2485 -0.04321272 -0.037229367
0.249 -0.04352471 -0.03761872
0.2495 -0.04383208 -0.038002536
0.25 -0.04413492 -0.03838089
0.2505 -0.0444333 -0.038753867
0.251 -0.04472727 -0.039121523
0.2515 -0.04501691 -0.039483942
0.252 -0.04530228 -0.039841145
0.2525 -0.04558344 -0.040193282
0.253 -0.04586047 -0.040540367
0.2535 -0.04613341 -0.04088246
0.254 -0.04640233 -0.04121965
0.2545 -0.0466673 -0.041552
0.255 -0.04692837 -0.0418796
0.2555 -0.0471856 -0.042202465
0.256 -0.04743904 -0.042520694
0.2565 -0.04768876 -0.042834304
0.257 -0.04793482 -0.043143444
0.2575 -0.04817726 -0.043448083
0.258 -0.04841614 -0.04374834
0.2585 -0.04865151 -0.044044234
0.259 -0.04888343 -0.044335887
0.2595 -0.04911195 -0.044623263
0.26 -0.04933712 -0.044906504
0.2605 -0.049559 -0.045185618
0.261 -0.04977762 -0.0454607
0.2615 -0.04999304 -0.045731805
0.262 -0.05020531 -0.04599893
0.2625 -0.05041448 -0.046262205
0.263 -0.05062059 -0.046521634
0.2635 -0.05082368 -0.046777263
0.264 -0.05102381 -0.047029197
0.2645 -0.05122102 -0.04727743
0.265 -0.05141535 -0.047522068
0.2655 -0.05160684 -0.0477631
0.266 -0.05179554 -0.04800064
0.2665 -0.0519815 -0.0482347
0.267 -0.05216474 -0.048465334
0.2675 -0.05234532 -0.0486926
0.268 -0.05252326 -0.04891652
0.2685 -0.05269862 -0.049137153
0.269 -0.05287143 -0.04935456
0.2695 -0.05304173 -0.049568765
0.27 -0.05320956 -0.049779832
0.2705 -0.05337495 -0.049987815
0.271 -0.05353794 -0.050192744
0.2715 -0.05369856 -0.050394654
0.272 -0.05385686 -0.05059357
0.2725 -0.05401287 -0.050789557
0.273 -0.05416661 -0.050982676
0.2735 -0.05431813 -0.051172942
0.274 -0.05446746 -0.051360413
0.2745 -0.05461463 -0.051545106
0.275 -0.05475967 -0.051727086
0.2755 -0.05490262 -0.051906362
0.276 -0.0550435 -0.05208303
0.2765 -0.05518235 -0.05225707
0.277 -0.0553192 -0.05242849
0.2775 -0.05545408 -0.05259741
0.278 -0.05558701 -0.05276385
0.2785 -0.05571803 -0.052927814
0.279 -0.05584716 -0.053089328
0.2795 -0.05597444 -0.05324848
0.28 -0.05609989 -0.05340524
0.2805 -0.05622353 -0.05355972
0.281 -0.0563454 -0.0537119
0.2815 -0.05646552 -0.053861827
0.282 -0.05658392 -0.054009482
0.2825 -0.05670062 -0.054154985
0.283 -0.05681565 -0.054298334
0.2835 -0.05692903 -0.054439537
0.284 -0.05704078 -0.05457864
0.2845 -0.05715094 -0.054715678
0.285 -0.05725952 -0.054850683
0.2855 -0.05736656 -0.05498366
0.286 -0.05747206 -0.055114664
0.2865 -0.05757605 -0.05524376
0.287 -0.05767857 -0.055370882
0.2875 -0.05777962 -0.05549614
0.288 -0.05787923 -0.055619538
0.2885 -0.05797742 -0.05574108
0.289 -0.05807421 -0.05586081
0.2895 -0.05816963 -0.055978745
0.29 -0.05826369 -0.056094937
0.2905 -0.05835641 -0.056209393
0.291 -0.05844782 -0.056322157
0.2915 -0.05853792 -0.056433223
0.292 -0.05862675 -0.056542642
0.2925 -0.05871432 -0.056650423
0.293 -0.05880065 -0.056756586
0.2935 -0.05888575 -0.056861155
0.294 -0.05896965 -0.05696419
0.2945 -0.05905236 -0.057065673
0.295 -0.0591339 -0.057165645
0.2955 -0.05921429 -0.05726409
0.296 -0.05929354 -0.05736108
0.2965 -0.05937167 -0.057456657
0.297 -0.0594487 -0.05755075
0.2975 -0.05952464 -0.057643473
0.298 -0.05959951 -0.057734787
0.2985 -0.05967333 -0.057824768
0.299 -0.05974611 -0.057913363
0.2995 -0.05981786 -0.05800063
0.3 -0.0598886 -0.05808662
0.3005 -0.05995835 -0.058171302
0.301 -0.06002711 -0.05825471
0.3015 -0.06009491 -0.058336884
0.302 -0.06016176 -0.05841782
0.3025 -0.06022767 -0.058497533
0.303 -0.06029266 -0.058576062
0.3035 -0.06035673 -0.058653407
0.304 -0.06041991 -0.05872959
0.3045 -0.0604822 -0.058804616
0.305 -0.06054362 -0.058878556
0.3055 -0.06060418 -0.058951378
0.306 -0.06066389 -0.059023097
0.3065 -0.06072277 -0.05909375
0.307 -0.06078082 -0.059163325
0.3075 -0.06083807 -0.059231848
0.308 -0.06089451 -0.059299365
0.3085 -0.06095017 -0.05936587
0.309 -0.06100505 -0.059431374
0.3095 -0.06105917 -0.059495866
0.31 -0.06111253 -0.059559405
0.3105 -0.06116515 -0.059622012
0.311 -0.06121704 -0.059683643
0.3115 -0.06126821 -0.059744373
0.312 -0.06131866 -0.05980417
0.3125 -0.06136842 -0.059863098
0.313 -0.06141748 -0.0599211
0.3135 -0.06146586 -0.05997827
0.314 -0.06151357 -0.060034536
0.3145 -0.06156062 -0.060089983
0.315 -0.06160702 -0.06014459
0.3155 -0.06165277 -0.060198367
0.316 -0.06169789 -0.060251363
0.3165 -0.06174239 -0.060303554
0.317 -0.06178627 -0.060354955
0.3175 -0.06182954 -0.060405605
0.318 -0.06187221 -0.060455486
0.3185 -0.0619143 -0.060504608
0.319 -0.0619558 -0.060552984
0.3195 -0.06199673 -0.060600646
0.32 -0.0620371 -0.060647562
0.3205 -0.06207691 -0.0606938
0.321 -0.06211617 -0.060739316
0.3215 -0.06215489 -0.06078417
0.322 -0.06219308 -0.060828336
0.3225 -0.06223074 -0.060871832
0.323 -0.06226788 -0.060914665
0.3235 -0.06230451 -0.06095685
0.324 -0.06234064 -0.060998432
0.3245 -0.06237627 -0.061039396
0.325 -0.06241142 -0.061079726
0.3255 -0.06244608 -0.061119437
0.326 -0.06248026 -0.061158553
0.3265 -0.06251398 -0.061197095
0.327 -0.06254723 -0.061235048
0.3275 -0.06258003 -0.061272413
0.328 -0.06261238 -0.061309256
0.3285 -0.06264428 -0.061345518
0.329 -0.06267575 -0.06138122
0.3295 -0.06270679 -0.061416417
0.33 -0.0627374 -0.061451063
0.3305 -0.0627676 -0.06148518
0.331 -0.06279738 -0.061518796
0.3315 -0.06282676 -0.06155189
0.332 -0.06285573 -0.061584517
0.3325 -0.06288431 -0.06161663
0.333 -0.0629125 -0.061648235
0.3335 -0.06294031 -0.0616794
0.334 -0.06296774 -0.06171006
0.3345 -0.06299479 -0.061740287
0.335 -0.06302147 -0.06177005
0.3355 -0.0630478 -0.061799377
0.336 -0.06307376 -0.061828263
0.3365 -0.06309937 -0.061856695
0.337 -0.06312463 -0.061884686
0.3375 -0.06314955 -0.06191227
0.338 -0.06317413 -0.061939448
0.3385 -0.06319838 -0.061966203
0.339 -0.06322229 -0.061992593
0.3395 -0.06324589 -0.06201853
0.34 -0.06326916 -0.06204412
0.3405 -0.06329212 -0.062069267
0.341 -0.06331476 -0.062094077
0.3415 -0.0633371 -0.062118515
0.342 -0.06335914 -0.06214256
0.3425 -0.06338088 -0.06216626
0.343 -0.06340232 -0.06218961
0.3435 -0.06342348 -0.062212586
0.344 -0.06344435 -0.062235236
0.3445 -0.06346493 -0.062257543
0.345 -0.06348524 -0.062279508
0.3455 -0.06350528 -0.062301144
0.346 -0.06352504 -0.062322475
0.3465 -0.06354454 -0.062343433
0.347 -0.06356377 -0.062364094
0.3475 -0.06358275 -0.06238447
0.348 -0.06360146 -0.06240452
0.3485 -0.06361993 -0.06242425
0.349 -0.06363815 -0.06244368
0.3495 -0.06365612 -0.06246286
0.35 -0.06367385 -0.062481724
0.3505 -0.06369134 -0.0625003
0.351 -0.0637086 -0.06251862
0.3515 -0.06372563 -0.06253664
0.352 -0.06374242 -0.06255439
0.3525 -0.06375899 -0.06257189
0.353 -0.06377534 -0.06258912
0.3535 -0.06379147 -0.06260608
0.354 -0.06380738 -0.06262281
0.3545 -0.06382308 -0.06263925
0.355 -0.06383856 -0.06265544
0.3555 -0.06385384 -0.062671416
0.356 -0.06386892 -0.06268714
0.3565 -0.06388379 -0.06270262
0.357 -0.06389847 -0.06271786
0.3575 -0.06391294 -0.06273288
0.358 -0.06392723 -0.06274769
0.3585 -0.06394132 -0.06276227
0.359 -0.06395522 -0.06277659
0.3595 -0.06396894 -0.06279072
0.36 -0.06398248 -0.06280466
0.3605 -0.06399583 -0.06281837
0.361 -0.06400901 -0.06283185
0.3615 -0.06402201 -0.062845156
0.362 -0.06403483 -0.06285825
0.3625 -0.06404749 -0.06287115
0.363 -0.06405997 -0.06288385
0.3635 -0.06407229 -0.06289636
0.364 -0.06408445 -0.062908694
0.3645 -0.06409644 -0.06292086
0.365 -0.06410827 -0.062932804
0.3655 -0.06411995 -0.06294456
0.366 -0.06413147 -0.06295617
0.3665 -0.06414283 -0.0629676
0.367 -0.06415405 -0.06297884
0.3675 -0.06416512 -0.06298993
0.368 -0.06417604 -0.063000865
0.3685 -0.06418681 -0.0630116
0.369 -0.06419744 -0.06302219
0.3695 -0.06420793 -0.063032635
0.37 -0.06421828 -0.06304289
0.3705 -0.06422849 -0.063053004
0.371 -0.06423857 -0.063062966
0.3715 -0.06424851 -0.063072786
0.372 -0.06425832 -0.06308246
0.3725 -0.064268 -0.06309197
0.373 -0.06427756 -0.06310135
0.3735 -0.06428698 -0.06311058
0.374 -0.06429628 -0.0631197
0.3745 -0.06430546 -0.06312865
0.375 -0.06431452 -0.06313746
0.3755 -0.06432345 -0.063146144
0.376 -0.06433227 -0.0631547
0.3765 -0.06434097 -0.06316313
0.377 -0.06434956 -0.06317145
0.3775 -0.06435803 -0.06317962
0.378 -0.06436639 -0.06318769
0.3785 -0.06437464 -0.0631956
0.379 -0.06438278 -0.06320341
0.3795 -0.06439082 -0.063211106
0.38 -0.06439874 -0.06321867
0.3805 -0.06440657 -0.06322615
0.381 -0.06441429 -0.06323349
0.3815 -0.0644219 -0.06324073
0.382 -0.06442942 -0.06324786
0.3825 -0.06443684 -0.06325486
0.383 -0.06444416 -0.06326176
0.3835 -0.06445138 -0.06326857
0.384 -0.06445851 -0.06327528
0.3845 -0.06446554 -0.06328188
0.385 -0.06447249 -0.063288376
0.3855 -0.06447934 -0.06329479
0.386 -0.0644861 -0.06330111
0.3865 -0.06449277 -0.06330734
0.387 -0.06449935 -0.06331344
0.3875 -0.06450585 -0.063319474
0.388 -0.06451226 -0.06332542
0.3885 -0.06451858 -0.063331276
0.389 -0.06452483 -0.06333704
0.3895 -0.06453099 -0.0633427
0.39 -0.06453707 -0.0633483
0.3905 -0.06454307 -0.06335381
0.391 -0.06454899 -0.063359216
0.3915 -0.06455484 -0.06336458
0.392 -0.0645606 -0.06336984
0.3925 -0.06456629 -0.063375026
0.393 -0.06457191 -0.06338014
0.3935 -0.06457745 -0.063385166
0.394 -0.06458292 -0.0633901
0.3945 -0.06458832 -0.063394964
0.395 -0.06459365 -0.06339978
0.3955 -0.06459891 -0.06340449
0.396 -0.0646041 -0.06340914
0.3965 -0.06460922 -0.063413724
0.397 -0.06461427 -0.06341823
0.3975 -0.06461926 -0.06342269
0.398 -0.06462418 -0.06342707
0.3985 -0.06462904 -0.063431375
0.399 -0.06463384 -0.06343563
0.3995 -0.06463857 -0.0634398
0.4 -0.06464324 -0.06344392
0.4005 -0.06464785 -0.063448
0.401 -0.0646524 -0.06345201
0.4015 -0.06465689 -0.06345593
0.402 -0.06466132 -0.063459806
0.4025 -0.06466569 -0.06346363
0.403 -0.06467 -0.06346741
0.4035 -0.06467426 -0.0634711
0.404 -0.06467847 -0.06347475
0.4045 -0.06468261 -0.06347836
0.405 -0.06468671 -0.063481905
0.4055 -0.06469075 -0.063485384
0.406 -0.06469474 -0.06348883
0.4065 -0.06469867 -0.06349222
0.407 -0.06470256 -0.06349557
0.4075 -0.06470639 -0.063498855
0.408 -0.06471018 -0.06350208
0.4085 -0.06471391 -0.063505255
0.409 -0.0647176 -0.063508384
0.4095 -0.06472124 -0.06351148
0.41 -0.06472483 -0.06351454
0.4105 -0.06472837 -0.06351753
0.411 -0.06473187 -0.063520476
0.4115 -0.06473532 -0.06352341
0.412 -0.06473873 -0.06352626
0.4125 -0.06474209 -0.06352906
0.413 -0.06474541 -0.06353185
0.4135 -0.06474869 -0.06353458
0.414 -0.06475192 -0.06353727
0.4145 -0.06475511 -0.06353995
0.415 -0.06475826 -0.06354257
0.4155 -0.06476137 -0.063545145
0.416 -0.06476444 -0.06354769
0.4165 -0.06476747 -0.063550204
0.417 -0.06477046 -0.06355265
0.4175 -0.06477341 -0.06355508
0.418 -0.06477632 -0.06355746
0.4185 -0.0647792 -0.06355982
0.419 -0.06478203 -0.06356214
0.4195 -0.06478483 -0.06356443
0.42 -0.0647876 -0.063566685
0.4205 -0.06479033 -0.06356889
0.421 -0.06479302 -0.06357107
0.4215 -0.06479568 -0.06357321
0.422 -0.0647983 -0.06357532
0.4225 -0.06480089 -0.063577406
0.423 -0.06480344 -0.06357945
0.4235 -0.06480597 -0.06358147
0.424 -0.06480846 -0.06358344
0.4245 -0.06481091 -0.06358542
0.425 -0.06481334 -0.06358732
0.4255 -0.06481573 -0.06358924
0.426 -0.0648181 -0.06359111
0.4265 -0.06482043 -0.06359295
0.427 -0.06482273 -0.06359476
0.4275 -0.06482501 -0.06359654
0.428 -0.06482725 -0.0635983
0.4285 -0.06482946 -0.063600026
0.429 -0.06483165 -0.06360174
0.4295 -0.06483381 -0.06360341
0.43 -0.06483594 -0.06360508
0.4305 -0.06483804 -0.0636067
0.431 -0.06484011 -0.06360831
0.4315 -0.06484216 -0.06360989
0.432 -0.06484418 -0.063611455
0.4325 -0.06484618 -0.06361297
0.433 -0.06484815 -0.063614495
0.4335 -0.06485009 -0.063616
0.434 -0.06485201 -0.06361747
0.4345 -0.0648539 -0.0636189
0.435 -0.06485577 -0.06362032
0.4355 -0.06485762 -0.06362174
0.436 -0.06485944 -0.063623115
0.4365 -0.06486124 -0.063624464
0.437 -0.06486301 -0.0636258
0.4375 -0.06486477 -0.06362711
0.438 -0.0648665 -0.06362843
0.4385 -0.0648682 -0.06362969
0.439 -0.06486989 -0.06363095
0.4395 -0.06487155 -0.06363219
0.44 -0.06487319 -0.06363341
0.4405 -0.06487482 -0.06363461
0.441 -0.06487642 -0.06363582
0.4415 -0.064878 -0.06363697
0.442 -0.06487955 -0.06363812
0.4425 -0.06488109 -0.06363924
0.443 -0.06488261 -0.06364034
0.4435 -0.06488411 -0.063641444
0.444 -0.06488559 -0.0636425
0.4445 -0.06488705 -0.06364358
0.445 -0.0648885 -0.06364464
0.4455 -0.06488992 -0.063645676
0.446 -0.06489133 -0.063646674
0.4465 -0.06489271 -0.063647695
0.447 -0.06489408 -0.06364868
0.4475 -0.06489543 -0.06364965
0.448 -0.06489677 -0.06365059
0.4485 -0.06489809 -0.06365154
0.449 -0.06489939 -0.06365247
0.4495 -0.06490067 -0.06365337
0.45 -0.06490194 -0.06365427
0.4505 -0.06490319 -0.06365516
0.451 -0.06490442 -0.06365603
0.4515 -0.06490564 -0.0636569
0.452 -0.06490685 -0.06365775
0.4525 -0.06490803 -0.063658595
0.453 -0.06490921 -0.06365941
0.4535 -0.06491036 -0.063660204
0.454 -0.06491151 -0.063660994
0.4545 -0.06491263 -0.063661784
0.455 -0.06491375 -0.06366255
0.4555 -0.06491485 -0.063663304
0.456 -0.06491593 -0.06366407
0.4565 -0.064917 -0.0636648
0.457 -0.06491806 -0.06366555
0.4575 -0.0649191 -0.06366628
0.458 -0.06492013 -0.06366698
0.4585 -0.06492115 -0.06366768
0.459 -0.06492216 -0.06366838
0.4595 -0.06492315 -0.063669026
0.46 -0.06492413 -0.063669704
0.4605 -0.06492509 -0.063670345
0.461 -0.06492605 -0.06367098
0.4615 -0.06492699 -0.063671626
0.462 -0.06492792 -0.063672245
0.4625 -0.06492883 -0.06367286
0.463 -0.06492974 -0.063673474
0.4635 -0.06493063 -0.063674085
0.464 -0.06493152 -0.06367468
0.4645 -0.06493239 -0.06367528
0.465 -0.06493325 -0.06367586
0.4655 -0.0649341 -0.0636764
0.466 -0.06493494 -0.063676976
0.4665 -0.06493576 -0.06367751
0.467 -0.06493658 -0.06367804
0.4675 -0.06493739 -0.063678585
0.468 -0.06493818 -0.063679084
0.4685 -0.06493897 -0.06367959
0.469 -0.06493974 -0.06368009
0.4695 -0.06494051 -0.063680604
0.47 -0.06494127 -0.0636811
0.4705 -0.06494201 -0.063681595
0.471 -0.06494275 -0.06368208
0.4715 -0.06494348 -0.06368256
0.472 -0.0649442 -0.06368303
0.4725 -0.06494491 -0.06368349
0.473 -0.06494561 -0.06368395
0.4735 -0.0649463 -0.06368436
0.474 -0.06494698 -0.063684784
0.4745 -0.06494765 -0.06368521
0.475 -0.06494832 -0.06368562
0.4755 -0.06494897 -0.06368601
0.476 -0.06494962 -0.06368642
0.4765 -0.06495026 -0.06368683
0.477 -0.06495089 -0.063687235
0.4775 -0.06495152 -0.06368762
0.478 -0.06495213 -0.063688
0.4785 -0.06495274 -0.06368841
0.479 -0.06495334 -0.063688785
0.4795 -0.06495393 -0.06368916
0.48 -0.06495452 -0.063689515
0.4805 -0.06495509 -0.06368987
0.481 -0.06495566 -0.06369023
0.4815 -0.06495623 -0.06369057
0.482 -0.06495678 -0.06369094
0.4825 -0.06495733 -0.06369128
0.483 -0.06495787 -0.06369162
0.4835 -0.06495841 -0.06369194
0.484 -0.06495893 -0.06369226
0.4845 -0.06495945 -0.06369258
0.485 -0.06495997 -0.063692905
0.4855 -0.06496048 -0.06369319
0.486 -0.06496098 -0.06369351
0.4865 -0.06496147 -0.06369379
0.487 -0.06496196 -0.06369407
0.4875 -0.06496244 -0.06369437
0.488 -0.06496292 -0.06369464
0.4885 -0.06496339 -0.06369494
0.489 -0.06496385 -0.06369519
0.4895 -0.06496431 -0.063695475
0.49 -0.06496476 -0.06369574
0.4905 -0.06496521 -0.063696
0.491 -0.06496565 -0.063696265
0.4915 -0.06496609 -0.063696526
0.492 -0.06496652 -0.06369678
0.4925 -0.06496694 -0.06369704
0.493 -0.06496736 -0.063697286
0.4935 -0.06496777 -0.06369753
0.494 -0.06496818 -0.06369778
0.4945 -0.06496858 -0.063698016
0.495 -0.06496898 -0.063698255
0.4955 -0.06496937 -0.06369849
0.496 -0.06496976 -0.06369871
0.4965 -0.06497014 -0.06369894
0.497 -0.06497052 -0.06369914
0.4975 -0.0649709 -0.06369934
0.498 -0.06497126 -0.06369956
0.4985 -0.06497163 -0.06369976
0.499 -0.06497199 -0.06369995
0.4995 -0.06497234 -0.06370017
