0.0 -0.065 -0.031236842
0.0005 -0.065 -0.035780597
0.001 -0.065 -0.0408941
0.0015 -0.065 -0.045647927
0.002 -0.065 -0.049802344
0.0025 -0.065 -0.05334746
0.003 -0.065 -0.056345597
0.0035 -0.065 -0.058874607
0.004 -0.065 -0.061008207
0.0045 -0.065 -0.06281026
0.005 -0.065 -0.064334154
0.0055 -0.065 -0.06562401
0.006 -0.065 -0.06671616
0.0065 -0.065 -0.067640595
0.007 -0.065 -0.06842226
0.0075 -0.065 -0.06908195
0.008 -0.065 -0.06963715
0.0085 -0.065 -0.07010265
0.009 -0.065 -0.07049096
0.0095 -0.065 -0.07081277
0.01 -0.065 -0.07107721
0.0105 -0.065 -0.07129213
0.011 -0.065 -0.07146427
0.0115 -0.065 -0.071599446
0.012 -0.065 -0.0717027
0.0125 -0.065 -0.07177836
0.013 -0.065 -0.0718302
0.0135 -0.065 -0.07186151
0.014 -0.065 -0.07187513
0.0145 -0.065 -0.07187352
0.015 -0.065 -0.07185887
0.0155 -0.065 -0.07183304
0.016 -0.065 -0.07179764
0.0165 -0.065 -0.07175412
0.017 -0.065 -0.07170372
0.0175 -0.065 -0.071647525
0.018 -0.065 -0.07158648
0.0185 -0.065 -0.071521424
0.019 -0.065 -0.07145305
0.0195 -0.065 -0.071381986
0.02 -0.065 -0.07130879
0.0205 -0.065 -0.07123392
0.021 -0.065 -0.071157806
0.0215 -0.065 -0.07108076
0.022 -0.065 -0.07100313
0.0225 -0.065 -0.07092516
0.023 -0.065 -0.070847094
0.0235 -0.065 -0.07076912
0.024 -0.065 -0.0706914
0.0245 -0.065 -0.07061404
0.025 -0.065 -0.070537224
0.0255 -0.065 -0.070461035
0.026 -0.065 -0.07038553
0.0265 -0.065 -0.070310794
0.027 -0.065 -0.07023688
0.0275 -0.065 -0.070163816
0.028 -0.065 -0.07009167
0.0285 -0.065 -0.07002045
0.029 -0.065 -0.069950186
0.0295 -0.065 -0.06988086
0.03 -0.065 -0.0698125
0.0305 -0.065 -0.06974512
0.031 -0.065 -0.06967869
0.0315 -0.065 -0.06961322
0.032 -0.065 -0.06954871
0.0325 -0.065 -0.069485135
0.033 -0.065 -0.06942249
0.0335 -0.065 -0.06936074
0.034 -0.065 -0.06929991
0.0345 -0.065 -0.06923994
0.035 -0.065 -0.069180824
0.0355 -0.065 -0.06912257
0.036 -0.065 -0.06906511
0.0365 -0.065 -0.06900847
0.037 -0.065 -0.0689526
0.0375 -0.065 -0.0688975
0.038 -0.065 -0.06884313
0.0385 -0.065 -0.06878951
0.039 -0.065 -0.06873659
0.0395 -0.065 -0.06868435
0.04 -0.065 -0.06863275
0.0405 -0.065 -0.06858183
0.041 -0.065 -0.068531536
0.0415 -0.065 -0.068481855
0.042 -0.065 -0.068432756
0.0425 -0.065 -0.06838427
0.043 -0.065 -0.068336315
0.0435 -0.065 -0.06828893
0.044 -0.065 -0.06824207
0.0445 -0.065 -0.068195745
0.045 -0.065 -0.06814991
0.0455 -0.065 -0.06810457
0.046 -0.065 -0.068059705
0.0465 -0.065 -0.068015315
0.047 -0.065 -0.0679714
0.0475 -0.065 -0.0679279
0.048 -0.065 -0.06788484
0.0485 -0.065 -0.06784222
0.049 -0.065 -0.06780003
0.0495 -0.065 -0.06775823
0.05 -0.065 -0.06771684
0.0505 -0.065 -0.0676758
0.051 -0.065 -0.067635186
0.0515 -0.065 -0.06759494
0.052 -0.065 -0.06755505
0.0525 -0.065 -0.06751554
0.053 -0.065 -0.06747635
0.0535 -0.065 -0.0674375
0.054 -0.065 -0.06739903
0.0545 -0.065 -0.06736086
0.055 -0.065 -0.06732304
0.0555 -0.065 -0.067285545
0.056 -0.065 -0.06724837
0.0565 -0.065 -0.06721152
0.057 -0.065 -0.067174956
0.0575 -0.065 -0.06713872
0.058 -0.065 -0.067102775
0.0585 -0.065 -0.067067154
0.059 -0.065 -0.06703182
0.0595 -0.065 -0.06699676
0.06 -0.065 -0.066962
0.0605 -0.065 -0.06692754
0.061 -0.065 -0.066893354
0.0615 -0.065 -0.06685944
0.062 -0.065 -0.06682582
0.0625 -0.065 -0.06679246
0.063 -0.065 -0.06675938
0.0635 -0.065 -0.066726595
0.064 -0.065 -0.066694066
0.0645 -0.065 -0.0666618
0.065 -0.065 -0.06662979
0.0655 -0.065 -0.06659805
0.066 -0.065 -0.06656661
0.0665 -0.065 -0.06653538
0.067 -0.065 -0.06650445
0.0675 -0.065 -0.06647376
0.068 -0.065 -0.06644334
0.0685 -0.065 -0.066413164
0.069 -0.065 -0.066383235
0.0695 -0.065 -0.06635355
0.07 -0.065 -0.066324145
0.0705 -0.065 -0.066295
0.071 -0.065 -0.06626607
0.0715 -0.065 -0.066237405
0.072 -0.065 -0.06620897
0.0725 -0.065 -0.0661808
0.073 -0.065 -0.06615287
0.0735 -0.065 -0.06612519
0.074 -0.065 -0.066097744
0.0745 -0.065 -0.06607056
0.075 -0.065 -0.066043586
0.0755 -0.065 -0.06601685
0.076 -0.065 -0.06599038
0.0765 -0.065 -0.06596411
0.077 -0.065 -0.06593809
0.0775 -0.065 -0.06591233
0.078 -0.065 -0.06588677
0.0785 -0.065 -0.06586145
0.079 -0.065 -0.0658364
0.0795 -0.065 -0.065811545
0.08 -0.065 -0.065786935
0.0805 -0.065 -0.06576253
0.081 -0.065 -0.06573836
0.0815 -0.065 -0.065714434
0.082 -0.065 -0.06569072
0.0825 -0.065 -0.065667264
0.083 -0.065 -0.065643996
0.0835 -0.065 -0.06562099
0.084 -0.065 -0.06559816
0.0845 -0.065 -0.06557556
0.085 -0.065 -0.06555317
0.0855 -0.065 -0.06553102
0.086 -0.065 -0.06550911
0.0865 -0.065 -0.065487385
0.087 -0.065 -0.065465875
0.0875 -0.065 -0.06544459
0.088 -0.065 -0.0654235
0.0885 -0.065 -0.06540265
0.089 -0.065 -0.065381974
0.0895 -0.065 -0.06536154
0.09 -0.065 -0.06534131
0.0905 -0.065 -0.065321274
0.091 -0.065 -0.06530148
0.0915 -0.065 -0.06528183
0.092 -0.065 -0.065262415
0.0925 -0.065 -0.065243214
0.093 -0.065 -0.06522422
0.0935 -0.065 -0.06520541
0.094 -0.065 -0.065186776
0.0945 -0.065 -0.06516837
0.095 -0.065 -0.06515015
0.0955 -0.065 -0.065132104
0.096 -0.065 -0.06511427
0.0965 -0.065 -0.06509662
0.097 -0.065 -0.06507916
0.0975 -0.065 -0.06506186
0.098 -0.065 -0.065044805
0.0985 -0.065 -0.06502791
0.099 -0.065 -0.06501121
0.0995 -0.065 -0.06499466
0.1 -0.065 -0.04206629
0.1005 -0.05205612 -0.02955663
0.101 -0.03678555 -0.020939225
0.1015 -0.02642051 -0.013943931
0.102 -0.01935535 -0.0077114534
0.1025 -0.01394585 -0.0018971767
0.103 -0.009311454 0.0036464576
0.1035 -0.005023821 0.008988233
0.104 -0.0008967279 0.014164107
0.1045 0.003115461 0.01919529
0.105 0.007031527 0.024096036
0.1055 0.01091859 0.028876694
0.106 0.01480548 0.033545412
0.1065 0.01868723 0.03810884
0.107 0.02255614 0.04257272
0.1075 0.02642019 0.04694184
0.108 0.03027984 0.05122056
0.1085 0.03413009 0.055412635
0.109 0.03796465 0.05952149
0.1095 0.0417781 0.063550174
0.11 0.04556702 0.0675015
0.1105 0.04932908 0.07137806
0.111 0.05306279 0.075182214
0.1115 0.05676717 0.07891615
0.112 0.06044165 0.0825819
0.1125 0.06408584 0.08618144
0.113 0.06769939 0.089716524
0.1135 0.07128201 0.09318889
0.114 0.07483355 0.096600115
0.1145 0.07835392 0.0999518
0.115 0.08184136 0.10324538
0.1155 0.08527853 0.10648227
0.116 0.08867512 0.109663755
0.1165 0.09204577 0.11279121
0.117 0.09539416 0.11586581
0.1175 0.09870711 0.11888878
0.118 0.1019618 0.121861205
0.1185 0.1051808 0.124784306
0.119 0.1083802 0.12765908
0.1195 0.1115629 0.13048658
0.12 0.1147258 0.13326776
0.1205 0.117865 0.13600369
0.121 0.1209769 0.13869527
0.1215 0.1240592 0.14134338
0.122 0.1271103 0.14394894
0.1225 0.1301113 0.14651287
0.123 0.1330368 0.14903596
0.1235 0.1359186 0.15151905
0.124 0.1387853 0.15396294
0.1245 0.1416428 0.15636837
0.125 0.1444868 0.15873611
0.1255 0.1473104 0.16106692
0.126 0.1501074 0.16336146
0.1265 0.1528743 0.16562054
0.127 0.1556091 0.16784477
0.1275 0.1583128 0.17003486
0.128 0.1609854 0.17219138
0.1285 0.1636157 0.17431507
0.129 0.1661922 0.17640647
0.1295 0.1687342 0.17846628
0.13 0.1712546 0.18049502
0.1305 0.1737398 0.1824933
0.131 0.1761779 0.18446165
0.1315 0.1785865 0.18640062
0.132 0.1809572 0.18831083
0.1325 0.1832937 0.19019273
0.133 0.1855978 0.19204688
0.1335 0.1878699 0.19387376
0.134 0.1901309 0.19567393
0.1345 0.1923824 0.19744778
0.135 0.1946254 0.19919586
0.1355 0.1968558 0.20091856
0.136 0.1990424 0.2026164
0.1365 0.2011837 0.20428976
0.137 0.2033082 0.20593911
0.1375 0.2054225 0.20756492
0.138 0.207524 0.20916757
0.1385 0.209608 0.2107474
0.139 0.2116695 0.21230493
0.1395 0.2137051 0.21384048
0.14 0.215708 0.20054689
0.1405 0.2047384 0.19117835
0.141 0.1914095 0.18434967
0.1415 0.1829495 0.17914924
0.142 0.1777564 0.17498542
0.1425 0.1741847 0.17147794
0.143 0.1713506 0.16838452
0.1435 0.1688431 0.16555154
0.144 0.1664795 0.1628823
0.1445 0.1641797 0.1603162
0.145 0.1618458 0.15781537
0.1455 0.1593754 0.15535657
0.146 0.1569617 0.1529255
0.1465 0.1546385 0.15051357
0.147 0.1523837 0.1481158
0.1475 0.1501701 0.14572927
0.148 0.1479774 0.14335258
0.1485 0.1457935 0.14098512
0.149 0.143612 0.1386267
0.1495 0.1414303 0.13627751
0.15 0.139248 0.13393797
0.1505 0.1370659 0.13160849
0.151 0.1348853 0.12928964
0.1515 0.1327077 0.12698188
0.152 0.1305347 0.12468587
0.1525 0.1283677 0.1224021
0.153 0.1262079 0.12013109
0.1535 0.1240565 0.11787337
0.154 0.1219145 0.11562951
0.1545 0.1197828 0.11339992
0.155 0.1176622 0.11118513
0.1555 0.1155535 0.10898557
0.156 0.1134572 0.106801674
0.1565 0.1113738 0.10463384
0.157 0.109304 0.10248248
0.1575 0.1072481 0.100347996
0.158 0.1052065 0.09823072
0.1585 0.1031796 0.09613097
0.159 0.1011678 0.09404905
0.1595 0.09917127 0.091985255
0.16 0.09719038 0.08993987
0.1605 0.09522534 0.08791309
0.161 0.09327639 0.08590521
0.1615 0.09134373 0.083916344
0.162 0.08942755 0.081946746
0.1625 0.08752801 0.07999654
0.163 0.08564526 0.07806591
0.1635 0.08377943 0.0761549
0.164 0.08193064 0.07426365
0.1645 0.08009899 0.07239228
0.165 0.07828457 0.07054082
0.1655 0.07648746 0.06870934
0.166 0.07470771 0.06689788
0.1665 0.07294538 0.06510642
0.167 0.0712005 0.063335046
0.1675 0.0694731 0.061583698
0.168 0.06776321 0.059852354
0.1685 0.06607083 0.058140986
0.169 0.06439595 0.056449562
0.1695 0.06273857 0.05477804
0.17 0.06109867 0.053126328
0.1705 0.05947622 0.05149436
0.171 0.05787119 0.04988206
0.1715 0.05628354 0.04828933
0.172 0.05471321 0.04671608
0.1725 0.05316016 0.04516218
0.173 0.05162432 0.0436275
0.1735 0.05010562 0.042111985
0.174 0.048604 0.040615454
0.1745 0.04711938 0.03913776
0.175 0.04565167 0.037678823
0.1755 0.04420078 0.036238477
0.176 0.04276663 0.034816563
0.1765 0.04134912 0.033412933
0.177 0.03994815 0.032027446
0.1775 0.03856362 0.030659938
0.178 0.03719543 0.029310273
0.1785 0.03584345 0.027978243
0.179 0.03450758 0.026663737
0.1795 0.03318771 0.025366547
0.18 0.03188372 0.024086492
0.1805 0.03059548 0.02282344
0.181 0.02932288 0.021577189
0.1815 0.02806579 0.020347582
0.182 0.02682409 0.019134479
0.1825 0.02559764 0.01793767
0.183 0.02438633 0.01675699
0.1835 0.02319 0.015592264
0.184 0.02200855 0.014443325
0.1845 0.02084183 0.013309972
0.185 0.0196897 0.012192087
0.1855 0.01855204 0.011089416
0.186 0.01742871 0.01000184
0.1865 0.01631956 0.008929195
0.187 0.01522447 0.007871287
0.1875 0.0141433 0.00682793
0.188 0.01307591 0.00579899
0.1885 0.01202215 0.0047842506
0.189 0.0109819 0.0037835706
0.1895 0.009955014 0.0027968008
0.19 0.008941351 0.001823755
0.1905 0.007940774 0.00086424686
0.191 0.006953146 -8.188002e-05
0.1915 0.005978327 -0.0010147821
0.192 0.00501618 -0.0019346159
0.1925 0.004066567 -0.0028415527
0.193 0.003129351 -0.003735764
0.1935 0.002204395 -0.0046173763
0.194 0.001291563 -0.005486591
0.1945 0.0003907173 -0.0063435417
0.195 -0.0004982762 -0.0071883705
0.1955 -0.001375553 -0.008021271
0.196 -0.002241246 -0.008842355
0.1965 -0.00309549 -0.009651793
0.197 -0.003938418 -0.01044975
0.1975 -0.004770161 -0.011236345
0.198 -0.005590852 -0.01201175
0.1985 -0.006400619 -0.012776097
0.199 -0.007199594 -0.013529537
0.1995 -0.007987905 -0.014272196
0.2 -0.008765679 -0.015004253
0.2005 -0.009533045 -0.01572582
0.201 -0.01029013 -0.016437052
0.2015 -0.01103705 -0.017138047
0.202 -0.01177394 -0.017828984
0.2025 -0.01250092 -0.018509982
0.203 -0.01321812 -0.019181153
0.2035 -0.01392564 -0.019842682
0.204 -0.01462362 -0.02049466
0.2045 -0.01531217 -0.021137236
0.205 -0.01599141 -0.021770483
0.2055 -0.01666146 -0.02239461
0.206 -0.01732243 -0.023009686
0.2065 -0.01797444 -0.023615835
0.207 -0.0186176 -0.024213178
0.2075 -0.01925203 -0.024801886
0.208 -0.01987783 -0.025381995
0.2085 -0.02049512 -0.025953671
0.209 -0.021104 -0.026517054
0.2095 -0.02170459 -0.027072242
0.21 -0.022297 -0.027619278
0.2105 -0.02288131 -0.02815838
0.211 -0.02345766 -0.028689584
0.2115 -0.02402613 -0.029213017
0.212 -0.02458682 -0.029728806
0.2125 -0.02513985 -0.030237047
0.213 -0.02568532 -0.030737845
0.2135 -0.02622331 -0.031231282
0.214 -0.02675393 -0.031717494
0.2145 -0.02727728 -0.03219658
0.215 -0.02779346 -0.032668635
0.2155 -0.02830255 -0.033133745
0.216 -0.02880465 -0.03359203
0.2165 -0.02929986 -0.03404355
0.217 -0.02978827 -0.03448844
0.2175 -0.03026996 -0.034926765
0.218 -0.03074503 -0.035358623
0.2185 -0.03121357 -0.035784096
0.219 -0.03167566 -0.036203302
0.2195 -0.0321314 -0.036616325
0.22 -0.03258086 -0.037023246
0.2205 -0.03302413 -0.037424147
0.221 -0.0334613 -0.037819117
0.2215 -0.03389244 -0.03820824
0.222 -0.03431764 -0.038591594
0.2225 -0.03473698 -0.03896927
0.223 -0.03515054 -0.039341345
0.2235 -0.03555839 -0.039707884
0.224 -0.03596062 -0.040069006
0.2245 -0.0363573 -0.04042475
0.225 -0.03674851 -0.040775247
0.2255 -0.03713432 -0.041120507
0.226 -0.0375148 -0.04146065
0.2265 -0.03789004 -0.0417957
0.227 -0.03826009 -0.042125776
0.2275 -0.03862503 -0.042450964
0.228 -0.03898494 -0.042771287
0.2285 -0.03933987 -0.04308684
0.229 -0.0396899 -0.043397725
0.2295 -0.0400351 -0.04370392
0.23 -0.04037553 -0.04400555
0.2305 -0.04071125 -0.044302702
0.231 -0.04104234 -0.044595405
0.2315 -0.04136886 -0.044883758
0.232 -0.04169086 -0.04516776
0.2325 -0.04200842 -0.045447543
0.233 -0.04232159 -0.045723148
0.2335 -0.04263043 -0.045994624
0.234 -0.042935 -0.04626204
0.2345 -0.04323537 -0.046525456
0.235 -0.04353159 -0.046784915
0.2355 -0.04382372 -0.04704053
0.236 -0.04411181 -0.047292277
0.2365 -0.04439592 -0.04754027
0.237 -0.04467611 -0.047784537
0.2375 -0.04495243 -0.048025146
0.238 -0.04522493 -0.04826212
0.2385 -0.04549368 -0.04849557
0.239 -0.0457587 -0.048725493
0.2395 -0.04602008 -0.048951976
0.24 -0.04627784 -0.04917507
0.2405 -0.04653204 -0.049394816
0.241 -0.04678274 -0.049611256
0.2415 -0.04702997 -0.049824424
0.242 -0.0472738 -0.050034404
0.2425 -0.04751426 -0.050241232
0.243 -0.0477514 -0.050444946
0.2435 -0.04798527 -0.050645567
0.244 -0.04821592 -0.050843187
0.2445 -0.04844338 -0.051037848
0.245 -0.04866771 -0.05122959
0.2455 -0.04888895 -0.05141841
0.246 -0.04910713 -0.05160442
0.2465 -0.04932231 -0.0517876
0.247 -0.04953453 -0.051968053
0.2475 -0.04974382 -0.05214578
0.248 -0.04995023 -0.052320823
0.2485 -0.05015379 -0.052493222
0.249 -0.05035455 -0.052663013
0.2495 -0.05055255 -0.052830264
0.25 -0.05074783 -0.052994996
0.2505 -0.05094041 -0.05315721
0.251 -0.05113035 -0.053316996
0.2515 -0.05131767 -0.053474374
0.252 -0.05150242 -0.053629376
0.2525 -0.05168462 -0.05378203
0.253 -0.05186432 -0.05393239
0.2535 -0.05204156 -0.054080486
0.254 -0.05221635 -0.05422634
0.2545 -0.05238874 -0.054369986
0.255 -0.05255877 -0.054511473
0.2555 -0.05272646 -0.05465083
0.256 -0.05289185 -0.054788046
0.2565 -0.05305497 -0.054923214
0.257 -0.05321585 -0.05505634
0.2575 -0.05337452 -0.055187456
0.258 -0.05353101 -0.05531659
0.2585 -0.05368536 -0.05544374
0.259 -0.0538376 -0.055569
0.2595 -0.05398774 -0.055692352
0.26 -0.05413583 -0.055813856
0.2605 -0.05428189 -0.05593352
0.261 -0.05442595 -0.056051366
0.2615 -0.05456803 -0.056167424
0.262 -0.05470818 -0.056281723
0.2625 -0.0548464 -0.05639431
0.263 -0.05498273 -0.056505166
0.2635 -0.05511719 -0.05661436
0.264 -0.05524982 -0.05672194
0.2645 -0.05538063 -0.056827866
0.265 -0.05550966 -0.05693216
0.2655 -0.05563692 -0.057034902
0.266 -0.05576244 -0.057136074
0.2665 -0.05588625 -0.057235725
0.267 -0.05600837 -0.057333864
0.2675 -0.05612882 -0.057430506
0.268 -0.05624763 -0.0575257
0.2685 -0.05636481 -0.057619445
0.269 -0.0564804 -0.057711802
0.2695 -0.05659441 -0.057802714
0.27 -0.05670686 -0.057892263
0.2705 -0.05681779 -0.057980463
0.271 -0.0569272 -0.058067314
0.2715 -0.05703512 -0.058152862
0.272 -0.05714157 -0.05823709
0.2725 -0.05724657 -0.058320075
0.273 -0.05735015 -0.0584018
0.2735 -0.05745231 -0.058482274
0.274 -0.05755308 -0.058561534
0.2745 -0.05765248 -0.05863958
0.275 -0.05775054 -0.05871647
0.2755 -0.05784725 -0.058792166
0.276 -0.05794266 -0.058866717
0.2765 -0.05803677 -0.058940165
0.277 -0.0581296 -0.059012473
0.2775 -0.05822117 -0.0590837
0.278 -0.05831149 -0.059153832
0.2785 -0.05840059 -0.059222914
0.279 -0.05848849 -0.059290946
0.2795 -0.05857519 -0.05935794
0.28 -0.05866071 -0.05942394
0.2805 -0.05874507 -0.05948893
0.281 -0.0588283 -0.05955293
0.2815 -0.05891039 -0.059615977
0.282 -0.05899137 -0.059678063
0.2825 -0.05907126 -0.059739187
0.283 -0.05915006 -0.059799396
0.2835 -0.0592278 -0.059858695
0.284 -0.05930449 -0.059917085
0.2845 -0.05938014 -0.059974603
0.285 -0.05945477 -0.060031213
0.2855 -0.05952838 -0.060087025
0.286 -0.05960101 -0.06014195
0.2865 -0.05967265 -0.06019605
0.287 -0.05974332 -0.06024933
0.2875 -0.05981304 -0.060301803
0.288 -0.05988182 -0.060353488
0.2885 -0.05994967 -0.060404368
0.289 -0.06001661 -0.060454503
0.2895 -0.06008264 -0.060503863
0.29 -0.06014778 -0.060552478
0.2905 -0.06021205 -0.060600363
0.291 -0.06027545 -0.060647503
0.2915 -0.06033799 -0.060693942
0.292 -0.06039969 -0.060739666
0.2925 -0.06046057 -0.06078472
0.293 -0.06052062 -0.06082905
0.2935 -0.06057986 -0.060872756
0.294 -0.06063831 -0.06091577
0.2945 -0.06069597 -0.060958132
0.295 -0.06075285 -0.060999878
0.2955 -0.06080898 -0.061040953
0.296 -0.06086434 -0.061081417
0.2965 -0.06091897 -0.061121292
0.297 -0.06097285 -0.061160542
0.2975 -0.06102602 -0.06119919
0.298 -0.06107847 -0.061237246
0.2985 -0.06113022 -0.061274745
0.299 -0.06118127 -0.061311692
0.2995 -0.06123164 -0.061348036
0.3 -0.06128134 -0.061383866
0.3005 -0.06133036 -0.06141915
0.301 -0.06137874 -0.0614539
0.3015 -0.06142646 -0.0614881
0.302 -0.06147354 -0.0615218
0.3025 -0.06151999 -0.061554953
0.303 -0.06156582 -0.06158763
0.3035 -0.06161104 -0.061619826
0.304 -0.06165566 -0.061651506
0.3045 -0.06169967 -0.06168271
0.305 -0.0617431 -0.061713457
0.3055 -0.06178594 -0.061743714
0.306 -0.06182822 -0.061773546
0.3065 -0.06186993 -0.06180291
0.307 -0.06191108 -0.061831795
0.3075 -0.06195168 -0.06186028
0.308 -0.06199174 -0.061888315
0.3085 -0.06203127 -0.061915956
0.309 -0.06207027 -0.06194316
0.3095 -0.06210874 -0.061969966
0.31 -0.06214671 -0.061996356
0.3105 -0.06218417 -0.062022343
0.311 -0.06222112 -0.06204793
0.3115 -0.06225759 -0.06207314
0.312 -0.06229357 -0.06209795
0.3125 -0.06232907 -0.062122382
0.313 -0.0623641 -0.062146455
0.3135 -0.06239866 -0.062170178
0.314 -0.06243276 -0.06219352
0.3145 -0.06246641 -0.06221652
0.315 -0.06249961 -0.062239163
0.3155 -0.06253237 -0.062261477
0.316 -0.0625647 -0.06228344
0.3165 -0.06259659 -0.0623051
0.317 -0.06262806 -0.06232641
0.3175 -0.06265911 -0.062347382
0.318 -0.06268975 -0.062368028
0.3185 -0.06271998 -0.062388375
0.319 -0.06274981 -0.062408425
0.3195 -0.06277925 -0.062428176
0.32 -0.06280829 -0.0624476
0.3205 -0.06283695 -0.062466756
0.321 -0.06286523 -0.06248562
0.3215 -0.06289313 -0.06250417
0.322 -0.06292067 -0.062522486
0.3225 -0.06294784 -0.062540494
0.323 -0.06297465 -0.06255824
0.3235 -0.0630011 -0.06257572
0.324 -0.0630272 -0.06259291
0.3245 -0.06305296 -0.06260987
0.325 -0.06307838 -0.06262657
0.3255 -0.06310346 -0.06264299
0.326 -0.0631282 -0.06265919
0.3265 -0.06315263 -0.062675126
0.327 -0.06317672 -0.062690824
0.3275 -0.0632005 -0.062706284
0.328 -0.06322397 -0.062721506
0.3285 -0.06324712 -0.06273648
0.329 -0.06326997 -0.06275124
0.3295 -0.06329252 -0.062765785
0.33 -0.06331477 -0.06278011
0.3305 -0.06333672 -0.06279424
0.331 -0.06335839 -0.06280811
0.3315 -0.06337977 -0.0628218
0.332 -0.06340086 -0.06283529
0.3325 -0.06342168 -0.06284856
0.333 -0.06344223 -0.06286164
0.3335 -0.0634625 -0.06287452
0.334 -0.06348251 -0.06288721
0.3345 -0.06350225 -0.06289967
0.335 -0.06352173 -0.06291199
0.3355 -0.06354096 -0.06292412
0.336 -0.06355993 -0.06293605
0.3365 -0.06357865 -0.06294782
0.337 -0.06359713 -0.062959366
0.3375 -0.06361536 -0.06297077
0.338 -0.06363335 -0.06298201
0.3385 -0.06365111 -0.062993065
0.339 -0.06366863 -0.06300395
0.3395 -0.06368592 -0.063014664
0.34 -0.06370299 -0.06302522
0.3405 -0.06371983 -0.06303563
0.341 -0.06373645 -0.06304587
0.3415 -0.06375285 -0.06305594
0.342 -0.06376903 -0.06306589
0.3425 -0.06378501 -0.06307566
0.343 -0.06380077 -0.06308531
0.3435 -0.06381632 -0.0630948
0.344 -0.06383168 -0.06310415
0.3445 -0.06384683 -0.06311333
0.345 -0.06386178 -0.0631224
0.3455 -0.06387653 -0.063131355
0.346 -0.06389109 -0.06314014
0.3465 -0.06390546 -0.06314881
0.347 -0.06391965 -0.063157335
0.3475 -0.06393364 -0.063165724
0.348 -0.06394745 -0.06317399
0.3485 -0.06396109 -0.06318214
0.349 -0.06397454 -0.06319016
0.3495 -0.06398782 -0.06319808
0.35 -0.06400092 -0.06320586
0.3505 -0.06401385 -0.063213535
0.351 -0.06402661 -0.06322108
0.3515 -0.06403921 -0.06322852
0.352 -0.06405164 -0.06323585
0.3525 -0.0640639 -0.06324306
0.353 -0.06407601 -0.06325018
0.3535 -0.06408796 -0.06325716
0.354 -0.06409975 -0.06326404
0.3545 -0.06411139 -0.063270815
0.355 -0.06412288 -0.063277505
0.3555 -0.06413421 -0.06328409
0.356 -0.0641454 -0.06329059
0.3565 -0.06415644 -0.06329696
0.357 -0.06416734 -0.06330325
0.3575 -0.0641781 -0.06330944
0.358 -0.06418871 -0.06331553
0.3585 -0.06419919 -0.06332154
0.359 -0.06420953 -0.063327454
0.3595 -0.06421973 -0.063333295
0.36 -0.0642298 -0.063339025
0.3605 -0.06423974 -0.06334467
0.361 -0.06424955 -0.06335024
0.3615 -0.06425924 -0.06335573
0.362 -0.06426879 -0.063361146
0.3625 -0.06427822 -0.06336646
0.363 -0.06428753 -0.06337168
0.3635 -0.06429672 -0.06337686
0.364 -0.06430579 -0.06338192
0.3645 -0.06431474 -0.06338694
0.365 -0.06432357 -0.063391864
0.3655 -0.06433229 -0.06339672
0.366 -0.06434089 -0.0634015
0.3665 -0.06434939 -0.06340621
0.367 -0.06435777 -0.06341084
0.3675 -0.06436604 -0.0634154
0.368 -0.06437421 -0.0634199
0.3685 -0.06438227 -0.06342433
0.369 -0.06439022 -0.0634287
0.3695 -0.06439807 -0.06343298
0.37 -0.06440582 -0.06343721
0.3705 -0.06441347 -0.06344137
0.371 -0.06442102 -0.06344549
0.3715 -0.06442847 -0.06344956
0.372 -0.06443582 -0.06345354
0.3725 -0.06444308 -0.06345747
0.373 -0.06445025 -0.06346132
0.3735 -0.06445732 -0.06346514
0.374 -0.0644643 -0.06346889
0.3745 -0.06447118 -0.06347258
0.375 -0.06447798 -0.06347621
0.3755 -0.06448469 -0.06347976
0.376 -0.06449132 -0.063483305
0.3765 -0.06449786 -0.063486755
0.377 -0.06450431 -0.06349019
0.3775 -0.06451068 -0.06349354
0.378 -0.06451697 -0.063496865
0.3785 -0.06452317 -0.06350012
0.379 -0.0645293 -0.063503325
0.3795 -0.06453534 -0.06350648
0.38 -0.06454131 -0.063509606
0.3805 -0.0645472 -0.06351268
0.381 -0.06455301 -0.06351573
0.3815 -0.06455875 -0.063518696
0.382 -0.06456441 -0.06352164
0.3825 -0.06457 -0.06352454
0.383 -0.06457552 -0.06352739
0.3835 -0.06458097 -0.063530214
0.384 -0.06458634 -0.06353296
0.3845 -0.06459165 -0.06353566
0.385 -0.06459689 -0.06353836
0.3855 -0.06460206 -0.06354099
0.386 -0.06460716 -0.0635436
0.3865 -0.0646122 -0.06354615
0.387 -0.06461717 -0.06354868
0.3875 -0.06462208 -0.06355116
0.388 -0.06462692 -0.0635536
0.3885 -0.06463171 -0.06355599
0.389 -0.06463643 -0.063558385
0.3895 -0.06464109 -0.06356072
0.39 -0.06464568 -0.06356302
0.3905 -0.06465022 -0.06356528
0.391 -0.0646547 -0.063567504
0.3915 -0.06465913 -0.06356972
0.392 -0.06466349 -0.063571885
0.3925 -0.0646678 -0.06357401
0.393 -0.06467206 -0.063576095
0.3935 -0.06467625 -0.06357819
0.394 -0.0646804 -0.063580215
0.3945 -0.06468449 -0.063582204
0.395 -0.06468853 -0.06358419
0.3955 -0.06469252 -0.06358613
0.396 -0.06469645 -0.063588046
0.3965 -0.06470033 -0.06358993
0.397 -0.06470417 -0.063591786
0.3975 -0.06470795 -0.06359363
0.398 -0.06471169 -0.06359543
0.3985 -0.06471538 -0.06359722
0.399 -0.06471902 -0.06359896
0.3995 -0.06472261 -0.0636007
0.4 -0.06472616 -0.06360239
0.4005 -0.06472966 -0.063604064
0.401 -0.06473311 -0.063605726
0.4015 -0.06473652 -0.06360733
0.402 -0.06473989 -0.063608915
0.4025 -0.06474322 -0.0636105
0.403 -0.0647465 -0.063612066
0.4035 -0.06474974 -0.0636136
0.404 -0.06475293 -0.06361508
0.4045 -0.06475609 -0.063616574
0.405 -0.06475921 -0.06361802
0.4055 -0.06476228 -0.06361946
0.406 -0.06476532 -0.06362089
0.4065 -0.06476832 -0.06362228
0.407 -0.06477127 -0.063623644
0.4075 -0.06477419 -0.06362501
0.408 -0.06477708 -0.06362633
0.4085 -0.06477992 -0.06362766
0.409 -0.06478273 -0.06362895
0.4095 -0.0647855 -0.06363021
0.41 -0.06478824 -0.063631445
0.4105 -0.06479094 -0.0636327
0.411 -0.06479361 -0.063633904
0.4115 -0.06479625 -0.063635096
0.412 -0.06479884 -0.063636266
0.4125 -0.06480141 -0.06363745
0.413 -0.06480394 -0.063638575
0.4135 -0.06480644 -0.06363969
0.414 -0.06480891 -0.06364081
0.4145 -0.06481135 -0.06364189
0.415 -0.06481375 -0.06364297
0.4155 -0.06481613 -0.06364404
0.416 -0.06481847 -0.06364507
0.4165 -0.06482079 -0.06364611
0.417 -0.06482307 -0.06364711
0.4175 -0.06482533 -0.06364811
0.418 -0.06482755 -0.06364909
0.4185 -0.06482975 -0.063650034
0.419 -0.06483192 -0.06365099
0.4195 -0.06483406 -0.06365193
0.42 -0.06483617 -0.06365283
0.4205 -0.06483826 -0.063653745
0.421 -0.06484032 -0.063654624
0.4215 -0.06484236 -0.06365551
0.422 -0.06484436 -0.063656375
0.4225 -0.06484635 -0.06365723
0.423 -0.0648483 -0.0636581
0.4235 -0.06485023 -0.06365892
0.424 -0.06485214 -0.06365973
0.4245 -0.06485402 -0.06366054
0.425 -0.06485588 -0.06366132
0.4255 -0.06485771 -0.06366211
0.426 -0.06485953 -0.06366287
0.4265 -0.06486131 -0.063663654
0.427 -0.06486308 -0.06366439
0.4275 -0.06486482 -0.06366513
0.428 -0.06486654 -0.063665874
0.4285 -0.06486824 -0.06366658
0.429 -0.06486991 -0.063667305
0.4295 -0.06487157 -0.063668005
0.43 -0.0648732 -0.06366866
0.4305 -0.06487481 -0.06366933
0.431 -0.06487641 -0.06366999
0.4315 -0.06487798 -0.06367062
0.432 -0.06487953 -0.06367126
0.4325 -0.06488106 -0.0636719
0.433 -0.06488257 -0.06367253
0.4335 -0.06488407 -0.063673146
0.434 -0.06488554 -0.06367375
0.4345 -0.06488699 -0.063674346
0.435 -0.06488843 -0.063674934
0.4355 -0.06488985 -0.06367553
0.436 -0.06489125 -0.0636761
0.4365 -0.06489263 -0.06367664
0.437 -0.06489399 -0.06367717
0.4375 -0.06489534 -0.063677706
0.438 -0.06489667 -0.06367826
0.4385 -0.06489798 -0.06367878
0.439 -0.06489928 -0.06367929
0.4395 -0.06490056 -0.06367983
0.44 -0.06490182 -0.06368032
0.4405 -0.06490307 -0.06368083
0.441 -0.0649043 -0.06368132
0.4415 -0.06490551 -0.06368181
0.442 -0.06490671 -0.06368229
0.4425 -0.0649079 -0.06368276
0.443 -0.06490907 -0.06368322
0.4435 -0.06491022 -0.063683696
0.444 -0.06491136 -0.063684136
0.4445 -0.06491249 -0.063684575
0.445 -0.0649136 -0.063685
0.4455 -0.06491469 -0.06368543
0.446 -0.06491578 -0.06368588
0.4465 -0.06491684 -0.063686274
0.447 -0.0649179 -0.06368667
0.4475 -0.06491894 -0.063687064
0.448 -0.06491997 -0.06368745
0.4485 -0.06492098 -0.06368783
0.449 -0.06492199 -0.06368821
0.4495 -0.06492298 -0.06368858
0.45 -0.06492395 -0.06368895
0.4505 -0.06492492 -0.063689314
0.451 -0.06492587 -0.06368966
0.4515 -0.06492681 -0.06369004
0.452 -0.06492774 -0.0636904
0.4525 -0.06492865 -0.06369075
0.453 -0.06492956 -0.0636911
0.4535 -0.06493045 -0.06369144
0.454 -0.06493133 -0.06369177
0.4545 -0.0649322 -0.063692085
0.455 -0.06493306 -0.0636924
0.4555 -0.06493391 -0.06369271
0.456 -0.06493475 -0.06369302
0.4565 -0.06493558 -0.06369334
0.457 -0.06493639 -0.06369361
0.4575 -0.0649372 -0.063693896
0.458 -0.06493799 -0.0636942
0.4585 -0.06493878 -0.06369447
0.459 -0.06493955 -0.06369476
0.4595 -0.06494032 -0.06369502
0.46 -0.06494108 -0.063695304
0.4605 -0.06494182 -0.06369559
0.461 -0.06494256 -0.06369584
0.4615 -0.06494329 -0.0636961
0.462 -0.064944 -0.06369636
0.4625 -0.06494471 -0.06369662
0.463 -0.06494541 -0.06369687
0.4635 -0.0649461 -0.06369713
0.464 -0.06494679 -0.063697375
0.4645 -0.06494746 -0.06369764
0.465 -0.06494813 -0.06369787
0.4655 -0.06494878 -0.06369813
0.466 -0.06494943 -0.063698344
0.4665 -0.06495007 -0.063698575
0.467 -0.0649507 -0.063698806
0.4675 -0.06495133 -0.063699014
0.468 -0.06495194 -0.06369923
0.4685 -0.06495255 -0.06369943
0.469 -0.06495315 -0.06369965
0.4695 -0.06495374 -0.063699834
0.47 -0.06495433 -0.06370005
0.4705 -0.06495491 -0.063700244
0.471 -0.06495548 -0.063700445
0.4715 -0.06495604 -0.063700646
0.472 -0.0649566 -0.06370083
0.4725 -0.06495714 -0.06370103
0.473 -0.06495769 -0.06370121
0.4735 -0.06495822 -0.06370139
0.474 -0.06495875 -0.0637016
0.4745 -0.06495927 -0.06370176
0.475 -0.06495979 -0.063701905
0.4755 -0.0649603 -0.06370207
0.476 -0.0649608 -0.063702226
0.4765 -0.06496129 -0.06370239
0.477 -0.06496178 -0.063702546
0.4775 -0.06496227 -0.06370272
0.478 -0.06496274 -0.06370286
0.4785 -0.06496321 -0.063703
0.479 -0.06496368 -0.06370317
0.4795 -0.06496414 -0.06370333
0.48 -0.06496459 -0.06370347
0.4805 -0.06496504 -0.06370362
0.481 -0.06496548 -0.063703775
0.4815 -0.06496592 -0.063703924
0.482 -0.06496635 -0.063704066
0.4825 -0.06496677 -0.06370422
0.483 -0.06496719 -0.06370436
0.4835 -0.06496761 -0.063704476
0.484 -0.06496801 -0.06370462
0.4845 -0.06496842 -0.06370475
0.485 -0.06496882 -0.06370488
0.4855 -0.06496921 -0.06370501
0.486 -0.0649696 -0.06370514
0.4865 -0.06496998 -0.06370527
0.487 -0.06497036 -0.06370541
0.4875 -0.06497074 -0.06370553
0.488 -0.06497111 -0.06370567
0.4885 -0.06497147 -0.06370578
0.489 -0.06497183 -0.06370589
0.4895 -0.06497219 -0.063705996
0.49 -0.06497254 -0.06370612
0.4905 -0.06497289 -0.06370622
0.491 -0.06497323 -0.06370634
0.4915 -0.06497357 -0.063706435
0.492 -0.0649739 -0.06370655
0.4925 -0.06497423 -0.06370665
0.493 -0.06497455 -0.06370674
0.4935 -0.06497488 -0.06370684
0.494 -0.06497519 -0.06370694
0.4945 -0.06497551 -0.063707024
0.495 -0.06497581 -0.06370712
0.4955 -0.06497612 -0.06370722
0.496 -0.06497642 -0.06370731
0.4965 -0.06497672 -0.06370738
0.497 -0.06497701 -0.06370746
0.4975 -0.0649773 -0.06370755
0.498 -0.06497759 -0.06370765
0.4985 -0.06497787 -0.06370775
0.499 -0.06497815 -0.063707836
0.4995 -0.06497843 -0.063707925
