0.0 -0.065 -0.033984758
0.0005 -0.065 -0.046150073
0.001 -0.065 -0.05352609
0.0015 -0.065 -0.05818826
0.002 -0.065 -0.06124197
0.0025 -0.065 -0.06330323
0.003 -0.065 -0.06473067
0.0035 -0.065 -0.065741114
0.004 -0.065 -0.06646997
0.0045 -0.065 -0.06700399
0.005 -0.065 -0.06740008
0.0055 -0.065 -0.06769638
0.006 -0.065 -0.06791892
0.0065 -0.065 -0.06808588
0.007 -0.065 -0.06821016
0.0075 -0.065 -0.068301186
0.008 -0.065 -0.0683659
0.0085 -0.065 -0.06840957
0.009 -0.065 -0.06843624
0.0095 -0.065 -0.0684491
0.01 -0.065 -0.068450645
0.0105 -0.065 -0.068442926
0.011 -0.065 -0.06842757
0.0115 -0.065 -0.068405926
0.012 -0.065 -0.0683791
0.0125 -0.065 -0.06834801
0.013 -0.065 -0.06831341
0.0135 -0.065 -0.06827595
0.014 -0.065 -0.068236135
0.0145 -0.065 -0.06819443
0.015 -0.065 -0.068151176
0.0155 -0.065 -0.06810668
0.016 -0.065 -0.06806122
0.0165 -0.065 -0.06801499
0.017 -0.065 -0.06796816
0.0175 -0.065 -0.06792091
0.018 -0.065 -0.06787334
0.0185 -0.065 -0.06782555
0.019 -0.065 -0.06777763
0.0195 -0.065 -0.06772967
0.02 -0.065 -0.06768172
0.0205 -0.065 -0.06763383
0.021 -0.065 -0.06758605
0.0215 -0.065 -0.06753842
0.022 -0.065 -0.06749096
0.0225 -0.065 -0.067443706
0.023 -0.065 -0.067396685
0.0235 -0.065 -0.06734992
0.024 -0.065 -0.06730341
0.0245 -0.065 -0.06725719
0.025 -0.065 -0.06721127
0.0255 -0.065 -0.067165665
0.026 -0.065 -0.06712038
0.0265 -0.065 -0.06707544
0.027 -0.065 -0.06703085
0.0275 -0.065 -0.0669866
0.028 -0.065 -0.066942714
0.0285 -0.065 -0.06689921
0.029 -0.065 -0.066856086
0.0295 -0.065 -0.066813335
0.03 -0.065 -0.066770986
0.0305 -0.065 -0.06672902
0.031 -0.065 -0.06668746
0.0315 -0.065 -0.066646315
0.032 -0.065 -0.06660558
0.0325 -0.065 -0.06656526
0.033 -0.065 -0.066525355
0.0335 -0.065 -0.06648587
0.034 -0.065 -0.06644681
0.0345 -0.065 -0.06640818
0.035 -0.065 -0.06636997
0.0355 -0.065 -0.0663322
0.036 -0.065 -0.066294864
0.0365 -0.065 -0.06625796
0.037 -0.065 -0.06622149
0.0375 -0.065 -0.06618545
0.038 -0.065 -0.06614987
0.0385 -0.065 -0.0661147
0.039 -0.065 -0.066079974
0.0395 -0.065 -0.06604568
0.04 -0.065 -0.06601183
0.0405 -0.065 -0.06597841
0.041 -0.065 -0.06594542
0.0415 -0.065 -0.065912865
0.042 -0.065 -0.06588073
0.0425 -0.065 -0.065849036
0.043 -0.065 -0.065817766
0.0435 -0.065 -0.06578691
0.044 -0.065 -0.065756485
0.0445 -0.065 -0.06572648
0.045 -0.065 -0.06569689
0.0455 -0.065 -0.06566772
0.046 -0.065 -0.06563896
0.0465 -0.065 -0.0656106
0.047 -0.065 -0.06558265
0.0475 -0.065 -0.0655551
0.048 -0.065 -0.06552796
0.0485 -0.065 -0.065501206
0.049 -0.065 -0.06547485
0.0495 -0.065 -0.06544889
0.05 -0.065 -0.0654233
0.0505 -0.065 -0.0653981
0.051 -0.065 -0.06537328
0.0515 -0.065 -0.065348834
0.052 -0.065 -0.06532475
0.0525 -0.065 -0.06530104
0.053 -0.065 -0.065277696
0.0535 -0.065 -0.06525471
0.054 -0.065 -0.065232076
0.0545 -0.065 -0.06520979
0.055 -0.065 -0.06518786
0.0555 -0.065 -0.065166265
0.056 -0.065 -0.065145016
0.0565 -0.065 -0.065124094
0.057 -0.065 -0.0651035
0.0575 -0.065 -0.06508325
0.058 -0.065 -0.065063305
0.0585 -0.065 -0.06504369
0.059 -0.065 -0.065024376
0.0595 -0.065 -0.065005384
0.06 -0.065 -0.0649867
0.0605 -0.065 -0.06496831
0.061 -0.065 -0.06495022
0.0615 -0.065 -0.06493243
0.062 -0.065 -0.06491493
0.0625 -0.065 -0.06489771
0.063 -0.065 -0.06488077
0.0635 -0.065 -0.064864114
0.064 -0.065 -0.06484774
0.0645 -0.065 -0.06483162
0.065 -0.065 -0.06481578
0.0655 -0.065 -0.0648002
0.066 -0.065 -0.064784884
0.0665 -0.065 -0.06476982
0.067 -0.065 -0.06475501
0.0675 -0.065 -0.06474043
0.068 -0.065 -0.06472612
0.0685 -0.065 -0.06471204
0.069 -0.065 -0.0646982
0.0695 -0.065 -0.064684585
0.07 -0.065 -0.0646712
0.0705 -0.065 -0.06465805
0.071 -0.065 -0.06464512
0.0715 -0.065 -0.06463241
0.072 -0.065 -0.06461991
0.0725 -0.065 -0.064607635
0.073 -0.065 -0.064595565
0.0735 -0.065 -0.0645837
0.074 -0.065 -0.06457203
0.0745 -0.065 -0.06456057
0.075 -0.065 -0.064549305
0.0755 -0.065 -0.06453823
0.076 -0.065 -0.064527355
0.0765 -0.065 -0.06451666
0.077 -0.065 -0.06450615
0.0775 -0.065 -0.06449582
0.078 -0.065 -0.06448568
0.0785 -0.065 -0.06447569
0.079 -0.065 -0.064465895
0.0795 -0.065 -0.06445626
0.08 -0.065 -0.0644468
0.0805 -0.065 -0.0644375
0.081 -0.065 -0.064428374
0.0815 -0.065 -0.06441938
0.082 -0.065 -0.06441056
0.0825 -0.065 -0.064401895
0.083 -0.065 -0.06439338
0.0835 -0.065 -0.06438501
0.084 -0.065 -0.064376794
0.0845 -0.065 -0.06436872
0.085 -0.065 -0.06436078
0.0855 -0.065 -0.06435298
0.086 -0.065 -0.06434532
0.0865 -0.065 -0.0643378
0.087 -0.065 -0.06433041
0.0875 -0.065 -0.06432314
0.088 -0.065 -0.06431601
0.0885 -0.065 -0.06430901
0.089 -0.065 -0.06430212
0.0895 -0.065 -0.06429535
0.09 -0.065 -0.064288706
0.0905 -0.065 -0.06428218
0.091 -0.065 -0.064275764
0.0915 -0.065 -0.06426947
0.092 -0.065 -0.064263284
0.0925 -0.065 -0.064257205
0.093 -0.065 -0.06425124
0.0935 -0.065 -0.06424538
0.094 -0.065 -0.06423961
0.0945 -0.065 -0.06423396
0.095 -0.065 -0.0642284
0.0955 -0.065 -0.06422294
0.096 -0.065 -0.06421758
0.0965 -0.065 -0.064212315
0.097 -0.065 -0.064207144
0.0975 -0.065 -0.06420206
0.098 -0.065 -0.06419707
0.0985 -0.065 -0.064192176
0.099 -0.065 -0.064187355
0.0995 -0.065 -0.064182624
0.1 -0.065 -0.064759724
0.1005 -0.05205612 -0.048938364
0.101 -0.03678555 -0.03717301
0.1015 -0.02642051 -0.028364321
0.102 -0.01935535 -0.021391345
0.1025 -0.01394585 -0.015563397
0.103 -0.009311454 -0.010462312
0.1035 -0.005023821 -0.005829109
0.104 -0.0008967279 -0.0014995169
0.1045 0.003115461 0.0026327092
0.105 0.007031527 0.006637009
0.1055 0.01091859 0.010559017
0.106 0.01480548 0.0144286845
0.1065 0.01868723 0.018265428
0.107 0.02255614 0.02208128
0.1075 0.02642019 0.025883617
0.108 0.03027984 0.02967629
0.1085 0.03413009 0.03346087
0.109 0.03796465 0.03723737
0.1095 0.0417781 0.041004844
0.11 0.04556702 0.044761598
0.1105 0.04932908 0.0485057
0.111 0.05306279 0.05223488
0.1115 0.05676717 0.055946775
0.112 0.06044165 0.059639104
0.1125 0.06408584 0.06330974
0.113 0.06769939 0.06695653
0.1135 0.07128201 0.07057763
0.114 0.07483355 0.07417116
0.1145 0.07835392 0.07773546
0.115 0.08184136 0.08126923
0.1155 0.08527853 0.084771045
0.116 0.08867512 0.088239856
0.1165 0.09204577 0.09167462
0.117 0.09539416 0.09507451
0.1175 0.09870711 0.09843882
0.118 0.1019618 0.10176695
0.1185 0.1051808 0.105058394
0.119 0.1083802 0.1083127
0.1195 0.1115629 0.111529656
0.12 0.1147258 0.11470907
0.1205 0.117865 0.11785067
0.121 0.1209769 0.120954596
0.1215 0.1240592 0.12402066
0.122 0.1271103 0.1270491
0.1225 0.1301113 0.13003989
0.123 0.1330368 0.13299315
0.1235 0.1359186 0.13590913
0.124 0.1387853 0.13878812
0.1245 0.1416428 0.14163034
0.125 0.1444868 0.14443603
0.1255 0.1473104 0.14720555
0.126 0.1501074 0.14993925
0.1265 0.1528743 0.15263753
0.127 0.1556091 0.15530066
0.1275 0.1583128 0.15792906
0.128 0.1609854 0.16052315
0.1285 0.1636157 0.16308326
0.129 0.1661922 0.16560994
0.1295 0.1687342 0.1681035
0.13 0.1712546 0.17056437
0.1305 0.1737398 0.17299311
0.131 0.1761779 0.17538995
0.1315 0.1785865 0.17775549
0.132 0.1809572 0.18009003
0.1325 0.1832937 0.18239413
0.133 0.1855978 0.18466817
0.1335 0.1878699 0.18691252
0.134 0.1901309 0.18912776
0.1345 0.1923824 0.19131427
0.135 0.1946254 0.19347233
0.1355 0.1968558 0.19560255
0.136 0.1990424 0.19770527
0.1365 0.2011837 0.19978084
0.137 0.2033082 0.20182978
0.1375 0.2054225 0.20385239
0.138 0.207524 0.20584914
0.1385 0.209608 0.20782043
0.139 0.2116695 0.20976669
0.1395 0.2137051 0.21168809
0.14 0.215708 0.21358532
0.1405 0.2176793 0.21545859
0.141 0.2196249 0.21730821
0.1415 0.2215323 0.21913461
0.142 0.2233906 0.22093813
0.1425 0.2252246 0.22271915
0.143 0.2270471 0.22447805
0.1435 0.2288598 0.22621508
0.144 0.2306601 0.22793058
0.1445 0.2324322 0.22962497
0.145 0.2339289 0.23129855
0.1455 0.2353872 0.23295154
0.146 0.2369419 0.23458433
0.1465 0.238585 0.23619723
0.147 0.2402794 0.23779051
0.1475 0.2419922 0.23936455
0.148 0.2437005 0.24091955
0.1485 0.2453739 0.24245586
0.149 0.2469939 0.24397372
0.1495 0.2485842 0.24547343
0.15 0.250158 0.23766513
0.1505 0.2387842 0.23050068
0.151 0.2250653 0.2239701
0.1515 0.2162111 0.21805362
0.152 0.2106172 0.21271808
0.1525 0.2066407 0.2079186
0.153 0.2034007 0.20360126
0.1535 0.2004877 0.19970725
0.154 0.1977203 0.19617628
0.1545 0.1950191 0.19294916
0.155 0.1923493 0.18997043
0.1555 0.1896957 0.18718934
0.156 0.1870418 0.18456072
0.1565 0.1843687 0.18204518
0.157 0.1817021 0.17960925
0.1575 0.17903 0.17722508
0.158 0.1763755 0.17486979
0.1585 0.1737481 0.1725256
0.159 0.1711444 0.17017855
0.1595 0.1685593 0.16781874
0.16 0.1659889 0.16543944
0.1605 0.163431 0.16303676
0.161 0.1608845 0.1606092
0.1615 0.1583493 0.15815726
0.162 0.1558258 0.15568314
0.1625 0.1533145 0.15319
0.163 0.1508161 0.15068221
0.1635 0.1483313 0.1481646
0.164 0.1458608 0.14564231
0.1645 0.1434054 0.14312065
0.165 0.1409655 0.14060466
0.1655 0.1385418 0.13809933
0.166 0.1361347 0.13560902
0.1665 0.1337447 0.13313766
0.167 0.1313722 0.13068865
0.1675 0.1290177 0.12826468
0.168 0.1266813 0.12586781
0.1685 0.1243635 0.12349958
0.169 0.1220646 0.12116084
0.1695 0.1197847 0.118852
0.17 0.1175241 0.116572954
0.1705 0.115283 0.11432316
0.171 0.1130616 0.112101786
0.1715 0.1108601 0.10990779
0.172 0.1086785 0.107739925
0.1725 0.1065171 0.10559673
0.173 0.1043759 0.10347686
0.1735 0.102255 0.101378866
0.174 0.1001546 0.09930133
0.1745 0.09807456 0.09724296
0.175 0.09601506 0.09520264
0.1755 0.09397612 0.09317925
0.176 0.09195775 0.091171935
0.1765 0.08995996 0.08917994
0.177 0.08798277 0.087202735
0.1775 0.08602615 0.085239865
0.178 0.08409009 0.08329108
0.1785 0.08217457 0.08135622
0.179 0.08027953 0.07943534
0.1795 0.07840495 0.077528514
0.18 0.07655076 0.07563595
0.1805 0.0747169 0.073758
0.181 0.07290331 0.07189499
0.1815 0.07110989 0.07004733
0.182 0.06933659 0.06821553
0.1825 0.06758329 0.06640005
0.183 0.06584992 0.06460141
0.1835 0.06413636 0.06282009
0.184 0.06244251 0.061056666
0.1845 0.06076827 0.059311584
0.185 0.05911351 0.05758532
0.1855 0.05747812 0.05587837
0.186 0.05586198 0.054191098
0.1865 0.05426495 0.052523896
0.187 0.0526869 0.05087708
0.1875 0.05112771 0.049250975
0.188 0.04958723 0.047645807
0.1885 0.04806532 0.04606176
0.189 0.04656185 0.044499017
0.1895 0.04507666 0.042957656
0.19 0.04360961 0.041437738
0.1905 0.04216055 0.03993932
0.191 0.04072933 0.03846234
0.1915 0.0393158 0.03700672
0.192 0.03791979 0.035572357
0.1925 0.03654116 0.034159116
0.193 0.03517974 0.03276685
0.1935 0.03383539 0.031395294
0.194 0.03250793 0.03004429
0.1945 0.03119722 0.028713541
0.195 0.02990308 0.02740279
0.1955 0.02862536 0.026111716
0.196 0.0273639 0.024840051
0.1965 0.02611853 0.02358746
0.197 0.02488909 0.022353595
0.1975 0.02367541 0.021138163
0.198 0.02247735 0.01994081
0.1985 0.02129472 0.018761182
0.199 0.02012738 0.017598933
0.1995 0.01897515 0.016453745
0.2 0.01783788 0.0153619945
0.2005 0.0296559 0.028251821
0.201 0.04377543 0.039902665
0.2015 0.05297767 0.049213797
0.202 0.05891278 0.05656191
0.2025 0.06322924 0.062448524
0.203 0.06681634 0.067284904
0.2035 0.07009026 0.07137687
0.204 0.07323036 0.07494516
0.2045 0.07631055 0.07814788
0.205 0.07936024 0.081098005
0.2055 0.08239073 0.08387641
0.206 0.08540622 0.08654071
0.2065 0.08840831 0.089132175
0.207 0.09139741 0.09168001
0.2075 0.09437326 0.09420479
0.208 0.09733541 0.096720725
0.2085 0.1002835 0.09923742
0.209 0.1032143 0.10176111
0.2095 0.1061119 0.10429559
0.21 0.1089876 0.10684285
0.2105 0.1118529 0.10940354
0.211 0.1147093 0.11197741
0.2115 0.1175545 0.11456361
0.212 0.1203866 0.11716082
0.2125 0.1232036 0.119767316
0.213 0.1260038 0.12238137
0.2135 0.1287852 0.12500098
0.214 0.1315458 0.12762432
0.2145 0.1342632 0.13024937
0.215 0.1369438 0.13287418
0.2155 0.1396057 0.13549705
0.216 0.1422402 0.1381161
0.2165 0.1448395 0.14072965
0.217 0.1474027 0.14333631
0.2175 0.1499443 0.1459344
0.218 0.152485 0.14852268
0.2185 0.155018 0.15109988
0.219 0.1575219 0.15366481
0.2195 0.1600115 0.15621646
0.22 0.1624958 0.15875372
0.2205 0.1649733 0.16127573
0.221 0.167439 0.16378172
0.2215 0.1698882 0.16627087
0.222 0.1723142 0.16874261
0.2225 0.1746865 0.17119627
0.223 0.1770255 0.17363137
0.2235 0.1793506 0.17604743
0.224 0.1816643 0.17844401
0.2245 0.1839608 0.18082066
0.225 0.1862322 0.1831772
0.2255 0.18848 0.18551332
0.226 0.190707 0.18782878
0.2265 0.1929136 0.19012332
0.227 0.1950992 0.19239692
0.2275 0.197249 0.1946493
0.228 0.1993502 0.19688044
0.2285 0.2014269 0.19909023
0.229 0.2034916 0.20127876
0.2295 0.2053556 0.20344578
0.23 0.2071294 0.20559151
0.2305 0.2089811 0.20771588
0.231 0.2109154 0.20981891
0.2315 0.2129 0.21190073
0.232 0.2149038 0.21396132
0.2325 0.2169044 0.21600084
0.233 0.2188884 0.21801941
0.2335 0.2208479 0.22001709
0.234 0.2227706 0.22199397
0.2345 0.2246336 0.22395022
0.235 0.2264596 0.225886
0.2355 0.2282674 0.22780143
0.236 0.2300615 0.22969665
0.2365 0.2318403 0.23157187
0.237 0.2336009 0.2334271
0.2375 0.2353404 0.23526268
0.238 0.2370536 0.23707871
0.2385 0.2386838 0.23887543
0.239 0.2402554 0.24065305
0.2395 0.2418254 0.24241157
0.24 0.2434058 0.24415119
0.2405 0.2449913 0.24587227
0.241 0.2465732 0.24757497
0.2415 0.2481282 0.24925934
0.242 0.2496351 0.25092566
0.2425 0.2511286 0.25257415
0.243 0.2526188 0.25420496
0.2435 0.2541034 0.25581825
0.244 0.2555622 0.25741428
0.2445 0.2569868 0.2589932
0.245 0.2583961 0.26055515
0.2455 0.2597977 0.26210046
0.246 0.261191 0.26362914
0.2465 0.2625721 0.26514158
0.247 0.2639388 0.2666377
0.2475 0.2652897 0.26811796
0.248 0.2666231 0.2695824
0.2485 0.2679377 0.2710312
0.249 0.2692336 0.27246457
0.2495 0.2705118 0.27388275
0.25 0.2717726 0.26597348
0.2505 0.2600732 0.258699
0.251 0.2460174 0.25203964
0.2515 0.2368364 0.24597038
0.252 0.2309091 0.24045594
0.2525 0.2265834 0.23545095
0.253 0.2230124 0.23090266
0.2535 0.2197942 0.22675358
0.254 0.2167433 0.22294544
0.2545 0.2137743 0.21942106
0.255 0.2108476 0.21612673
0.2555 0.2079445 0.21301357
0.256 0.2050563 0.21003793
0.2565 0.2021791 0.20716195
0.257 0.1993116 0.20435356
0.2575 0.1964536 0.20158608
0.258 0.1936053 0.19883786
0.2585 0.1907675 0.19609219
0.259 0.1879408 0.19333626
0.2595 0.1851262 0.19056113
0.26 0.1823244 0.18776108
0.2605 0.1795363 0.18493314
0.261 0.1767626 0.1820768
0.2615 0.1740039 0.17919338
0.262 0.171261 0.176286
0.2625 0.1685344 0.17335874
0.263 0.1658248 0.17041667
0.2635 0.1631327 0.16746546
0.264 0.1604585 0.16451125
0.2645 0.1578028 0.16156004
0.265 0.155166 0.15861778
0.2655 0.1525484 0.15569027
0.266 0.1499505 0.15278278
0.2665 0.1473726 0.14990006
0.267 0.144815 0.14704646
0.2675 0.1422781 0.14422546
0.268 0.139762 0.14144017
0.2685 0.137267 0.13869278
0.269 0.1347933 0.1359852
0.2695 0.1323412 0.13331841
0.27 0.1299108 0.13069317
0.2705 0.1275023 0.12810965
0.271 0.1251158 0.12556757
0.2715 0.1227515 0.12306642
0.272 0.1204094 0.12060528
0.2725 0.1180896 0.11818323
0.273 0.1157922 0.11579893
0.2735 0.1135174 0.11345107
0.274 0.111265 0.11113828
0.2745 0.1090352 0.108859174
0.275 0.106828 0.10661227
0.2755 0.1046433 0.1043963
0.276 0.1024813 0.102209896
0.2765 0.1003417 0.100051865
0.277 0.09822476 0.097921036
0.2775 0.09613027 0.09581643
0.278 0.09405824 0.09373714
0.2785 0.09200861 0.09168226
0.279 0.0899813 0.08965113
0.2795 0.08797626 0.087643094
0.28 0.0859934 0.085657656
0.2805 0.08403263 0.08369435
0.281 0.08209386 0.081752844
0.2815 0.080177 0.079832815
0.282 0.07828192 0.07793402
0.2825 0.07640853 0.07605639
0.283 0.0745567 0.074199714
0.2835 0.0727263 0.07236391
0.284 0.07091722 0.07054904
0.2845 0.06912931 0.06875497
0.285 0.06736245 0.06698177
0.2855 0.06561648 0.06522945
0.286 0.06389127 0.06349803
0.2865 0.06218667 0.061787546
0.287 0.06050252 0.060097992
0.2875 0.05883867 0.058429353
0.288 0.05719496 0.05678174
0.2885 0.05557123 0.05515507
0.289 0.05396733 0.05354937
0.2895 0.05238308 0.05196459
0.29 0.05081832 0.05040066
0.2905 0.04927288 0.048857532
0.291 0.0477466 0.047335103
0.2915 0.04623929 0.045833252
0.292 0.04475079 0.04435184
0.2925 0.04328093 0.042890728
0.293 0.04182952 0.041449748
0.2935 0.0403964 0.0400287
0.294 0.03898139 0.03862737
0.2945 0.0375843 0.03724554
0.295 0.03620497 0.03588298
0.2955 0.03484322 0.03453944
0.296 0.03349886 0.03321465
0.2965 0.03217173 0.03190834
0.297 0.03086163 0.030620242
0.2975 0.0295684 0.029350037
0.298 0.02829185 0.028097497
0.2985 0.02703182 0.026862258
0.299 0.02578811 0.025644058
0.2995 0.02456055 0.024442593
0.3 0.02334897 0.024276895
0.3005 0.03509107 0.03703849
0.301 0.04914207 0.0486217
0.3015 0.05829197 0.057925753
0.302 0.06416955 0.06528719
0.3025 0.06842463 0.07118296
0.303 0.07195294 0.07601285
0.3035 0.07516725 0.08007891
0.304 0.07824519 0.08360188
0.3045 0.08126076 0.08674166
0.305 0.08424445 0.08961365
0.3055 0.0872089 0.09230121
0.306 0.09015906 0.094864465
0.3065 0.09309673 0.09734678
0.307 0.09602248 0.099779196
0.3075 0.09893044 0.102183916
0.308 0.1018085 0.10457647
0.3085 0.1046708 0.10696759
0.309 0.1075252 0.10936447
0.3095 0.1103723 0.11177174
0.31 0.1132105 0.1141919
0.3105 0.1160375 0.11662624
0.311 0.1188315 0.11907498
0.3115 0.121595 0.12153759
0.312 0.1243448 0.124012925
0.3125 0.1270855 0.12649967
0.313 0.129816 0.12899618
0.3135 0.1325348 0.13150068
0.314 0.1352306 0.13401127
0.3145 0.1378861 0.13652618
0.315 0.1405175 0.13904351
0.3155 0.1431237 0.14156155
0.316 0.1457026 0.14407846
0.3165 0.1482678 0.1465926
0.317 0.1508047 0.1491025
0.3175 0.1533272 0.15160652
0.318 0.1558471 0.15410335
0.3185 0.1583638 0.15659167
0.319 0.1608722 0.15907031
0.3195 0.1633666 0.16153811
0.32 0.165843 0.1639941
0.3205 0.1682808 0.1664372
0.321 0.1706718 0.16886668
0.3215 0.1730435 0.17128168
0.322 0.1754039 0.17368151
0.3225 0.1777479 0.17606546
0.323 0.1800692 0.17843299
0.3235 0.1823698 0.18078357
0.324 0.1846513 0.18311666
0.3245 0.1869135 0.18543194
0.325 0.1891553 0.18772893
0.3255 0.1913693 0.19000737
0.326 0.1935327 0.19226697
0.3265 0.1956647 0.1945074
0.327 0.1977684 0.19672862
0.3275 0.1996406 0.1989303
0.328 0.201493 0.20111232
0.3285 0.2034304 0.20327458
0.329 0.2054421 0.20541708
0.3295 0.2074949 0.20753963
0.33 0.2095599 0.20964217
0.3305 0.2116175 0.21172482
0.331 0.2136561 0.21378745
0.3315 0.2156692 0.21583013
0.332 0.2176495 0.2178529
0.3325 0.2195711 0.21985577
0.333 0.2214505 0.22183885
0.3335 0.2233097 0.22380215
0.334 0.2251553 0.22574578
0.3345 0.2269864 0.22766991
0.335 0.2288001 0.22957452
0.3355 0.2305936 0.23145984
0.336 0.2323616 0.23332594
0.3365 0.234044 0.2351729
0.337 0.2356714 0.23700088
0.3375 0.2372975 0.23881008
0.338 0.238933 0.24060066
0.3385 0.2405726 0.24237268
0.339 0.2422078 0.24412625
0.3395 0.2438317 0.24586172
0.34 0.2454186 0.24757908
0.3405 0.246958 0.24927856
0.341 0.2484851 0.25096035
0.3415 0.2500081 0.2526245
0.342 0.2515213 0.25427133
0.3425 0.2529992 0.25590092
0.343 0.2544536 0.25751346
0.3435 0.255898 0.25910914
0.344 0.2573351 0.26068807
0.3445 0.2587622 0.26225045
0.345 0.2601756 0.26379657
0.3455 0.2615735 0.2653265
0.346 0.2629546 0.26684034
0.3465 0.2643172 0.26833838
0.347 0.2656605 0.26982075
0.3475 0.2669852 0.27128762
0.348 0.2682919 0.27273914
0.3485 0.2695813 0.27417552
0.349 0.2708536 0.27559692
0.3495 0.2721092 0.27700353
0.35 0.2733387 0.26906213
0.3505 0.2615647 0.26175487
0.351 0.2474375 0.25506115
0.3515 0.2382049 0.24895556
0.352 0.232265 0.24340297
0.3525 0.2279668 0.23835845
0.353 0.2244218 0.23376971
0.3535 0.2212155 0.22958004
0.354 0.2181631 0.22573145
0.3545 0.2151833 0.22216728
0.355 0.2122116 0.21883433
0.3555 0.2092297 0.2156838
0.356 0.2062709 0.21267241
0.3565 0.2033431 0.20976241
0.357 0.2004429 0.20692183
0.3575 0.1975643 0.20412399
0.358 0.1947028 0.20134728
0.3585 0.1918555 0.1985747
0.359 0.1890211 0.19579348
0.3595 0.186199 0.19299455
0.36 0.1833893 0.19017194
0.3605 0.1805927 0.1873226
0.361 0.1778098 0.18444575
0.3615 0.1750413 0.18154263
0.362 0.1722879 0.17861609
0.3625 0.1695505 0.17567
0.363 0.1668296 0.17270935
0.3635 0.164126 0.16973971
0.364 0.1614401 0.16676696
0.3645 0.1587726 0.16379713
0.365 0.1561239 0.16083615
0.3655 0.1534945 0.15788971
0.366 0.1508848 0.1549631
0.3665 0.1482951 0.15206128
0.367 0.1457258 0.14918847
0.3675 0.1431772 0.14634836
0.368 0.1406496 0.14354403
0.3685 0.1381433 0.140778
0.369 0.1356584 0.13805209
0.3695 0.1331951 0.13536765
0.37 0.1307537 0.1327254
0.3705 0.1283343 0.13012573
0.371 0.1259371 0.12756847
0.3715 0.1235622 0.12505318
0.372 0.1212096 0.122579165
0.3725 0.1188795 0.12014536
0.373 0.116572 0.11775065
0.3735 0.1142871 0.115393735
0.374 0.1120248 0.11307324
0.3745 0.1097852 0.11078781
0.375 0.1075683 0.10853595
0.3755 0.1053742 0.10631633
0.376 0.1032027 0.10412753
0.3765 0.1010539 0.101968326
0.377 0.09892775 0.099837534
0.3775 0.09682424 0.097733974
0.378 0.0947433 0.09565669
0.3785 0.09268487 0.09360468
0.379 0.09064889 0.09157716
0.3795 0.08863529 0.089573465
0.38 0.08664398 0.08759288
0.3805 0.08467488 0.08563487
0.381 0.08272789 0.08369903
0.3815 0.0808029 0.08178492
0.382 0.07889982 0.079892226
0.3825 0.07701852 0.07802071
0.383 0.07515888 0.07617018
0.3835 0.07332079 0.07434041
0.384 0.07150411 0.072531395
0.3845 0.06970871 0.07074296
0.385 0.06793444 0.068975076
0.3855 0.06618117 0.0672277
0.386 0.06444875 0.06550081
0.3865 0.06273703 0.06379441
0.387 0.06104586 0.0621085
0.3875 0.05937508 0.06044302
0.388 0.05772453 0.058798008
0.3885 0.05609405 0.057173394
0.389 0.05448349 0.05556921
0.3895 0.05289266 0.053985365
0.39 0.05132141 0.052421816
0.3905 0.04976956 0.05087851
0.391 0.04823695 0.04935532
0.3915 0.0467234 0.04785218
0.392 0.04522874 0.04636895
0.3925 0.04375279 0.04490549
0.393 0.04229538 0.04346163
0.3935 0.04085634 0.042037256
0.394 0.03943547 0.040632106
0.3945 0.03803261 0.039246008
0.395 0.03664758 0.037878744
0.3955 0.0352802 0.036530092
0.396 0.03393029 0.0351998
0.3965 0.03259767 0.033887602
0.397 0.03128216 0.03259325
0.3975 0.02998359 0.031316496
0.398 0.02870177 0.030057045
0.3985 0.02743652 0.02881463
0.399 0.02618767 0.027588973
0.3995 0.02495504 0.026379766
0.4 0.02373846 0.025186764
0.4005 0.02253774 0.02400967
0.401 0.0213527 0.02284819
0.4015 0.02018318 0.021702038
0.402 0.019029 0.020570973
0.4025 0.01788998 0.019454716
0.403 0.01676595 0.018352998
0.4035 0.01565674 0.017265534
0.404 0.01456218 0.016192103
0.4045 0.01348209 0.0151324365
0.405 0.01241631 0.014086312
0.4055 0.01136467 0.0130534675
0.406 0.01032699 0.012033695
0.4065 0.009303124 0.011026772
0.407 0.008292893 0.010032477
0.4075 0.007296138 0.009050613
0.408 0.006312695 0.00808098
0.4085 0.005342402 0.0071233604
0.409 0.004385099 0.006177621
0.4095 0.003440627 0.005243538
0.41 0.002508829 0.0043209847
0.4105 0.001589547 0.0034097563
0.411 0.0006826274 0.0025097039
0.4115 -0.0002120846 0.0016206857
0.412 -0.001094741 0.0007425528
0.4125 -0.001965493 -0.00012484007
0.413 -0.002824491 -0.000981627
0.4135 -0.003671882 -0.0018279348
0.414 -0.004507814 -0.0026638974
0.4145 -0.005332432 -0.0034896303
0.415 -0.006145881 -0.0043052565
0.4155 -0.006948302 -0.0051108915
0.416 -0.007739837 -0.005906636
0.4165 -0.008520627 -0.00669259
0.417 -0.009290809 -0.0074688736
0.4175 -0.01005052 -0.008235587
0.418 -0.0107999 -0.00899283
0.4185 -0.01153907 -0.009740675
0.419 -0.01226818 -0.010479247
0.4195 -0.01298735 -0.011208629
0.42 -0.01369672 -0.011928899
0.4205 -0.0143964 -0.012640161
0.421 -0.01508654 -0.01334249
0.4215 -0.01576725 -0.014035976
0.422 -0.01643866 -0.014720721
0.4225 -0.01710089 -0.015396783
0.423 -0.01775406 -0.016064258
0.4235 -0.0183983 -0.016723244
0.424 -0.01903372 -0.017373793
0.4245 -0.01966044 -0.018016001
0.425 -0.02027857 -0.018649949
0.4255 -0.02088823 -0.019275717
0.426 -0.02148954 -0.019893397
0.4265 -0.0220826 -0.020503042
0.427 -0.02266752 -0.021104755
0.4275 -0.02324442 -0.021698603
0.428 -0.02381341 -0.022284657
0.4285 -0.02437458 -0.022863014
0.429 -0.02492804 -0.023433749
0.4295 -0.02547391 -0.023996947
0.43 -0.02601228 -0.024552671
0.4305 -0.02654325 -0.025101008
0.431 -0.02706692 -0.025642028
0.4315 -0.02758339 -0.026175838
0.432 -0.02809276 -0.02670248
0.4325 -0.02859513 -0.027222069
0.433 -0.0290906 -0.027734645
0.4335 -0.02957924 -0.02824032
0.434 -0.03006117 -0.028739143
0.4345 -0.03053646 -0.029231213
0.435 -0.03100522 -0.0297166
0.4355 -0.03146752 -0.030195387
0.436 -0.03192347 -0.030667638
0.4365 -0.03237314 -0.031133445
0.437 -0.03281662 -0.03159288
0.4375 -0.033254 -0.032046027
0.438 -0.03368535 -0.032492954
0.4385 -0.03411077 -0.03293373
0.439 -0.03453034 -0.033368442
0.4395 -0.03494412 -0.033797167
0.44 -0.03535222 -0.03421998
0.4405 -0.03575469 -0.034636952
0.441 -0.03615163 -0.03504816
0.4415 -0.0365431 -0.035453673
0.442 -0.03692918 -0.03585357
0.4425 -0.03730995 -0.03624793
0.443 -0.03768548 -0.036636807
0.4435 -0.03805584 -0.037020292
0.444 -0.0384211 -0.037398443
0.4445 -0.03878133 -0.037771337
0.445 -0.03913661 -0.038139038
0.4455 -0.039487 -0.038501635
0.446 -0.03983257 -0.03885918
0.4465 -0.04017339 -0.039211743
0.447 -0.04050951 -0.039559405
0.4475 -0.04084102 -0.039902218
0.448 -0.04116796 -0.040240258
0.4485 -0.04149041 -0.040573582
0.449 -0.04180842 -0.040902264
0.4495 -0.04212206 -0.041226372
0.45 -0.04243139 -0.04154597
0.4505 -0.04273647 -0.04186111
0.451 -0.04303736 -0.042171855
0.4515 -0.04333411 -0.04247827
0.452 -0.04362678 -0.04278043
0.4525 -0.04391543 -0.043078378
0.453 -0.04420012 -0.043372177
0.4535 -0.0444809 -0.043661907
0.454 -0.04475782 -0.0439476
0.4545 -0.04503094 -0.044229314
0.455 -0.04530031 -0.044507124
0.4555 -0.04556598 -0.04478109
0.456 -0.04582801 -0.04505124
0.4565 -0.04608645 -0.045317642
0.457 -0.04634133 -0.045580357
0.4575 -0.04659273 -0.04583943
0.458 -0.04684067 -0.046094917
0.4585 -0.04708522 -0.046346873
0.459 -0.04732641 -0.04659535
0.4595 -0.0475643 -0.046840385
0.46 -0.04779893 -0.04708205
0.4605 -0.04803035 -0.047320373
0.461 -0.04825859 -0.04755541
0.4615 -0.04848371 -0.047787204
0.462 -0.04870575 -0.048015818
0.4625 -0.04892475 -0.048241287
0.463 -0.04914076 -0.04846365
0.4635 -0.0493538 -0.048682965
0.464 -0.04956394 -0.048899263
0.4645 -0.0497712 -0.049112603
0.465 -0.04997562 -0.049323007
0.4655 -0.05017726 -0.049530543
0.466 -0.05037613 -0.049735233
0.4665 -0.05057229 -0.04993713
0.467 -0.05076577 -0.05013626
0.4675 -0.05095661 -0.050332673
0.468 -0.05114484 -0.05052641
0.4685 -0.05133051 -0.050717503
0.469 -0.05151364 -0.050905995
0.4695 -0.05169427 -0.05109191
0.47 -0.05187244 -0.051275305
0.4705 -0.05204817 -0.051456206
0.471 -0.05222152 -0.051634632
0.4715 -0.0523925 -0.051810652
0.472 -0.05256115 -0.051984273
0.4725 -0.0527275 -0.052155547
0.473 -0.05289159 -0.052324496
0.4735 -0.05305344 -0.05249115
0.474 -0.05321309 -0.052655548
0.4745 -0.05337057 -0.052817717
0.475 -0.0535259 -0.052977704
0.4755 -0.05367912 -0.053135507
0.476 -0.05383026 -0.05329118
0.4765 -0.05397935 -0.05344475
0.477 -0.0541264 -0.05359625
0.4775 -0.05427146 -0.053745694
0.478 -0.05441455 -0.05389312
0.4785 -0.0545557 -0.054038554
0.479 -0.05469493 -0.054182023
0.4795 -0.05483227 -0.054323547
0.48 -0.05496774 -0.05446317
0.4805 -0.05510138 -0.05460091
0.481 -0.05523321 -0.05473678
0.4815 -0.05536325 -0.0548708
0.482 -0.05549152 -0.055003032
0.4825 -0.05561806 -0.05513347
0.483 -0.05574288 -0.05526214
0.4835 -0.05586602 -0.05538909
0.484 -0.05598748 -0.055514306
0.4845 -0.0561073 -0.05563783
0.485 -0.0562255 -0.055759683
0.4855 -0.0563421 -0.05587989
0.486 -0.05645713 -0.055998467
0.4865 -0.05657059 -0.056115434
0.487 -0.05668253 -0.05623082
0.4875 -0.05679295 -0.056344643
0.488 -0.05690188 -0.056456916
0.4885 -0.05700934 -0.05656766
0.489 -0.05711535 -0.056676917
0.4895 -0.05721992 -0.056784675
0.49 -0.05732309 -0.056890965
0.4905 -0.05742486 -0.056995817
0.491 -0.05752526 -0.057099245
0.4915 -0.05762431 -0.057201244
0.492 -0.05772202 -0.057301864
0.4925 -0.05781841 -0.0574011
0.493 -0.05791351 -0.057498984
0.4935 -0.05800732 -0.057595536
0.494 -0.05809987 -0.057690755
0.4945 -0.05819117 -0.05778467
0.495 -0.05828125 -0.057877287
0.4955 -0.05837011 -0.057968646
0.496 -0.05845778 -0.05805874
0.4965 -0.05854427 -0.058147587
0.497 -0.0586296 -0.058235213
0.4975 -0.05871378 -0.058321625
0.498 -0.05879683 -0.058406845
0.4985 -0.05887876 -0.058490887
0.499 -0.05895959 -0.058573753
0.4995 -0.05903934 -0.05865547
