0.0 -0.065 -0.033984758
0.0005 -0.065 -0.046150073
0.001 -0.065 -0.05352609
0.0015 -0.065 -0.05818826
0.002 -0.065 -0.06124197
0.0025 -0.065 -0.06330323
0.003 -0.065 -0.06473067
0.0035 -0.065 -0.065741114
0.004 -0.065 -0.06646997
0.0045 -0.065 -0.06700399
0.005 -0.065 -0.06740008
0.0055 -0.065 -0.06769638
0.006 -0.065 -0.06791892
0.0065 -0.065 -0.06808588
0.007 -0.065 -0.06821016
0.0075 -0.065 -0.068301186
0.008 -0.065 -0.0683659
0.0085 -0.065 -0.06840957
0.009 -0.065 -0.06843624
0.0095 -0.065 -0.0684491
0.01 -0.065 -0.068450645
0.0105 -0.065 -0.068442926
0.011 -0.065 -0.06842757
0.0115 -0.065 -0.068405926
0.012 -0.065 -0.0683791
0.0125 -0.065 -0.06834801
0.013 -0.065 -0.06831341
0.0135 -0.065 -0.06827595
0.014 -0.065 -0.068236135
0.0145 -0.065 -0.06819443
0.015 -0.065 -0.068151176
0.0155 -0.065 -0.06810668
0.016 -0.065 -0.06806122
0.0165 -0.065 -0.06801499
0.017 -0.065 -0.06796816
0.0175 -0.065 -0.06792091
0.018 -0.065 -0.06787334
0.0185 -0.065 -0.06782555
0.019 -0.065 -0.06777763
0.0195 -0.065 -0.06772967
0.02 -0.065 -0.06768172
0.0205 -0.065 -0.06763383
0.021 -0.065 -0.06758605
0.0215 -0.065 -0.06753842
0.022 -0.065 -0.06749096
0.0225 -0.065 -0.067443706
0.023 -0.065 -0.067396685
0.0235 -0.065 -0.06734992
0.024 -0.065 -0.06730341
0.0245 -0.065 -0.06725719
0.025 -0.065 -0.06721127
0.0255 -0.065 -0.067165665
0.026 -0.065 -0.06712038
0.0265 -0.065 -0.06707544
0.027 -0.065 -0.06703085
0.0275 -0.065 -0.0669866
0.028 -0.065 -0.066942714
0.0285 -0.065 -0.06689921
0.029 -0.065 -0.066856086
0.0295 -0.065 -0.066813335
0.03 -0.065 -0.066770986
0.0305 -0.065 -0.06672902
0.031 -0.065 -0.06668746
0.0315 -0.065 -0.066646315
0.032 -0.065 -0.06660558
0.0325 -0.065 -0.06656526
0.033 -0.065 -0.066525355
0.0335 -0.065 -0.06648587
0.034 -0.065 -0.06644681
0.0345 -0.065 -0.06640818
0.035 -0.065 -0.06636997
0.0355 -0.065 -0.0663322
0.036 -0.065 -0.066294864
0.0365 -0.065 -0.06625796
0.037 -0.065 -0.06622149
0.0375 -0.065 -0.06618545
0.038 -0.065 -0.06614987
0.0385 -0.065 -0.0661147
0.039 -0.065 -0.066079974
0.0395 -0.065 -0.06604568
0.04 -0.065 -0.06601183
0.0405 -0.065 -0.06597841
0.041 -0.065 -0.06594542
0.0415 -0.065 -0.065912865
0.042 -0.065 -0.06588073
0.0425 -0.065 -0.065849036
0.043 -0.065 -0.065817766
0.0435 -0.065 -0.06578691
0.044 -0.065 -0.065756485
0.0445 -0.065 -0.06572648
0.045 -0.065 -0.06569689
0.0455 -0.065 -0.06566772
0.046 -0.065 -0.06563896
0.0465 -0.065 -0.0656106
0.047 -0.065 -0.06558265
0.0475 -0.065 -0.0655551
0.048 -0.065 -0.06552796
0.0485 -0.065 -0.065501206
0.049 -0.065 -0.06547485
0.0495 -0.065 -0.06544889
0.05 -0.065 -0.0654233
0.0505 -0.065 -0.0653981
0.051 -0.065 -0.06537328
0.0515 -0.065 -0.065348834
0.052 -0.065 -0.06532475
0.0525 -0.065 -0.06530104
0.053 -0.065 -0.065277696
0.0535 -0.065 -0.06525471
0.054 -0.065 -0.065232076
0.0545 -0.065 -0.06520979
0.055 -0.065 -0.06518786
0.0555 -0.065 -0.065166265
0.056 -0.065 -0.065145016
0.0565 -0.065 -0.065124094
0.057 -0.065 -0.0651035
0.0575 -0.065 -0.06508325
0.058 -0.065 -0.065063305
0.0585 -0.065 -0.06504369
0.059 -0.065 -0.065024376
0.0595 -0.065 -0.065005384
0.06 -0.065 -0.0649867
0.0605 -0.065 -0.06496831
0.061 -0.065 -0.06495022
0.0615 -0.065 -0.06493243
0.062 -0.065 -0.06491493
0.0625 -0.065 -0.06489771
0.063 -0.065 -0.06488077
0.0635 -0.065 -0.064864114
0.064 -0.065 -0.06484774
0.0645 -0.065 -0.06483162
0.065 -0.065 -0.06481578
0.0655 -0.065 -0.0648002
0.066 -0.065 -0.064784884
0.0665 -0.065 -0.06476982
0.067 -0.065 -0.06475501
0.0675 -0.065 -0.06474043
0.068 -0.065 -0.06472612
0.0685 -0.065 -0.06471204
0.069 -0.065 -0.0646982
0.0695 -0.065 -0.064684585
0.07 -0.065 -0.0646712
0.0705 -0.065 -0.06465805
0.071 -0.065 -0.06464512
0.0715 -0.065 -0.06463241
0.072 -0.065 -0.06461991
0.0725 -0.065 -0.064607635
0.073 -0.065 -0.064595565
0.0735 -0.065 -0.0645837
0.074 -0.065 -0.06457203
0.0745 -0.065 -0.06456057
0.075 -0.065 -0.064549305
0.0755 -0.065 -0.06453823
0.076 -0.065 -0.064527355
0.0765 -0.065 -0.06451666
0.077 -0.065 -0.06450615
0.0775 -0.065 -0.06449582
0.078 -0.065 -0.06448568
0.0785 -0.065 -0.06447569
0.079 -0.065 -0.064465895
0.0795 -0.065 -0.06445626
0.08 -0.065 -0.0644468
0.0805 -0.065 -0.0644375
0.081 -0.065 -0.064428374
0.0815 -0.065 -0.06441938
0.082 -0.065 -0.06441056
0.0825 -0.065 -0.064401895
0.083 -0.065 -0.06439338
0.0835 -0.065 -0.06438501
0.084 -0.065 -0.064376794
0.0845 -0.065 -0.06436872
0.085 -0.065 -0.06436078
0.0855 -0.065 -0.06435298
0.086 -0.065 -0.06434532
0.0865 -0.065 -0.0643378
0.087 -0.065 -0.06433041
0.0875 -0.065 -0.06432314
0.088 -0.065 -0.06431601
0.0885 -0.065 -0.06430901
0.089 -0.065 -0.06430212
0.0895 -0.065 -0.06429535
0.09 -0.065 -0.064288706
0.0905 -0.065 -0.06428218
0.091 -0.065 -0.064275764
0.0915 -0.065 -0.06426947
0.092 -0.065 -0.064263284
0.0925 -0.065 -0.064257205
0.093 -0.065 -0.06425124
0.0935 -0.065 -0.06424538
0.094 -0.065 -0.06423961
0.0945 -0.065 -0.06423396
0.095 -0.065 -0.0642284
0.0955 -0.065 -0.06422294
0.096 -0.065 -0.06421758
0.0965 -0.065 -0.064212315
0.097 -0.065 -0.064207144
0.0975 -0.065 -0.06420206
0.098 -0.065 -0.06419707
0.0985 -0.065 -0.064192176
0.099 -0.065 -0.064187355
0.0995 -0.065 -0.064182624
0.1 -0.065 -0.064759724
0.1005 -0.05205612 -0.048938364
0.101 -0.03678555 -0.03717301
0.1015 -0.02642051 -0.028364321
0.102 -0.01935535 -0.021391345
0.1025 -0.01394585 -0.015563397
0.103 -0.009311454 -0.010462312
0.1035 -0.005023821 -0.005829109
0.104 -0.0008967279 -0.0014995169
0.1045 0.003115461 0.0026327092
0.105 0.007031527 0.006637009
0.1055 0.01091859 0.010559017
0.106 0.01480548 0.0144286845
0.1065 0.01868723 0.018265428
0.107 0.02255614 0.02208128
0.1075 0.02642019 0.025883617
0.108 0.03027984 0.02967629
0.1085 0.03413009 0.03346087
0.109 0.03796465 0.03723737
0.1095 0.0417781 0.041004844
0.11 0.04556702 0.044761598
0.1105 0.04932908 0.0485057
0.111 0.05306279 0.05223488
0.1115 0.05676717 0.055946775
0.112 0.06044165 0.059639104
0.1125 0.06408584 0.06330974
0.113 0.06769939 0.06695653
0.1135 0.07128201 0.07057763
0.114 0.07483355 0.07417116
0.1145 0.07835392 0.07773546
0.115 0.08184136 0.08126923
0.1155 0.08527853 0.084771045
0.116 0.08867512 0.088239856
0.1165 0.09204577 0.09167462
0.117 0.09539416 0.09507451
0.1175 0.09870711 0.09843882
0.118 0.1019618 0.10176695
0.1185 0.1051808 0.105058394
0.119 0.1083802 0.1083127
0.1195 0.1115629 0.111529656
0.12 0.1147258 0.11470907
0.1205 0.117865 0.11785067
0.121 0.1209769 0.120954596
0.1215 0.1240592 0.12402066
0.122 0.1271103 0.1270491
0.1225 0.1301113 0.13003989
0.123 0.1330368 0.13299315
0.1235 0.1359186 0.13590913
0.124 0.1387853 0.13878812
0.1245 0.1416428 0.14163034
0.125 0.1444868 0.14443603
0.1255 0.1473104 0.14720555
0.126 0.1501074 0.14993925
0.1265 0.1528743 0.15263753
0.127 0.1556091 0.15530066
0.1275 0.1583128 0.15792906
0.128 0.1609854 0.16052315
0.1285 0.1636157 0.16308326
0.129 0.1661922 0.16560994
0.1295 0.1687342 0.1681035
0.13 0.1712546 0.15944804
0.1305 0.1608096 0.1518093
0.131 0.1480025 0.14515184
0.1315 0.1400602 0.13941659
0.132 0.1353838 0.13452397
0.1325 0.1323292 0.13038068
0.133 0.1299979 0.12688568
0.1335 0.1279704 0.123937495
0.134 0.1260857 0.121438645
0.1345 0.1242714 0.119299315
0.135 0.1224912 0.11743926
0.1355 0.1207262 0.115788706
0.136 0.1189634 0.114288695
0.1365 0.1171978 0.11289016
0.137 0.1154309 0.11155342
0.1375 0.1136629 0.11024723
0.138 0.1118941 0.10894745
0.1385 0.1101245 0.107636385
0.139 0.1083547 0.10630155
0.1395 0.1065852 0.10493476
0.14 0.1048167 0.10353139
0.1405 0.1030497 0.10208974
0.141 0.1012852 0.10061011
0.1415 0.09952379 0.0990944
0.142 0.09776618 0.09754557
0.1425 0.09601307 0.095967375
0.143 0.09426511 0.09436364
0.1435 0.09252293 0.09273853
0.144 0.09078713 0.09109593
0.1445 0.08905826 0.089439444
0.145 0.08733687 0.08777232
0.1455 0.08562345 0.08609747
0.146 0.08391848 0.08441735
0.1465 0.0822224 0.08273394
0.147 0.08053563 0.0810489
0.1475 0.07885857 0.07936356
0.148 0.07719158 0.077679016
0.1485 0.07553502 0.07599607
0.149 0.07388921 0.07431544
0.1495 0.07225446 0.07263772
0.15 0.07063104 0.07096343
0.1505 0.06901922 0.06929308
0.151 0.06741925 0.067627124
0.1515 0.06583136 0.06596617
0.152 0.06425575 0.06431071
0.1525 0.06269262 0.06266137
0.153 0.06114215 0.061018802
0.1535 0.05960451 0.05938369
0.154 0.05807984 0.057756737
0.1545 0.05656828 0.056138724
0.155 0.05506995 0.05453042
0.1555 0.05358496 0.052932568
0.156 0.05211342 0.05134604
0.1565 0.0506554 0.049771525
0.157 0.04921099 0.048209786
0.1575 0.04778024 0.046661615
0.158 0.04636322 0.045127697
0.1585 0.04495996 0.043608688
0.159 0.04357051 0.042105235
0.1595 0.04219489 0.04061789
0.16 0.04083312 0.03914722
0.1605 0.03948521 0.037693664
0.161 0.03815116 0.036257714
0.1615 0.03683098 0.034839675
0.162 0.03552465 0.03343989
0.1625 0.03423215 0.032058634
0.163 0.03295346 0.030696081
0.1635 0.03168855 0.029352421
0.164 0.03043739 0.028027726
0.1645 0.02919993 0.026722083
0.165 0.02797614 0.02543548
0.1655 0.02676595 0.024167856
0.166 0.02556932 0.022919158
0.1665 0.02438618 0.021689286
0.167 0.02321648 0.020478042
0.1675 0.02206014 0.019285286
0.168 0.02091711 0.018110776
0.1685 0.01978729 0.016954286
0.169 0.01867063 0.015815558
0.1695 0.01756703 0.014694301
0.17 0.01647641 0.013590245
0.1705 0.01539869 0.012503037
0.171 0.01433379 0.011432419
0.1715 0.0132816 0.010378053
0.172 0.01224205 0.009339603
0.1725 0.01121503 0.008316742
0.173 0.01020046 0.0073091555
0.1735 0.009198222 0.0063165072
0.174 0.008208231 0.005338462
0.1745 0.007230384 0.004374737
0.175 0.006264578 0.0034249853
0.1755 0.005310711 0.002488939
0.176 0.004368679 0.0015662778
0.1765 0.003438377 0.00065669604
0.177 0.002519699 -0.0002400484
0.1775 0.001612538 -0.0011242349
0.178 0.0007167878 -0.001996139
0.1785 -0.0001676598 -0.002855977
0.179 -0.001040913 -0.0037040096
0.1795 -0.001903081 -0.004540475
0.18 -0.002754273 -0.0053655785
0.1805 -0.003594597 -0.006179547
0.181 -0.004424164 -0.006982567
0.1815 -0.005243084 -0.0077748317
0.182 -0.006051465 -0.008556517
0.1825 -0.006849418 -0.00932782
0.183 -0.007637052 -0.010088893
0.1835 -0.008414477 -0.010839893
0.184 -0.009181803 -0.011580994
0.1845 -0.009939139 -0.012312299
0.185 -0.01068659 -0.013034007
0.1855 -0.01142428 -0.013746215
0.186 -0.01215229 -0.014449054
0.1865 -0.01287075 -0.015142651
0.187 -0.01357977 -0.01582712
0.1875 -0.01427944 -0.01650257
0.188 -0.01496987 -0.017169146
0.1885 -0.01565118 -0.017826919
0.189 -0.01632347 -0.018476017
0.1895 -0.01698683 -0.01911653
0.19 -0.01764139 -0.01974855
0.1905 -0.01828723 -0.02037218
0.191 -0.01892447 -0.020987516
0.1915 -0.0195532 -0.021594657
0.192 -0.02017353 -0.022193687
0.1925 -0.02078556 -0.022784682
0.193 -0.02138938 -0.023367738
0.1935 -0.02198511 -0.023942957
0.194 -0.02257283 -0.02451041
0.1945 -0.02315265 -0.025070177
0.195 -0.02372466 -0.02562235
0.1955 -0.02428896 -0.02616701
0.196 -0.02484565 -0.026704246
0.1965 -0.02539481 -0.02723413
0.197 -0.02593655 -0.027756734
0.1975 -0.02647095 -0.028272169
0.198 -0.02699812 -0.0287805
0.1985 -0.02751814 -0.029281784
0.199 -0.02803109 -0.029776148
0.1995 -0.02853708 -0.030263636
0.2 -0.02903619 -0.030744335
0.2005 -0.02952851 -0.03121834
0.201 -0.03001412 -0.031685717
0.2015 -0.03049312 -0.032146543
0.202 -0.03096558 -0.032600895
0.2025 -0.0314316 -0.03304887
0.203 -0.03189125 -0.033490524
0.2035 -0.03234462 -0.033925958
0.204 -0.03279179 -0.03435523
0.2045 -0.03323284 -0.034778416
0.205 -0.03366785 -0.03519562
0.2055 -0.03409691 -0.035606883
0.206 -0.03452008 -0.0360123
0.2065 -0.03493745 -0.03641195
0.207 -0.0353491 -0.036805913
0.2075 -0.03575509 -0.037194252
0.208 -0.03615551 -0.03757704
0.2085 -0.03655043 -0.037954364
0.209 -0.03693992 -0.038326308
0.2095 -0.03732405 -0.03869292
0.21 -0.03770291 -0.03905428
0.2105 -0.03807654 -0.039410472
0.211 -0.03844504 -0.039761562
0.2115 -0.03880846 -0.040107623
0.212 -0.03916688 -0.040448714
0.2125 -0.03952035 -0.040784925
0.213 -0.03986896 -0.041116312
0.2135 -0.04021276 -0.041442942
0.214 -0.04055182 -0.041764904
0.2145 -0.0408862 -0.042082235
0.215 -0.04121597 -0.042395018
0.2155 -0.04154119 -0.04270333
0.216 -0.04186192 -0.043007217
0.2165 -0.04217823 -0.043306753
0.217 -0.04249016 -0.043602005
0.2175 -0.04279779 -0.043893024
0.218 -0.04310117 -0.04417988
0.2185 -0.04340036 -0.04446265
0.219 -0.04369542 -0.04474137
0.2195 -0.0439864 -0.045016117
0.22 -0.04427336 -0.04528694
0.2205 -0.04455635 -0.045553915
0.221 -0.04483544 -0.04581707
0.2215 -0.04511066 -0.046076484
0.222 -0.04538208 -0.046332218
0.2225 -0.04564975 -0.04658431
0.223 -0.04591372 -0.046832815
0.2235 -0.04617404 -0.047077797
0.224 -0.04643076 -0.047319315
0.2245 -0.04668394 -0.047557406
0.225 -0.04693361 -0.047792137
0.2255 -0.04717983 -0.048023544
0.226 -0.04742264 -0.04825168
0.2265 -0.0476621 -0.048476614
0.227 -0.04789825 -0.048698373
0.2275 -0.04813114 -0.04891701
0.228 -0.0483608 -0.04913257
0.2285 -0.04858729 -0.049345113
0.229 -0.04881065 -0.049554653
0.2295 -0.04903093 -0.049761266
0.23 -0.04924815 -0.04996498
0.2305 -0.04946238 -0.050165847
0.231 -0.04967365 -0.050363913
0.2315 -0.04988199 -0.050559208
0.232 -0.05008746 -0.050751783
0.2325 -0.05029009 -0.05094167
0.233 -0.05048992 -0.051128916
0.2335 -0.050687 -0.051313557
0.234 -0.05088135 -0.05149562
0.2345 -0.05107301 -0.051675178
0.235 -0.05126203 -0.051852234
0.2355 -0.05144844 -0.052026823
0.236 -0.05163228 -0.052199006
0.2365 -0.05181358 -0.052368797
0.237 -0.05199238 -0.05253625
0.2375 -0.05216871 -0.052701384
0.238 -0.05234261 -0.05286424
0.2385 -0.05251411 -0.053024843
0.239 -0.05268324 -0.053183235
0.2395 -0.05285005 -0.053339444
0.24 -0.05301455 -0.0534935
0.2405 -0.05317679 -0.05364544
0.241 -0.05333679 -0.0537953
0.2415 -0.05349458 -0.053943083
0.242 -0.0536502 -0.05408884
0.2425 -0.05380368 -0.054232582
0.243 -0.05395505 -0.054374367
0.2435 -0.05410433 -0.0545142
0.244 -0.05425156 -0.054652117
0.2445 -0.05439676 -0.054788135
0.245 -0.05453996 -0.054922283
0.2455 -0.05468119 -0.055054598
0.246 -0.05482048 -0.055185102
0.2465 -0.05495786 -0.05531381
0.247 -0.05509334 -0.055440746
0.2475 -0.05522697 -0.05556596
0.248 -0.05535875 -0.05568944
0.2485 -0.05548873 -0.055811234
0.249 -0.05561692 -0.05593136
0.2495 -0.05574336 -0.056049824
0.25 -0.05586805 -0.05616667
0.2505 -0.05599104 -0.056281917
0.251 -0.05611233 -0.056395575
0.2515 -0.05623196 -0.05650767
0.252 -0.05634996 -0.05661823
0.2525 -0.05646633 -0.056727268
0.253 -0.05658111 -0.056834795
0.2535 -0.05669431 -0.056940854
0.254 -0.05680597 -0.05704546
0.2545 -0.05691609 -0.057148613
0.255 -0.05702471 -0.05725035
0.2555 -0.05713184 -0.05735068
0.256 -0.0572375 -0.057449624
0.2565 -0.05734172 -0.057547204
0.257 -0.05744451 -0.057643436
0.2575 -0.0575459 -0.05773832
0.258 -0.05764589 -0.057831906
0.2585 -0.05774453 -0.05792418
0.259 -0.05784181 -0.058015198
0.2595 -0.05793776 -0.058104925
0.26 -0.05803241 -0.058193415
0.2605 -0.05812576 -0.058280677
0.261 -0.05821784 -0.058366716
0.2615 -0.05830866 -0.058451556
0.262 -0.05839824 -0.05853522
0.2625 -0.0584866 -0.058617704
0.263 -0.05857375 -0.058699027
0.2635 -0.05865972 -0.058779225
0.264 -0.05874451 -0.05885829
0.2645 -0.05882815 -0.05893624
0.265 -0.05891065 -0.05901309
0.2655 -0.05899203 -0.059088863
0.266 -0.05907229 -0.059163556
0.2665 -0.05915147 -0.059237212
0.267 -0.05922957 -0.059309818
0.2675 -0.0593066 -0.059381396
0.268 -0.05938259 -0.059451953
0.2685 -0.05945755 -0.059521504
0.269 -0.05953148 -0.059590064
0.2695 -0.05960441 -0.05965765
0.27 -0.05967635 -0.059724264
0.2705 -0.05974732 -0.059789933
0.271 -0.05981732 -0.059854656
0.2715 -0.05988637 -0.059918456
0.272 -0.05995448 -0.05998134
0.2725 -0.06002167 -0.060043305
0.273 -0.06008795 -0.060104378
0.2735 -0.06015333 -0.06016457
0.274 -0.06021782 -0.0602239
0.2745 -0.06028144 -0.060282364
0.275 -0.0603442 -0.06033998
0.2755 -0.0604061 -0.06039676
0.276 -0.06046717 -0.060452715
0.2765 -0.06052742 -0.060507834
0.277 -0.06058684 -0.060562164
0.2775 -0.06064547 -0.06061569
0.278 -0.0607033 -0.06066844
0.2785 -0.06076035 -0.060720406
0.279 -0.06081663 -0.060771607
0.2795 -0.06087214 -0.060822062
0.28 -0.06092691 -0.060871758
0.2805 -0.06098094 -0.060920723
0.281 -0.06103424 -0.060968965
0.2815 -0.06108682 -0.061016493
0.282 -0.06113869 -0.061063305
0.2825 -0.06118986 -0.061109416
0.283 -0.06124034 -0.061154842
0.2835 -0.06129014 -0.061199598
0.284 -0.06133927 -0.061243676
0.2845 -0.06138774 -0.061287098
0.285 -0.06143555 -0.061329857
0.2855 -0.06148272 -0.061371975
0.286 -0.06152925 -0.06141346
0.2865 -0.06157516 -0.06145431
0.287 -0.06162045 -0.06149455
0.2875 -0.06166514 -0.061534166
0.288 -0.06170922 -0.061573192
0.2885 -0.0617527 -0.061611623
0.289 -0.06179561 -0.061649464
0.2895 -0.06183794 -0.061686724
0.29 -0.06187969 -0.06172342
0.2905 -0.06192089 -0.061759554
0.291 -0.06196154 -0.06179513
0.2915 -0.06200164 -0.061830163
0.292 -0.0620412 -0.06186465
0.2925 -0.06208023 -0.06189861
0.293 -0.06211874 -0.061932042
0.2935 -0.06215673 -0.06196495
0.294 -0.06219421 -0.061997354
0.2945 -0.06223119 -0.06202925
0.295 -0.06226767 -0.062060654
0.2955 -0.06230367 -0.062091567
0.296 -0.06233918 -0.06212201
0.2965 -0.06237422 -0.06215196
0.297 -0.06240879 -0.062181443
0.2975 -0.06244289 -0.06221047
0.298 -0.06247655 -0.062239036
0.2985 -0.06250975 -0.062267147
0.299 -0.0625425 -0.062294833
0.2995 -0.06257482 -0.062322065
0.3 -0.06260671 -0.06234888
0.3005 -0.06263817 -0.062375262
0.301 -0.06266921 -0.062401228
0.3015 -0.06269984 -0.062426776
0.302 -0.06273006 -0.062451914
0.3025 -0.06275987 -0.062476665
0.303 -0.06278929 -0.06250101
0.3035 -0.06281831 -0.062524974
0.304 -0.06284695 -0.06254855
0.3045 -0.06287521 -0.06257175
0.305 -0.06290309 -0.062594585
0.3055 -0.0629306 -0.06261705
0.306 -0.06295774 -0.06263915
0.3065 -0.06298452 -0.062660895
0.307 -0.06301094 -0.062682286
0.3075 -0.06303702 -0.062703334
0.308 -0.06306274 -0.06272404
0.3085 -0.06308812 -0.06274441
0.309 -0.06311317 -0.06276446
0.3095 -0.06313788 -0.06278417
0.31 -0.06316227 -0.06280356
0.3105 -0.06318633 -0.06282264
0.311 -0.06321007 -0.06284141
0.3115 -0.06323349 -0.06285988
0.312 -0.06325661 -0.062878035
0.3125 -0.06327941 -0.0628959
0.313 -0.06330192 -0.06291348
0.3135 -0.06332412 -0.062930755
0.314 -0.06334604 -0.06294776
0.3145 -0.06336766 -0.06296448
0.315 -0.06338899 -0.06298093
0.3155 -0.06341004 -0.0629971
0.316 -0.06343081 -0.06301301
0.3165 -0.06345131 -0.06302865
0.317 -0.06347154 -0.063044034
0.3175 -0.0634915 -0.063059166
0.318 -0.06351119 -0.06307405
0.3185 -0.06353062 -0.063088685
0.319 -0.0635498 -0.06310307
0.3195 -0.06356872 -0.06311723
0.32 -0.06358739 -0.063131146
0.3205 -0.06360582 -0.063144825
0.321 -0.063624 -0.06315829
0.3215 -0.06364194 -0.06317152
0.322 -0.06365964 -0.06318453
0.3225 -0.06367711 -0.06319732
0.323 -0.06369435 -0.063209906
0.3235 -0.06371136 -0.063222274
0.324 -0.06372815 -0.06323444
0.3245 -0.06374471 -0.06324639
0.325 -0.06376106 -0.06325815
0.3255 -0.06377719 -0.063269705
0.326 -0.06379311 -0.06328107
0.3265 -0.06380882 -0.063292235
0.327 -0.06382432 -0.063303225
0.3275 -0.06383961 -0.06331402
0.328 -0.06385471 -0.06332464
0.3285 -0.06386961 -0.063335076
0.329 -0.06388431 -0.063345335
0.3295 -0.06389881 -0.063355416
0.33 -0.06391313 -0.06336535
0.3305 -0.06392725 -0.06337509
0.331 -0.06394119 -0.06338467
0.3315 -0.06395495 -0.063394085
0.332 -0.06396853 -0.063403346
0.3325 -0.06398193 -0.06341244
0.333 -0.06399515 -0.06342139
0.3335 -0.0640082 -0.06343018
0.334 -0.06402107 -0.06343883
0.3345 -0.06403378 -0.063447334
0.335 -0.06404632 -0.06345568
0.3355 -0.06405869 -0.06346389
0.336 -0.06407091 -0.06347196
0.3365 -0.06408296 -0.063479885
0.337 -0.06409485 -0.06348768
0.3375 -0.06410659 -0.06349534
0.338 -0.06411817 -0.06350286
0.3385 -0.06412961 -0.06351026
0.339 -0.06414089 -0.06351754
0.3395 -0.06415202 -0.063524686
0.34 -0.06416301 -0.06353171
0.3405 -0.06417385 -0.06353861
0.341 -0.06418456 -0.0635454
0.3415 -0.06419512 -0.06355207
0.342 -0.06420554 -0.06355862
0.3425 -0.06421583 -0.06356506
0.343 -0.06422598 -0.06357138
0.3435 -0.064236 -0.06357761
0.344 -0.06424589 -0.06358371
0.3445 -0.06425565 -0.06358972
0.345 -0.06426528 -0.06359562
0.3455 -0.06427478 -0.06360143
0.346 -0.06428416 -0.06360712
0.3465 -0.06429342 -0.06361272
0.347 -0.06430256 -0.06361823
0.3475 -0.06431157 -0.063623644
0.348 -0.06432047 -0.06362895
0.3485 -0.06432925 -0.06363417
0.349 -0.06433792 -0.0636393
0.3495 -0.06434648 -0.06364434
0.35 -0.06435492 -0.0636493
0.3505 -0.06436325 -0.06365417
0.351 -0.06437148 -0.063658945
0.3515 -0.06437959 -0.06366365
0.352 -0.0643876 -0.063668266
0.3525 -0.06439551 -0.0636728
0.353 -0.06440331 -0.06367726
0.3535 -0.06441102 -0.06368164
0.354 -0.06441862 -0.063685946
0.3545 -0.06442612 -0.06369018
0.355 -0.06443352 -0.06369433
0.3555 -0.06444083 -0.06369841
0.356 -0.06444804 -0.06370242
0.3565 -0.06445516 -0.06370635
0.357 -0.06446219 -0.06371023
0.3575 -0.06446912 -0.063714035
0.358 -0.06447596 -0.06371777
0.3585 -0.06448272 -0.06372143
0.359 -0.06448938 -0.06372505
0.3595 -0.06449596 -0.063728586
0.36 -0.06450246 -0.063732065
0.3605 -0.06450887 -0.06373549
0.361 -0.06451519 -0.06373885
0.3615 -0.06452144 -0.06374215
0.362 -0.0645276 -0.06374539
0.3625 -0.06453368 -0.063748576
0.363 -0.06453969 -0.063751705
0.3635 -0.06454561 -0.06375478
0.364 -0.06455146 -0.0637578
0.3645 -0.06455723 -0.063760765
0.365 -0.06456293 -0.063763686
0.3655 -0.06456855 -0.06376655
0.366 -0.0645741 -0.06376936
0.3665 -0.06457958 -0.06377212
0.367 -0.06458499 -0.06377484
0.3675 -0.06459033 -0.06377751
0.368 -0.06459559 -0.06378012
0.3685 -0.06460079 -0.06378269
0.369 -0.06460592 -0.06378522
0.3695 -0.06461099 -0.063787706
0.37 -0.06461599 -0.06379015
0.3705 -0.06462092 -0.06379255
0.371 -0.06462579 -0.063794896
0.3715 -0.0646306 -0.06379721
0.372 -0.06463535 -0.06379948
0.3725 -0.06464003 -0.06380171
0.373 -0.06464465 -0.06380391
0.3735 -0.06464922 -0.06380606
0.374 -0.06465372 -0.06380817
0.3745 -0.06465817 -0.063810244
0.375 -0.06466255 -0.06381229
0.3755 -0.06466688 -0.06381429
0.376 -0.06467116 -0.063816264
0.3765 -0.06467538 -0.063818194
0.377 -0.06467954 -0.063820094
0.3775 -0.06468366 -0.06382196
0.378 -0.06468771 -0.06382379
0.3785 -0.06469172 -0.06382559
0.379 -0.06469567 -0.06382736
0.3795 -0.06469958 -0.063829094
0.38 -0.06470343 -0.0638308
0.3805 -0.06470723 -0.06383248
0.381 -0.06471098 -0.06383413
0.3815 -0.06471469 -0.06383574
0.382 -0.06471834 -0.063837335
0.3825 -0.06472195 -0.06383889
0.383 -0.06472552 -0.06384042
0.3835 -0.06472903 -0.06384192
0.384 -0.0647325 -0.0638434
0.3845 -0.06473593 -0.06384485
0.385 -0.06473931 -0.063846275
0.3855 -0.06474265 -0.063847676
0.386 -0.06474595 -0.06384905
0.3865 -0.0647492 -0.0638504
0.387 -0.06475241 -0.06385173
0.3875 -0.06475558 -0.06385303
0.388 -0.06475871 -0.06385431
0.3885 -0.0647618 -0.063855566
0.389 -0.06476485 -0.0638568
0.3895 -0.06476785 -0.06385801
0.39 -0.06477083 -0.0638592
0.3905 -0.06477376 -0.06386037
0.391 -0.06477665 -0.06386152
0.3915 -0.06477951 -0.06386265
0.392 -0.06478233 -0.063863754
0.3925 -0.06478511 -0.06386484
0.393 -0.06478786 -0.063865915
0.3935 -0.06479057 -0.063866965
0.394 -0.06479325 -0.06386799
0.3945 -0.06479589 -0.063869
0.395 -0.0647985 -0.06387
0.3955 -0.06480108 -0.063870974
0.396 -0.06480362 -0.063871935
0.3965 -0.06480613 -0.063872874
0.397 -0.06480861 -0.0638738
0.3975 -0.06481105 -0.06387471
0.398 -0.06481346 -0.0638756
0.3985 -0.06481585 -0.06387648
0.399 -0.0648182 -0.06387733
0.3995 -0.06482052 -0.063878186
0.4 -0.06482281 -0.06387902
0.4005 -0.06482508 -0.06387983
0.401 -0.06482731 -0.06388063
0.4015 -0.06482951 -0.06388141
0.402 -0.06483169 -0.06388219
0.4025 -0.06483384 -0.06388295
0.403 -0.06483596 -0.06388369
0.4035 -0.06483805 -0.06388442
0.404 -0.06484012 -0.063885145
0.4045 -0.06484216 -0.063885845
0.405 -0.06484417 -0.06388654
0.4055 -0.06484616 -0.06388722
0.406 -0.06484812 -0.06388789
0.4065 -0.06485006 -0.06388854
0.407 -0.06485197 -0.06388919
0.4075 -0.06485386 -0.063889824
0.408 -0.06485572 -0.06389044
0.4085 -0.06485756 -0.06389105
0.409 -0.06485938 -0.06389165
0.4095 -0.06486117 -0.06389224
0.41 -0.06486294 -0.06389282
0.4105 -0.06486469 -0.063893385
0.411 -0.06486641 -0.063893944
0.4115 -0.06486811 -0.063894495
0.412 -0.06486979 -0.063895024
0.4125 -0.06487145 -0.06389556
0.413 -0.06487309 -0.063896075
0.4135 -0.06487471 -0.06389659
0.414 -0.0648763 -0.06389709
0.4145 -0.06487788 -0.06389757
0.415 -0.06487943 -0.06389806
0.4155 -0.06488097 -0.06389853
0.416 -0.06488249 -0.063899
0.4165 -0.06488398 -0.06389946
0.417 -0.06488546 -0.063899904
0.4175 -0.06488692 -0.06390035
0.418 -0.06488836 -0.06390078
0.4185 -0.06488978 -0.06390121
0.419 -0.06489118 -0.06390162
0.4195 -0.06489257 -0.06390202
0.42 -0.06489393 -0.06390242
0.4205 -0.06489528 -0.063902825
0.421 -0.06489661 -0.063903205
0.4215 -0.06489793 -0.063903585
0.422 -0.06489923 -0.063903965
0.4225 -0.06490051 -0.06390433
0.423 -0.06490178 -0.063904695
0.4235 -0.06490303 -0.06390505
0.424 -0.06490426 -0.0639054
0.4245 -0.06490548 -0.063905746
0.425 -0.06490668 -0.06390607
0.4255 -0.06490786 -0.06390641
0.426 -0.06490904 -0.06390674
0.4265 -0.06491019 -0.06390705
0.427 -0.06491133 -0.06390736
0.4275 -0.06491246 -0.06390767
0.428 -0.06491357 -0.063907966
0.4285 -0.06491467 -0.063908264
0.429 -0.06491576 -0.06390855
0.4295 -0.06491683 -0.06390884
0.43 -0.06491788 -0.06390912
0.4305 -0.06491893 -0.06390939
0.431 -0.06491996 -0.06390967
0.4315 -0.06492097 -0.063909926
0.432 -0.06492198 -0.063910194
0.4325 -0.06492297 -0.06391045
0.433 -0.06492395 -0.0639107
0.4335 -0.06492491 -0.063910946
0.434 -0.06492587 -0.063911185
0.4345 -0.06492681 -0.06391142
0.435 -0.06492774 -0.063911654
0.4355 -0.06492865 -0.063911885
0.436 -0.06492956 -0.06391211
0.4365 -0.06493045 -0.063912325
0.437 -0.06493134 -0.06391255
0.4375 -0.06493221 -0.06391276
0.438 -0.06493307 -0.063912965
0.4385 -0.06493392 -0.06391318
0.439 -0.06493476 -0.06391338
0.4395 -0.06493558 -0.06391358
0.44 -0.0649364 -0.06391376
0.4405 -0.06493721 -0.06391396
0.441 -0.06493801 -0.06391415
0.4415 -0.06493879 -0.06391433
0.442 -0.06493957 -0.06391451
0.4425 -0.06494033 -0.06391469
0.443 -0.06494109 -0.06391486
0.4435 -0.06494184 -0.06391504
0.444 -0.06494258 -0.0639152
0.4445 -0.0649433 -0.063915364
0.445 -0.06494402 -0.06391553
0.4455 -0.06494473 -0.06391569
0.446 -0.06494543 -0.06391584
0.4465 -0.06494613 -0.063916
0.447 -0.06494681 -0.063916154
0.4475 -0.06494748 -0.0639163
0.448 -0.06494815 -0.063916445
0.4485 -0.0649488 -0.06391659
0.449 -0.06494945 -0.06391673
0.4495 -0.06495009 -0.06391686
0.45 -0.06495073 -0.063917
0.4505 -0.06495135 -0.06391714
0.451 -0.06495197 -0.063917264
0.4515 -0.06495258 -0.06391739
0.452 -0.06495318 -0.063917525
0.4525 -0.06495377 -0.063917644
0.453 -0.06495436 -0.06391776
0.4535 -0.06495493 -0.06391788
0.454 -0.0649555 -0.063918
0.4545 -0.06495607 -0.06391812
0.455 -0.06495662 -0.06391823
0.4555 -0.06495717 -0.063918345
0.456 -0.06495772 -0.06391845
0.4565 -0.06495825 -0.06391856
0.457 -0.06495878 -0.06391866
0.4575 -0.0649593 -0.06391877
0.458 -0.06495982 -0.063918866
0.4585 -0.06496033 -0.06391896
0.459 -0.06496083 -0.06391907
0.4595 -0.06496132 -0.063919164
0.46 -0.06496181 -0.06391925
0.4605 -0.0649623 -0.06391935
0.461 -0.06496277 -0.06391943
0.4615 -0.06496324 -0.06391952
0.462 -0.06496371 -0.063919604
0.4625 -0.06496417 -0.0639197
0.463 -0.06496462 -0.063919775
0.4635 -0.06496507 -0.06391986
0.464 -0.06496551 -0.06391994
0.4645 -0.06496595 -0.06392002
0.465 -0.06496638 -0.0639201
0.4655 -0.0649668 -0.063920185
0.466 -0.06496722 -0.06392026
0.4665 -0.06496764 -0.063920334
0.467 -0.06496805 -0.06392041
0.4675 -0.06496845 -0.06392048
0.468 -0.06496885 -0.06392054
0.4685 -0.06496924 -0.06392062
0.469 -0.06496963 -0.06392068
0.4695 -0.06497002 -0.06392075
0.47 -0.0649704 -0.06392081
0.4705 -0.06497077 -0.06392088
0.471 -0.06497114 -0.06392094
0.4715 -0.0649715 -0.063921
0.472 -0.06497186 -0.063921064
0.4725 -0.06497222 -0.063921124
0.473 -0.06497257 -0.06392118
0.4735 -0.06497292 -0.063921236
0.474 -0.06497326 -0.06392129
0.4745 -0.0649736 -0.06392135
0.475 -0.06497393 -0.0639214
0.4755 -0.06497426 -0.06392147
0.476 -0.06497459 -0.06392151
0.4765 -0.06497491 -0.06392156
0.477 -0.06497522 -0.063921615
0.4775 -0.06497554 -0.06392166
0.478 -0.06497585 -0.06392171
0.4785 -0.06497615 -0.06392176
0.479 -0.06497645 -0.06392181
0.4795 -0.06497675 -0.063921854
0.48 -0.06497704 -0.0639219
0.4805 -0.06497733 -0.06392194
0.481 -0.06497762 -0.06392199
0.4815 -0.0649779 -0.06392203
0.482 -0.06497818 -0.06392208
0.4825 -0.06497846 -0.063922115
0.483 -0.06497873 -0.06392215
0.4835 -0.064979 -0.0639222
0.484 -0.06497926 -0.063922234
0.4845 -0.06497952 -0.06392228
0.485 -0.06497978 -0.063922316
0.4855 -0.06498004 -0.063922346
0.486 -0.06498029 -0.06392238
0.4865 -0.06498054 -0.06392242
0.487 -0.06498078 -0.063922465
0.4875 -0.06498103 -0.063922495
0.488 -0.06498127 -0.063922524
0.4885 -0.0649815 -0.063922554
0.489 -0.06498174 -0.0639226
0.4895 -0.06498197 -0.06392262
0.49 -0.06498219 -0.06392266
0.4905 -0.06498242 -0.06392268
0.491 -0.06498264 -0.06392272
0.4915 -0.06498286 -0.06392275
0.492 -0.06498308 -0.06392278
0.4925 -0.06498329 -0.06392281
0.493 -0.0649835 -0.06392284
0.4935 -0.06498371 -0.06392287
0.494 -0.06498391 -0.06392288
0.4945 -0.06498412 -0.06392291
0.495 -0.06498432 -0.063922934
0.4955 -0.06498451 -0.063922964
0.496 -0.06498471 -0.063922994
0.4965 -0.0649849 -0.06392302
0.497 -0.06498509 -0.06392304
0.4975 -0.06498528 -0.06392307
0.498 -0.06498547 -0.06392309
0.4985 -0.06498565 -0.063923106
0.499 -0.06498583 -0.063923135
0.4995 -0.06498601 -0.06392315
