0.0 -0.065 -0.042012878
0.0005 -0.0634469 -0.05027269
0.001 -0.06030991 -0.05290564
0.0015 -0.05758211 -0.053616323
0.002 -0.05545435 -0.053595707
0.0025 -0.05369937 -0.053246096
0.003 -0.05213161 -0.0527021
0.0035 -0.05064904 -0.0520091
0.004 -0.0492025 -0.05118502
0.0045 -0.04776965 -0.050241023
0.005 -0.04634087 -0.0491879
0.0055 -0.04491655 -0.048037082
0.006 -0.04349625 -0.046800517
0.0065 -0.04207909 -0.04549001
0.007 -0.04066177 -0.044116937
0.0075 -0.03924156 -0.042691648
0.008 -0.03782048 -0.04122363
0.0085 -0.03640094 -0.039721325
0.009 -0.03498444 -0.038192034
0.0095 -0.03357123 -0.03664226
0.01 -0.03215909 -0.035077617
0.0105 -0.03074739 -0.03350298
0.011 -0.02933701 -0.03192255
0.0115 -0.02792938 -0.030339966
0.012 -0.02652583 -0.028758233
0.0125 -0.02512748 -0.027180133
0.013 -0.02373493 -0.025607986
0.0135 -0.02234849 -0.02404373
0.014 -0.02096891 -0.02248911
0.0145 -0.01959715 -0.020945547
0.015 -0.01823397 -0.019414363
0.0155 -0.01687992 -0.017896561
0.016 -0.01553532 -0.016393116
0.0165 -0.01420042 -0.014904706
0.017 -0.0128754 -0.013431968
0.0175 -0.01156024 -0.01197554
0.018 -0.01025512 -0.010535745
0.0185 -0.008960472 -0.009113012
0.019 -0.007676511 -0.0077075493
0.0195 -0.00640338 -0.0063195843
0.02 -0.005141198 -0.004949352
0.0205 -0.003890083 -0.0035967734
0.021 -0.002650154 -0.0022621583
0.0215 -0.001421511 -0.00094533525
0.022 -0.0002041706 0.00035364367
0.0225 0.001001668 0.0016348083
0.023 0.002195892 0.002898248
0.0235 0.003378441 0.0041440595
0.024 0.004549216 0.0053723548
0.0245 0.005708076 0.006583268
0.025 0.006854967 0.0077769477
0.0255 0.007989839 0.0089535285
0.026 0.009112587 0.010113211
0.0265 0.01022322 0.011256123
0.027 0.01132179 0.012382509
0.0275 0.01240831 0.013492571
0.028 0.01348279 0.014586421
0.0285 0.01454523 0.015664348
0.029 0.01559564 0.01672654
0.0295 0.01663405 0.01777313
0.03 0.01766059 0.01880444
0.0305 0.01867528 0.019820632
0.031 0.01967808 0.020821938
0.0315 0.02066896 0.02180856
0.032 0.02164795 0.022780681
0.0325 0.02261509 0.023738572
0.033 0.02357044 0.024682375
0.0335 0.02451406 0.025612378
0.034 0.02544604 0.026528763
0.0345 0.02636641 0.027431691
0.035 0.02727497 0.028321462
0.0355 0.02817167 0.029198172
0.036 0.02905685 0.030062081
0.0365 0.02993075 0.030913407
0.037 0.03079356 0.031752266
0.0375 0.03164539 0.032578915
0.038 0.03248632 0.03339356
0.0385 0.03331642 0.0341964
0.039 0.03413577 0.034987576
0.0395 0.03494446 0.035767287
0.04 0.03574255 0.036535718
0.0405 0.03653013 0.03729303
0.041 0.0373073 0.038039356
0.0415 0.03807415 0.038774967
0.042 0.03883076 0.039499976
0.0425 0.03957723 0.04021453
0.043 0.04031367 0.040918835
0.0435 0.04104016 0.041613087
0.044 0.04175681 0.04229735
0.0445 0.04246371 0.042971835
0.045 0.04316097 0.04363671
0.0455 0.04384869 0.044292055
0.046 0.04452698 0.044938073
0.0465 0.04519592 0.04557495
0.047 0.04585563 0.04620269
0.0475 0.04650621 0.046821594
0.048 0.04714777 0.047431722
0.0485 0.04778039 0.048033163
0.049 0.04840419 0.048626095
0.0495 0.04901926 0.049210705
0.05 0.04962549 0.04978708
0.0505 0.05022284 0.050355338
0.051 0.05081157 0.050915554
0.0515 0.05136931 0.051467918
0.052 0.05188873 0.052012533
0.0525 0.05240056 0.05254949
0.053 0.0529178 0.053078912
0.0535 0.05344155 0.05360101
0.054 0.05396879 0.054115795
0.0545 0.05449596 0.054623313
0.055 0.05502031 0.0551238
0.0555 0.05553993 0.05561734
0.056 0.05605362 0.05610402
0.0565 0.05656065 0.05658388
0.057 0.05706062 0.057057083
0.0575 0.0575533 0.05752372
0.058 0.05803868 0.057983927
0.0585 0.05851684 0.058437727
0.059 0.05898788 0.05888524
0.0595 0.05945193 0.059326597
0.06 0.05990911 0.059761837
0.0605 0.06035954 0.06019099
0.061 0.06080335 0.06061428
0.0615 0.06124064 0.06103172
0.062 0.06167151 0.06144342
0.0625 0.06209608 0.06184943
0.063 0.06251445 0.06224983
0.0635 0.06292671 0.06264471
0.064 0.06333295 0.06303424
0.0645 0.06373326 0.06341836
0.065 0.06412775 0.06379722
0.0655 0.06451648 0.06417088
0.066 0.06489954 0.0645394
0.0665 0.06527702 0.064902864
0.067 0.065649 0.06526135
0.0675 0.06601556 0.065614946
0.068 0.06637677 0.06596364
0.0685 0.06673271 0.066307575
0.069 0.06708346 0.066646844
0.0695 0.06742909 0.066981405
0.07 0.06776958 0.06731141
0.0705 0.06810031 0.06763694
0.071 0.06841609 0.067958
0.0715 0.06872488 0.06827468
0.072 0.06903253 0.06858705
0.0725 0.0693403 0.068895146
0.073 0.06964739 0.069198966
0.0735 0.06995262 0.06949875
0.074 0.07025496 0.06979435
0.0745 0.07055372 0.07008592
0.075 0.07084849 0.070373535
0.0755 0.07113902 0.07065723
0.076 0.07142486 0.07093704
0.0765 0.07170591 0.071213014
0.077 0.07198251 0.07148524
0.0775 0.07225505 0.071753755
0.078 0.07252385 0.07201857
0.0785 0.072789 0.072279796
0.079 0.07305042 0.0725375
0.0795 0.07330809 0.07279166
0.08 0.07356198 0.07304231
0.0805 0.07381212 0.07328959
0.081 0.07405857 0.07353346
0.0815 0.07430138 0.073774084
0.082 0.07454044 0.07401131
0.0825 0.07477184 0.07424539
0.083 0.07499695 0.07447624
0.0835 0.07521991 0.074703895
0.084 0.07544006 0.074928485
0.0845 0.07565389 0.07514995
0.085 0.07586526 0.07536847
0.0855 0.07607629 0.075583935
0.086 0.07628691 0.07579648
0.0865 0.07649635 0.07600617
0.087 0.07670387 0.076212876
0.0875 0.07690893 0.07641686
0.088 0.07711122 0.076618
0.0885 0.07731056 0.07681638
0.089 0.07750689 0.07701207
0.0895 0.07770021 0.077205054
0.09 0.0778902 0.077395394
0.0905 0.07807271 0.07758308
0.091 0.07824999 0.07776825
0.0915 0.07842588 0.07795088
0.092 0.07860143 0.07813094
0.0925 0.07877632 0.07830859
0.093 0.07894994 0.07848378
0.0935 0.07912176 0.07865656
0.094 0.0792914 0.07882698
0.0945 0.07945859 0.07899505
0.095 0.07962327 0.07916076
0.0955 0.07978546 0.07932416
0.096 0.07994517 0.079485364
0.0965 0.08010247 0.079644345
0.097 0.08025739 0.079801105
0.0975 0.08040999 0.07995571
0.098 0.08056031 0.08010822
0.0985 0.0807084 0.080258556
0.099 0.08085431 0.08040684
0.0995 0.08099806 0.080553025
0.1 0.08113968 0.0804276
0.1005 0.07979075 0.08010667
0.101 0.07700991 0.07923284
0.1015 0.074728 0.077901535
0.102 0.07310283 0.07630016
0.1025 0.07189563 0.074592896
0.103 0.07091343 0.072897404
0.1035 0.07003487 0.0712884
0.104 0.06920084 0.06980858
0.1045 0.06840543 0.06847782
0.105 0.06765364 0.067301415
0.1055 0.06694275 0.06627511
0.106 0.06626536 0.06538936
0.1065 0.06559725 0.06463171
0.107 0.06494547 0.06398856
0.1075 0.06432411 0.06344616
0.108 0.06373727 0.06299137
0.1085 0.0631842 0.06261196
0.109 0.06266292 0.06229701
0.1095 0.06217166 0.06203652
0.11 0.06170924 0.06182193
0.1105 0.06127498 0.06164571
0.111 0.06086858 0.061501496
0.1115 0.06049001 0.061383955
0.112 0.06013936 0.061288483
0.1125 0.05981682 0.06121149
0.113 0.05952258 0.061149962
0.1135 0.05925684 0.061101653
0.114 0.05901979 0.061064787
0.1145 0.05881159 0.06103801
0.115 0.05863237 0.06102053
0.1155 0.05848221 0.061011754
0.116 0.05836109 0.061011545
0.1165 0.05826911 0.061019875
0.117 0.05820636 0.06103698
0.1175 0.05817289 0.061063223
0.118 0.05816868 0.061099134
0.1185 0.05819372 0.061145328
0.119 0.05824426 0.061202593
0.1195 0.05831575 0.06127145
0.12 0.05841571 0.06135281
0.1205 0.05854742 0.06144748
0.121 0.05870339 0.061556093
0.1215 0.05888651 0.061679564
0.122 0.05910245 0.061818562
0.1225 0.05935212 0.061973907
0.123 0.05963422 0.062146224
0.1235 0.05994709 0.062336244
0.124 0.06028934 0.06254456
0.1245 0.06065994 0.06277185
0.125 0.06105819 0.06301857
0.1255 0.0614836 0.06328537
0.126 0.06193584 0.06357277
0.1265 0.06241465 0.06388114
0.127 0.0629198 0.06421106
0.1275 0.06345111 0.064562954
0.128 0.06400838 0.06493709
0.1285 0.06459143 0.06533406
0.129 0.06520004 0.06575403
0.1295 0.06583402 0.06619749
0.13 0.06649316 0.066587664
0.1305 0.06716059 0.066787414
0.131 0.06783117 0.06700943
0.1315 0.06852324 0.06732131
0.132 0.06923853 0.0677352
0.1325 0.06997603 0.068242855
0.133 0.07073472 0.068830036
0.1335 0.07151384 0.06948269
0.134 0.07231293 0.070189275
0.1345 0.07313162 0.07094095
0.135 0.07396957 0.071731485
0.1355 0.0748266 0.07255652
0.136 0.07570262 0.07341329
0.1365 0.07659745 0.07430033
0.137 0.07751089 0.07521648
0.1375 0.07844272 0.07616145
0.138 0.07939272 0.07713515
0.1385 0.08036067 0.078137524
0.139 0.08134619 0.079168804
0.1395 0.08234902 0.08022917
0.14 0.08336912 0.08131876
0.1405 0.08440641 0.0824377
0.141 0.08546077 0.083586045
0.1415 0.08653206 0.0847638
0.142 0.08762009 0.0859708
0.1425 0.0887245 0.087207
0.143 0.08984501 0.088472046
0.1435 0.09098156 0.089765795
0.144 0.09213413 0.091087855
0.1445 0.09330262 0.09243772
0.145 0.09448689 0.09381511
0.1455 0.0956866 0.09521932
0.146 0.09690077 0.09664986
0.1465 0.09812998 0.09810626
0.147 0.09937456 0.099587776
0.1475 0.1006344 0.101093836
0.148 0.1019091 0.10262375
0.1485 0.1031983 0.104176916
0.149 0.1045017 0.105752625
0.1495 0.1058191 0.10735027
0.15 0.1071501 0.10896499
0.1505 0.1083996 0.11025251
0.151 0.1093863 0.11127988
0.1515 0.1101833 0.11209922
0.152 0.110877 0.11275176
0.1525 0.111508 0.11327086
0.153 0.1120927 0.113683395
0.1535 0.1126364 0.11401119
0.154 0.1131375 0.11427162
0.1545 0.1135952 0.11447864
0.155 0.114013 0.114643194
0.1555 0.1143931 0.11477392
0.156 0.114723 0.11487717
0.1565 0.115012 0.114958145
0.157 0.1152729 0.11502022
0.1575 0.1155086 0.11506609
0.158 0.1157176 0.1150975
0.1585 0.1158978 0.1151155
0.159 0.1160472 0.11512061
0.1595 0.1161648 0.11511297
0.16 0.1162501 0.115092345
0.1605 0.116303 0.11505846
0.161 0.1163236 0.115010746
0.1615 0.1163122 0.11494849
0.162 0.1162691 0.11487097
0.1625 0.1161949 0.11477741
0.163 0.11609 0.114666976
0.1635 0.1159548 0.11453887
0.164 0.1157898 0.11439224
0.1645 0.1155953 0.1142265
0.165 0.1153719 0.114040695
0.1655 0.1151199 0.11383421
0.166 0.1148398 0.11360646
0.1665 0.1145319 0.11335663
0.167 0.1141966 0.11308435
0.1675 0.1138343 0.11278895
0.168 0.1134454 0.112469964
0.1685 0.1130303 0.11212701
0.169 0.1125893 0.111759625
0.1695 0.1121228 0.111367516
0.17 0.1116312 0.11095039
0.1705 0.1111148 0.11050786
0.171 0.110574 0.11003989
0.1715 0.1100091 0.10954612
0.172 0.1094204 0.10902653
0.1725 0.1088084 0.10848087
0.173 0.1081733 0.107909195
0.1735 0.1075154 0.10731144
0.174 0.1068351 0.10668763
0.1745 0.1061327 0.10603774
0.175 0.1054085 0.10536193
0.1755 0.1046629 0.104660295
0.176 0.1038961 0.103932925
0.1765 0.1031085 0.10318007
0.177 0.1023003 0.10240188
0.1775 0.1014719 0.1015987
0.178 0.1006235 0.10077075
0.1785 0.09975548 0.09991834
0.179 0.09886807 0.09904183
0.1795 0.09796157 0.09814166
0.18 0.09703627 0.09721818
0.1805 0.09609244 0.096271895
0.181 0.09513036 0.09530328
0.1815 0.09415029 0.09431281
0.182 0.0931525 0.09330111
0.1825 0.09213726 0.09226871
0.183 0.09110482 0.09121622
0.1835 0.09005544 0.09014435
0.184 0.08898937 0.08905379
0.1845 0.08790687 0.08794524
0.185 0.08680818 0.08681942
0.1855 0.08569353 0.08567715
0.186 0.08456318 0.08451927
0.1865 0.08341736 0.08334656
0.187 0.08225629 0.08215997
0.1875 0.08108022 0.08096039
0.188 0.07988936 0.07974876
0.1885 0.07868394 0.07852607
0.189 0.07746418 0.077293284
0.1895 0.0762303 0.07605149
0.19 0.07498251 0.074801676
0.1905 0.07372102 0.07354492
0.191 0.07244604 0.07228239
0.1915 0.07115777 0.07101521
0.192 0.06985642 0.0697445
0.1925 0.06854219 0.06847147
0.193 0.06721527 0.0671973
0.1935 0.06587585 0.06592315
0.194 0.06452413 0.06465023
0.1945 0.0631603 0.0633798
0.195 0.06178453 0.0621131
0.1955 0.06039701 0.060851358
0.196 0.05899792 0.05959583
0.1965 0.05758744 0.058347754
0.197 0.05616575 0.057108313
0.1975 0.054733 0.055878818
0.198 0.05328938 0.054660425
0.1985 0.05183505 0.053454332
0.199 0.05037018 0.052261762
0.1995 0.04889492 0.05108387
0.2 0.04740943 0.04978762
0.2005 0.0459422 0.04921908
0.201 0.04455013 0.048807338
0.2015 0.04322626 0.04819127
0.202 0.04194911 0.047190107
0.2025 0.04070318 0.0457535
0.203 0.03947927 0.04391344
0.2035 0.03827224 0.041745976
0.204 0.03707933 0.039344274
0.2045 0.03589911 0.036801413
0.205 0.03473081 0.0342004
0.2055 0.03357405 0.031609915
0.206 0.03242858 0.029082807
0.2065 0.03129425 0.02665711
0.207 0.03017097 0.024357772
0.2075 0.02905865 0.022199167
0.208 0.02795722 0.020187238
0.2085 0.0268666 0.018321743
0.209 0.02578675 0.016597945
0.2095 0.02471759 0.015008321
0.21 0.02365906 0.013543492
0.2105 0.0226111 0.012193246
0.211 0.02157365 0.010947129
0.2115 0.02054664 0.009794885
0.212 0.01953001 0.0087267235
0.2125 0.01852371 0.0077334587
0.213 0.01752766 0.006806677
0.2135 0.0165418 0.00593864
0.214 0.01556608 0.005122304
0.2145 0.01460042 0.0043513533
0.215 0.01364475 0.0036201049
0.2155 0.01269903 0.0029234085
0.216 0.01176317 0.0022565965
0.2165 0.01083712 0.0016155858
0.217 0.009920804 0.0009965617
0.2175 0.009014161 0.0003962163
0.218 0.008117122 -0.00018850155
0.2185 0.00722962 -0.0007603038
0.219 0.006351588 -0.0013216343
0.2195 0.005482958 -0.0018746424
0.22 0.004623662 -0.0024212617
0.2205 0.003773632 -0.0029632095
0.221 0.002932799 -0.0035020057
0.2215 0.002101094 -0.0040389467
0.222 0.001278449 -0.0045752097
0.2225 0.0004647946 -0.005111726
0.223 -0.000339939 -0.0056493487
0.2235 -0.001135821 -0.0061887708
0.224 -0.001922921 -0.006730547
0.2245 -0.002701309 -0.0072750803
0.225 -0.003471055 -0.007822758
0.2255 -0.004232229 -0.00837375
0.226 -0.004984901 -0.008928245
0.2265 -0.00572914 -0.009486305
0.227 -0.006465018 -0.010047877
0.2275 -0.007192603 -0.010612918
0.228 -0.007911968 -0.0111813005
0.2285 -0.00862318 -0.011752835
0.229 -0.009326312 -0.012327304
0.2295 -0.01002143 -0.012904482
0.23 -0.01070861 -0.013484029
0.2305 -0.01138792 -0.014065666
0.231 -0.01205943 -0.014649069
0.2315 -0.01272321 -0.0152339
0.232 -0.01337932 -0.0158198
0.2325 -0.01402784 -0.016406404
0.233 -0.01466884 -0.016993357
0.2335 -0.01530239 -0.017580284
0.234 -0.01592856 -0.018166855
0.2345 -0.0165474 -0.018752689
0.235 -0.01715901 -0.019337447
0.2355 -0.01776343 -0.019920789
0.236 -0.01836075 -0.020502392
0.2365 -0.01895102 -0.021081893
0.237 -0.01953432 -0.021659035
0.2375 -0.02011072 -0.022233518
0.238 -0.02068028 -0.022805018
0.2385 -0.02124307 -0.02337331
0.239 -0.02179915 -0.023938147
0.2395 -0.0223486 -0.024499247
0.24 -0.02289147 -0.025056396
0.2405 -0.02342784 -0.025609395
0.241 -0.02395777 -0.026158035
0.2415 -0.02448133 -0.026702147
0.242 -0.02499857 -0.027241537
0.2425 -0.02550957 -0.027776064
0.243 -0.0260144 -0.028305588
0.2435 -0.0265131 -0.028829958
0.244 -0.02700575 -0.029349066
0.2445 -0.02749242 -0.02986281
0.245 -0.02797316 -0.03037108
0.2455 -0.02844803 -0.030873822
0.246 -0.0289171 -0.031370923
0.2465 -0.02938043 -0.03186232
0.247 -0.02983809 -0.032347985
0.2475 -0.03029012 -0.03282784
0.248 -0.0307366 -0.03330189
0.2485 -0.03117758 -0.033770062
0.249 -0.03161312 -0.03423235
0.2495 -0.03204329 -0.03468874
0.25 -0.03246813 -0.03513921
0.2505 -0.03288772 -0.035583787
0.251 -0.0333021 -0.03602244
0.2515 -0.03371133 -0.03645519
0.252 -0.03411548 -0.03688207
0.2525 -0.0345146 -0.03730308
0.253 -0.03490874 -0.037718244
0.2535 -0.03529796 -0.03812761
0.254 -0.03568232 -0.038531184
0.2545 -0.03606187 -0.038929008
0.255 -0.03643666 -0.039321125
0.2555 -0.03680676 -0.03970757
0.256 -0.0371722 -0.040088393
0.2565 -0.03753306 -0.04046364
0.257 -0.03788937 -0.04083336
0.2575 -0.03824119 -0.041197605
0.258 -0.03858858 -0.041556433
0.2585 -0.03893158 -0.041909896
0.259 -0.03927025 -0.042258024
0.2595 -0.03960463 -0.042600907
0.26 -0.03993478 -0.042938598
0.2605 -0.04026074 -0.04327113
0.261 -0.04058257 -0.043598603
0.2615 -0.04090031 -0.04392106
0.262 -0.04121401 -0.044238552
0.2625 -0.04152372 -0.04455115
0.263 -0.04182948 -0.044858918
0.2635 -0.04213135 -0.04516191
0.264 -0.04242937 -0.045460217
0.2645 -0.04272358 -0.045753874
0.265 -0.04301403 -0.04604295
0.2655 -0.04330077 -0.0463275
0.266 -0.04358384 -0.046607614
0.2665 -0.04386328 -0.04688333
0.267 -0.04413914 -0.047154725
0.2675 -0.04441147 -0.04742185
0.268 -0.04468029 -0.047684766
0.2685 -0.04494567 -0.047943547
0.269 -0.04520763 -0.048198245
0.2695 -0.04546622 -0.04844892
0.27 -0.04572148 -0.04869564
0.2705 -0.04597346 -0.048938453
0.271 -0.04622218 -0.049177438
0.2715 -0.0464677 -0.049412638
0.272 -0.04671005 -0.049644098
0.2725 -0.04694927 -0.049871907
0.273 -0.0471854 -0.050096102
0.2735 -0.04741847 -0.050316744
0.274 -0.04764854 -0.050533883
0.2745 -0.04787562 -0.05074758
0.275 -0.04809976 -0.050957896
0.2755 -0.048321 -0.051164873
0.276 -0.04853936 -0.051368557
0.2765 -0.0487549 -0.051569015
0.277 -0.04896764 -0.051766284
0.2775 -0.04917762 -0.051960446
0.278 -0.04938486 -0.052151524
0.2785 -0.04958942 -0.05233957
0.279 -0.04979131 -0.052524626
0.2795 -0.04999058 -0.052706756
0.28 -0.05018726 -0.052885987
0.2805 -0.05038137 -0.0530624
0.281 -0.05057296 -0.053236008
0.2815 -0.05076205 -0.05340687
0.282 -0.05094867 -0.053575024
0.2825 -0.05113287 -0.053740516
0.283 -0.05131465 -0.053903393
0.2835 -0.05149407 -0.054063693
0.284 -0.05167114 -0.054221466
0.2845 -0.0518459 -0.054376744
0.285 -0.05201838 -0.054529563
0.2855 -0.0521886 -0.054679967
0.286 -0.0523566 -0.054827996
0.2865 -0.0525224 -0.0549737
0.287 -0.05268604 -0.0551171
0.2875 -0.05284753 -0.05525823
0.288 -0.0530069 -0.055397145
0.2885 -0.05316419 -0.05553387
0.289 -0.05331943 -0.055668443
0.2895 -0.05347262 -0.055800885
0.29 -0.05362381 -0.055931263
0.2905 -0.05377302 -0.05605957
0.291 -0.05392027 -0.05618587
0.2915 -0.05406559 -0.056310184
0.292 -0.05420901 -0.056432538
0.2925 -0.05435054 -0.056552976
0.293 -0.05449022 -0.056671515
0.2935 -0.05462806 -0.0567882
0.294 -0.0547641 -0.056903042
0.2945 -0.05489834 -0.05701609
0.295 -0.05503083 -0.057127364
0.2955 -0.05516157 -0.057236888
0.296 -0.0552906 -0.057344697
0.2965 -0.05541793 -0.05745081
0.297 -0.05554359 -0.057555266
0.2975 -0.0556676 -0.057658084
0.298 -0.05578998 -0.057759278
0.2985 -0.05591074 -0.05785889
0.299 -0.05602992 -0.05795695
0.2995 -0.05614754 -0.058053464
0.3 -0.0562636 -0.058148466
0.3005 -0.05637814 -0.05824198
0.301 -0.05649117 -0.058334023
0.3015 -0.05660272 -0.058424637
0.302 -0.05671279 -0.058513813
0.3025 -0.05682142 -0.058601603
0.303 -0.05692862 -0.058688015
0.3035 -0.05703441 -0.05877307
0.304 -0.0571388 -0.058856793
0.3045 -0.05724183 -0.058939204
0.305 -0.05734349 -0.059020318
0.3055 -0.05744382 -0.059100166
0.306 -0.05754282 -0.059178755
0.3065 -0.05764052 -0.059256114
0.307 -0.05773694 -0.05933225
0.3075 -0.05783208 -0.059407204
0.308 -0.05792597 -0.059480973
0.3085 -0.05801863 -0.059553586
0.309 -0.05811006 -0.05962506
0.3095 -0.05820029 -0.0596954
0.31 -0.05828933 -0.05976464
0.3105 -0.0583772 -0.059832796
0.311 -0.05846391 -0.059899874
0.3115 -0.05854948 -0.059965894
0.312 -0.05863392 -0.060030878
0.3125 -0.05871725 -0.060094833
0.313 -0.05879948 -0.060157776
0.3135 -0.05888062 -0.060219735
0.314 -0.0589607 -0.06028071
0.3145 -0.05903972 -0.060340725
0.315 -0.0591177 -0.060399786
0.3155 -0.05919466 -0.060457923
0.316 -0.0592706 -0.060515128
0.3165 -0.05934554 -0.06057144
0.317 -0.05941949 -0.06062685
0.3175 -0.05949247 -0.060681388
0.318 -0.05956449 -0.060735054
0.3185 -0.05963555 -0.06078787
0.319 -0.05970569 -0.060839854
0.3195 -0.05977489 -0.06089101
0.32 -0.05984319 -0.060941353
0.3205 -0.05991059 -0.060990885
0.321 -0.05997709 -0.06103964
0.3215 -0.06004273 -0.061087616
0.322 -0.06010749 -0.061134823
0.3225 -0.06017141 -0.061181277
0.323 -0.06023448 -0.061226994
0.3235 -0.06029673 -0.061271973
0.324 -0.06035815 -0.061316237
0.3245 -0.06041876 -0.0613598
0.325 -0.06047858 -0.061402656
0.3255 -0.06053761 -0.061444826
0.326 -0.06059586 -0.06148632
0.3265 -0.06065334 -0.061527155
0.327 -0.06071007 -0.06156733
0.3275 -0.06076605 -0.061606847
0.328 -0.0608213 -0.06164574
0.3285 -0.06087581 -0.061683998
0.329 -0.06092961 -0.061721638
0.3295 -0.0609827 -0.061758682
0.33 -0.0610351 -0.06179513
0.3305 -0.0610868 -0.061830975
0.331 -0.06113782 -0.061866246
0.3315 -0.06118818 -0.06190095
0.332 -0.06123787 -0.061935082
0.3325 -0.0612869 -0.06196867
0.333 -0.06133529 -0.062001713
0.3335 -0.06138305 -0.06203422
0.334 -0.06143017 -0.06206619
0.3345 -0.06147668 -0.062097646
0.335 -0.06152258 -0.06212859
0.3355 -0.06156787 -0.062159024
0.336 -0.06161257 -0.06218896
0.3365 -0.06165668 -0.062218413
0.337 -0.06170021 -0.06224738
0.3375 -0.06174316 -0.06227587
0.338 -0.06178556 -0.0623039
0.3385 -0.06182739 -0.062331475
0.339 -0.06186868 -0.062358595
0.3395 -0.06190942 -0.06238527
0.34 -0.06194963 -0.062411502
0.3405 -0.06198931 -0.062437303
0.341 -0.06202847 -0.062462687
0.3415 -0.06206712 -0.06248764
0.342 -0.06210526 -0.06251219
0.3425 -0.0621429 -0.06253634
0.343 -0.06218004 -0.06256008
0.3435 -0.0622167 -0.06258344
0.344 -0.06225287 -0.0626064
0.3445 -0.06228857 -0.06262898
0.345 -0.0623238 -0.062651195
0.3455 -0.06235857 -0.06267304
0.346 -0.06239289 -0.06269452
0.3465 -0.06242675 -0.062715635
0.347 -0.06246017 -0.06273641
0.3475 -0.06249315 -0.06275684
0.348 -0.0625257 -0.062776916
0.3485 -0.06255782 -0.062796675
0.349 -0.06258952 -0.06281609
0.3495 -0.06262081 -0.062835194
0.35 -0.06265169 -0.06285397
0.3505 -0.06268216 -0.06287243
0.351 -0.06271223 -0.0628906
0.3515 -0.06274191 -0.06290845
0.352 -0.0627712 -0.062926
0.3525 -0.0628001 -0.06294325
0.353 -0.06282863 -0.06296022
0.3535 -0.06285678 -0.062976904
0.354 -0.06288457 -0.06299331
0.3545 -0.06291199 -0.06300943
0.355 -0.06293905 -0.06302529
0.3555 -0.06296576 -0.06304087
0.356 -0.06299212 -0.06305619
0.3565 -0.06301814 -0.06307126
0.357 -0.06304381 -0.06308607
0.3575 -0.06306915 -0.063100636
0.358 -0.06309416 -0.06311495
0.3585 -0.06311884 -0.063129015
0.359 -0.06314319 -0.06314286
0.3595 -0.06316723 -0.063156456
0.36 -0.06319096 -0.06316982
0.3605 -0.06321437 -0.063182965
0.361 -0.06323748 -0.06319588
0.3615 -0.06326029 -0.06320858
0.362 -0.06328279 -0.06322106
0.3625 -0.06330501 -0.06323333
0.363 -0.06332693 -0.0632454
0.3635 -0.06334857 -0.06325725
0.364 -0.06336993 -0.06326891
0.3645 -0.063391 -0.06328036
0.365 -0.06341181 -0.06329162
0.3655 -0.06343234 -0.06330268
0.366 -0.0634526 -0.063313566
0.3665 -0.0634726 -0.06332425
0.367 -0.06349233 -0.06333476
0.3675 -0.06351181 -0.06334509
0.368 -0.06353104 -0.06335523
0.3685 -0.06355001 -0.06336521
0.369 -0.06356874 -0.06337502
0.3695 -0.06358723 -0.06338465
0.37 -0.06360547 -0.06339413
0.3705 -0.06362347 -0.063403435
0.371 -0.06364124 -0.063412584
0.3715 -0.06365878 -0.06342158
0.372 -0.06367609 -0.06343041
0.3725 -0.06369318 -0.06343909
0.373 -0.06371004 -0.063447624
0.3735 -0.06372668 -0.063456014
0.374 -0.06374311 -0.06346426
0.3745 -0.06375932 -0.06347236
0.375 -0.06377532 -0.06348032
0.3755 -0.06379111 -0.06348814
0.376 -0.0638067 -0.06349582
0.3765 -0.06382208 -0.06350338
0.377 -0.06383727 -0.0635108
0.3775 -0.06385225 -0.06351809
0.378 -0.06386705 -0.06352526
0.3785 -0.06388165 -0.0635323
0.379 -0.06389605 -0.06353922
0.3795 -0.06391028 -0.06354602
0.38 -0.06392431 -0.06355271
0.3805 -0.06393817 -0.06355927
0.381 -0.06395184 -0.06356572
0.3815 -0.06396534 -0.063572064
0.382 -0.06397866 -0.0635783
0.3825 -0.06399181 -0.06358442
0.383 -0.06400479 -0.06359043
0.3835 -0.0640176 -0.06359634
0.384 -0.06403024 -0.06360215
0.3845 -0.06404272 -0.06360785
0.385 -0.06405504 -0.06361346
0.3855 -0.06406719 -0.06361897
0.386 -0.06407919 -0.06362438
0.3865 -0.06409104 -0.063629694
0.387 -0.06410273 -0.06363492
0.3875 -0.06411427 -0.06364006
0.388 -0.06412565 -0.0636451
0.3885 -0.06413689 -0.06365005
0.389 -0.06414799 -0.06365492
0.3895 -0.06415894 -0.063659705
0.39 -0.06416975 -0.06366441
0.3905 -0.06418042 -0.06366902
0.391 -0.06419095 -0.063673556
0.3915 -0.06420134 -0.06367801
0.392 -0.0642116 -0.063682385
0.3925 -0.06422173 -0.063686684
0.393 -0.06423173 -0.063690916
0.3935 -0.06424159 -0.063695066
0.394 -0.06425133 -0.06369915
0.3945 -0.06426094 -0.06370315
0.395 -0.06427043 -0.06370708
0.3955 -0.0642798 -0.06371095
0.396 -0.06428904 -0.06371474
0.3965 -0.06429816 -0.063718475
0.397 -0.06430717 -0.06372215
0.3975 -0.06431606 -0.063725755
0.398 -0.06432484 -0.063729286
0.3985 -0.0643335 -0.063732766
0.399 -0.06434205 -0.06373618
0.3995 -0.06435048 -0.06373952
0.4 -0.06435881 -0.06374283
0.4005 -0.06436704 -0.063746065
0.401 -0.06437515 -0.06374924
0.4015 -0.06438316 -0.06375237
0.402 -0.06439107 -0.06375543
0.4025 -0.06439887 -0.06375845
0.403 -0.06440658 -0.063761406
0.4035 -0.06441418 -0.06376432
0.404 -0.06442169 -0.06376718
0.4045 -0.0644291 -0.063769974
0.405 -0.06443641 -0.06377274
0.4055 -0.06444363 -0.06377544
0.406 -0.06445076 -0.06377811
0.4065 -0.06445779 -0.06378072
0.407 -0.06446473 -0.06378329
0.4075 -0.06447159 -0.06378581
0.408 -0.06447835 -0.06378829
0.4085 -0.06448503 -0.06379071
0.409 -0.06449162 -0.0637931
0.4095 -0.06449813 -0.06379546
0.41 -0.06450455 -0.06379775
0.4105 -0.06451089 -0.06380002
0.411 -0.06451715 -0.06380225
0.4115 -0.06452333 -0.06380443
0.412 -0.06452943 -0.06380658
0.4125 -0.06453545 -0.06380869
0.413 -0.06454139 -0.06381076
0.4135 -0.06454725 -0.063812785
0.414 -0.06455304 -0.06381478
0.4145 -0.06455876 -0.06381674
0.415 -0.0645644 -0.06381867
0.4155 -0.06456997 -0.06382057
0.416 -0.06457546 -0.06382243
0.4165 -0.06458089 -0.06382426
0.417 -0.06458625 -0.06382605
0.4175 -0.06459153 -0.063827805
0.418 -0.06459675 -0.063829534
0.4185 -0.06460191 -0.06383124
0.419 -0.06460699 -0.06383291
0.4195 -0.06461201 -0.06383455
0.42 -0.06461697 -0.06383615
0.4205 -0.06462186 -0.06383774
0.421 -0.06462669 -0.06383929
0.4215 -0.06463146 -0.06384081
0.422 -0.06463616 -0.063842304
0.4225 -0.06464081 -0.06384378
0.423 -0.06464539 -0.06384523
0.4235 -0.06464992 -0.06384664
0.424 -0.06465439 -0.06384804
0.4245 -0.0646588 -0.063849404
0.425 -0.06466315 -0.06385076
0.4255 -0.06466745 -0.06385208
0.426 -0.06467169 -0.063853376
0.4265 -0.06467588 -0.06385465
0.427 -0.06468002 -0.0638559
0.4275 -0.0646841 -0.06385713
0.428 -0.06468813 -0.06385833
0.4285 -0.06469211 -0.063859515
0.429 -0.06469603 -0.063860685
0.4295 -0.06469991 -0.06386183
0.43 -0.06470374 -0.06386296
0.4305 -0.06470751 -0.06386405
0.431 -0.06471124 -0.06386514
0.4315 -0.06471492 -0.063866206
0.432 -0.06471856 -0.06386725
0.4325 -0.06472214 -0.06386828
0.433 -0.06472568 -0.06386928
0.4335 -0.06472918 -0.06387027
0.434 -0.06473263 -0.06387124
0.4345 -0.06473604 -0.0638722
0.435 -0.0647394 -0.063873135
0.4355 -0.06474272 -0.06387406
0.436 -0.064746 -0.06387495
0.4365 -0.06474923 -0.06387584
0.437 -0.06475242 -0.06387671
0.4375 -0.06475558 -0.063877575
0.438 -0.06475869 -0.06387842
0.4385 -0.06476176 -0.063879244
0.439 -0.0647648 -0.063880056
0.4395 -0.06476779 -0.06388085
0.44 -0.06477075 -0.063881636
0.4405 -0.06477366 -0.0638824
0.441 -0.06477654 -0.063883156
0.4415 -0.06477939 -0.0638839
0.442 -0.06478219 -0.06388463
0.4425 -0.06478497 -0.06388534
0.443 -0.0647877 -0.06388605
0.4435 -0.0647904 -0.063886724
0.444 -0.06479307 -0.06388741
0.4445 -0.0647957 -0.06388807
0.445 -0.0647983 -0.06388873
0.4455 -0.06480087 -0.06388937
0.446 -0.0648034 -0.06389
0.4465 -0.0648059 -0.06389063
0.447 -0.06480837 -0.063891225
0.4475 -0.0648108 -0.06389182
0.448 -0.06481321 -0.06389241
0.4485 -0.06481558 -0.063892975
0.449 -0.06481793 -0.06389355
0.4495 -0.06482024 -0.06389411
0.45 -0.06482253 -0.06389465
0.4505 -0.06482478 -0.06389519
0.451 -0.06482701 -0.0638957
0.4515 -0.06482921 -0.063896224
0.452 -0.06483138 -0.06389674
0.4525 -0.06483352 -0.06389724
0.453 -0.06483563 -0.06389772
0.4535 -0.06483772 -0.0638982
0.454 -0.06483978 -0.063898675
0.4545 -0.06484182 -0.06389914
0.455 -0.06484383 -0.06389959
0.4555 -0.06484581 -0.06390004
0.456 -0.06484777 -0.06390047
0.4565 -0.0648497 -0.06390091
0.457 -0.06485161 -0.06390133
0.4575 -0.06485349 -0.06390174
0.458 -0.06485535 -0.06390215
0.4585 -0.06485719 -0.06390254
0.459 -0.064859 -0.063902944
0.4595 -0.06486079 -0.06390333
0.46 -0.06486256 -0.063903704
0.4605 -0.0648643 -0.06390408
0.461 -0.06486602 -0.06390445
0.4615 -0.06486772 -0.06390481
0.462 -0.0648694 -0.06390516
0.4625 -0.06487106 -0.06390551
0.463 -0.06487269 -0.063905835
0.4635 -0.06487431 -0.06390618
0.464 -0.0648759 -0.063906506
0.4645 -0.06487748 -0.063906826
0.465 -0.06487903 -0.06390715
0.4655 -0.06488057 -0.06390745
0.466 -0.06488208 -0.06390776
0.4665 -0.06488357 -0.06390806
0.467 -0.06488505 -0.06390835
0.4675 -0.06488651 -0.063908644
0.468 -0.06488795 -0.06390893
0.4685 -0.06488937 -0.0639092
0.469 -0.06489077 -0.06390947
0.4695 -0.06489215 -0.06390975
0.47 -0.06489352 -0.063910015
0.4705 -0.06489487 -0.06391027
0.471 -0.0648962 -0.06391052
0.4715 -0.06489752 -0.063910775
0.472 -0.06489882 -0.06391102
0.4725 -0.0649001 -0.06391126
0.473 -0.06490136 -0.0639115
0.4735 -0.06490261 -0.06391173
0.474 -0.06490385 -0.06391195
0.4745 -0.06490507 -0.06391218
0.475 -0.06490627 -0.0639124
0.4755 -0.06490746 -0.063912615
0.476 -0.06490863 -0.063912824
0.4765 -0.06490978 -0.06391304
0.477 -0.06491093 -0.06391324
0.4775 -0.06491205 -0.06391344
0.478 -0.06491317 -0.063913636
0.4785 -0.06491427 -0.06391383
0.479 -0.06491535 -0.06391402
0.4795 -0.06491642 -0.06391421
0.48 -0.06491748 -0.063914396
0.4805 -0.06491853 -0.063914575
0.481 -0.06491956 -0.063914746
0.4815 -0.06492058 -0.063914925
0.482 -0.06492158 -0.06391509
0.4825 -0.06492257 -0.06391526
0.483 -0.06492355 -0.063915424
0.4835 -0.06492452 -0.06391559
0.484 -0.06492548 -0.063915744
0.4845 -0.06492642 -0.06391589
0.485 -0.06492735 -0.06391605
0.4855 -0.06492827 -0.0639162
0.486 -0.06492918 -0.063916355
0.4865 -0.06493007 -0.06391649
0.487 -0.06493096 -0.06391663
0.4875 -0.06493183 -0.06391678
0.488 -0.06493269 -0.063916914
0.4885 -0.06493354 -0.06391705
0.489 -0.06493438 -0.06391718
0.4895 -0.06493521 -0.06391731
0.49 -0.06493603 -0.06391744
0.4905 -0.06493684 -0.06391756
0.491 -0.06493764 -0.06391769
0.4915 -0.06493843 -0.0639178
0.492 -0.06493921 -0.06391792
0.4925 -0.06493997 -0.06391804
0.493 -0.06494073 -0.06391815
0.4935 -0.06494148 -0.06391826
0.494 -0.06494222 -0.06391837
0.4945 -0.06494295 -0.06391848
0.495 -0.06494367 -0.06391858
0.4955 -0.06494438 -0.0639187
0.496 -0.06494509 -0.0639188
0.4965 -0.06494578 -0.063918896
0.497 -0.06494647 -0.06391899
0.4975 -0.06494714 -0.0639191
0.498 -0.06494781 -0.06391919
0.4985 -0.06494847 -0.06391928
0.499 -0.06494912 -0.06391937
0.4995 -0.06494976 -0.06391946
