0.0 -0.065 -0.020149233
0.0005 -0.0649782 -0.03856255
0.001 -0.06490617 -0.04833284
0.0015 -0.06481651 -0.05299758
0.002 -0.06472553 -0.0545991
0.0025 -0.06463615 -0.05437302
0.003 -0.06454548 -0.053089343
0.0035 -0.06444349 -0.051235743
0.004 -0.06433601 -0.049122266
0.0045 -0.06422803 -0.04694461
0.005 -0.06412024 -0.04482343
0.0055 -0.06400922 -0.04282979
0.006 -0.06388249 -0.041002266
0.0065 -0.06374854 -0.039357983
0.007 -0.06361489 -0.037900217
0.0075 -0.06348318 -0.03662374
0.008 -0.06335256 -0.03551819
0.0085 -0.0632217 -0.034570508
0.009 -0.06308946 -0.03376638
0.0095 -0.06295505 -0.03309145
0.01 -0.062818 -0.03253173
0.0105 -0.06267804 -0.032074176
0.011 -0.06253511 -0.031706683
0.0115 -0.0623892 -0.031418286
0.012 -0.06224038 -0.031199181
0.0125 -0.06208876 -0.031040573
0.013 -0.06193445 -0.030934745
0.0135 -0.06177743 -0.030874679
0.014 -0.06161759 -0.030854443
0.0145 -0.06145533 -0.030868703
0.015 -0.06129096 -0.030912781
0.0155 -0.0611245 -0.030982697
0.016 -0.06095594 -0.031074831
0.0165 -0.06078545 -0.031185994
0.017 -0.06061324 -0.03131356
0.0175 -0.06043948 -0.031455033
0.018 -0.06026428 -0.031608336
0.0185 -0.06008771 -0.031771623
0.019 -0.05990986 -0.031943314
0.0195 -0.05973078 -0.03212204
0.02 -0.05955053 -0.032306455
0.0205 -0.05936918 -0.032495506
0.021 -0.0591868 -0.032688208
0.0215 -0.05900346 -0.032883815
0.022 -0.05881922 -0.03308145
0.0225 -0.05863417 -0.03328059
0.023 -0.05844837 -0.033480607
0.0235 -0.0582619 -0.033681013
0.024 -0.05807482 -0.03388136
0.0245 -0.0578872 -0.034081258
0.025 -0.05769911 -0.034280397
0.0255 -0.05751061 -0.034478478
0.026 -0.05732177 -0.034675263
0.0265 -0.05713265 -0.034870483
0.027 -0.05694367 -0.035064004
0.0275 -0.05675812 -0.035255633
0.028 -0.05657535 -0.03544525
0.0285 -0.05639266 -0.035632707
0.029 -0.05620868 -0.035817914
0.0295 -0.05602317 -0.03600075
0.03 -0.0558364 -0.036181204
0.0305 -0.05564876 -0.036359213
0.031 -0.05546063 -0.036534704
0.0315 -0.05527229 -0.036707662
0.032 -0.05508392 -0.036878012
0.0325 -0.05489573 -0.03704574
0.033 -0.05470786 -0.037210904
0.0335 -0.05452036 -0.037373416
0.034 -0.0543333 -0.037533335
0.0345 -0.0541467 -0.037690632
0.035 -0.05396062 -0.037845217
0.0355 -0.0537751 -0.03799727
0.036 -0.05359017 -0.038146727
0.0365 -0.05340587 -0.038293563
0.037 -0.05322224 -0.038437866
0.0375 -0.05303929 -0.038579635
0.038 -0.05285707 -0.038718857
0.0385 -0.0526756 -0.038855605
0.039 -0.0524949 -0.038989864
0.0395 -0.052315 -0.039121695
0.04 -0.05213593 -0.03925111
0.0405 -0.0519577 -0.039378144
0.041 -0.05178034 -0.039502792
0.0415 -0.05160386 -0.03962513
0.042 -0.0514283 -0.039745174
0.0425 -0.05125367 -0.039862923
0.043 -0.05107998 -0.039978467
0.0435 -0.05090726 -0.040091805
0.044 -0.05073552 -0.040202968
0.0445 -0.05056478 -0.040312
0.045 -0.05039505 -0.04041893
0.0455 -0.05022635 -0.04052382
0.046 -0.05005869 -0.040626608
0.0465 -0.0498921 -0.040727414
0.047 -0.04972656 -0.040826254
0.0475 -0.04956211 -0.04092308
0.048 -0.04939875 -0.041018076
0.0485 -0.0492365 -0.04111118
0.049 -0.04907487 -0.04120242
0.0495 -0.04890678 -0.04129181
0.05 -0.0487341 -0.041379444
0.0505 -0.04856305 -0.041465305
0.051 -0.04839623 -0.041549392
0.0515 -0.04823389 -0.04163187
0.052 -0.04807542 -0.04171262
0.0525 -0.04792005 -0.04179176
0.053 -0.04776716 -0.041869275
0.0535 -0.04761624 -0.04194521
0.054 -0.04746698 -0.042019628
0.0545 -0.04731955 -0.04209245
0.055 -0.04717966 -0.042163797
0.0555 -0.0470447 -0.042233698
0.056 -0.04690948 -0.042302154
0.0565 -0.0467723 -0.04236918
0.057 -0.04663337 -0.042434864
0.0575 -0.04649352 -0.042499118
0.058 -0.04635356 -0.04256206
0.0585 -0.0462141 -0.04262369
0.059 -0.04607554 -0.04268407
0.0595 -0.04593813 -0.04274317
0.06 -0.045802 -0.042801015
0.0605 -0.0456672 -0.042857654
0.061 -0.04553374 -0.0429131
0.0615 -0.04540163 -0.042967357
0.062 -0.04527084 -0.04302051
0.0625 -0.04514136 -0.0430725
0.063 -0.04501316 -0.0431234
0.0635 -0.04488621 -0.0431732
0.064 -0.04475943 -0.043222003
0.0645 -0.04463259 -0.043269746
0.065 -0.0445071 -0.04331646
0.0655 -0.04438353 -0.043362178
0.066 -0.0442619 -0.043406926
0.0665 -0.04414196 -0.04345069
0.067 -0.04402352 -0.043493517
0.0675 -0.04390657 -0.043535493
0.068 -0.04379566 -0.04357653
0.0685 -0.04368774 -0.043616645
0.069 -0.04357897 -0.043655895
0.0695 -0.04346894 -0.04369437
0.07 -0.04335825 -0.04373195
0.0705 -0.04324758 -0.043768786
0.071 -0.04313741 -0.043804742
0.0715 -0.04302807 -0.043839954
0.072 -0.04291976 -0.043874465
0.0725 -0.04281257 -0.04390814
0.073 -0.04270655 -0.043941177
0.0735 -0.04260172 -0.043973394
0.074 -0.04249805 -0.04400497
0.0745 -0.04239546 -0.044035815
0.075 -0.04229387 -0.044066004
0.0755 -0.04219335 -0.044095583
0.076 -0.04209392 -0.04412446
0.0765 -0.04199561 -0.04415273
0.077 -0.0418984 -0.044180356
0.0775 -0.04180227 -0.044207387
0.078 -0.04170721 -0.04423382
0.0785 -0.04161321 -0.04425969
0.079 -0.04152024 -0.044284962
0.0795 -0.04142829 -0.044309773
0.08 -0.04133734 -0.044333942
0.0805 -0.0412474 -0.044357635
0.081 -0.04115844 -0.044380747
0.0815 -0.04107045 -0.04440338
0.082 -0.04098343 -0.044425555
0.0825 -0.04089737 -0.044447206
0.083 -0.04081225 -0.04446838
0.0835 -0.04072808 -0.044489108
0.084 -0.04064483 -0.044509344
0.0845 -0.0405625 -0.044529133
0.085 -0.04048109 -0.044548504
0.0855 -0.04040059 -0.04456746
0.086 -0.04032098 -0.04458595
0.0865 -0.04024226 -0.0446041
0.087 -0.04016442 -0.044621788
0.0875 -0.04008745 -0.044639103
0.088 -0.04001135 -0.04465603
0.0885 -0.03993611 -0.044672586
0.089 -0.03986172 -0.044688784
0.0895 -0.03978816 -0.04470461
0.09 -0.03971545 -0.04472006
0.0905 -0.03964355 -0.044735186
0.091 -0.03957248 -0.044749998
0.0915 -0.0395022 -0.04476445
0.092 -0.03943261 -0.044778608
0.0925 -0.0393637 -0.044792406
0.093 -0.03929552 -0.044805907
0.0935 -0.03922813 -0.04481917
0.094 -0.03916156 -0.044832073
0.0945 -0.0390958 -0.04484468
0.095 -0.03903085 -0.044857062
0.0955 -0.03896668 -0.044869103
0.096 -0.03890329 -0.044880904
0.0965 -0.03884065 -0.044892453
0.097 -0.03877876 -0.044903733
0.0975 -0.0387176 -0.044914775
0.098 -0.03865715 -0.044925533
0.0985 -0.03859742 -0.044936113
0.099 -0.03853839 -0.044946425
0.0995 -0.03848005 -0.044956498
0.1 -0.0384224 -0.13017276
0.1005 -0.03676766 -0.1602302
0.101 -0.03342411 -0.16528457
0.1015 -0.03040981 -0.16033994
0.102 -0.02793887 -0.15209983
0.1025 -0.02580118 -0.14324532
0.103 -0.02382591 -0.13467868
0.1035 -0.02191633 -0.12660225
0.104 -0.02002669 -0.11898547
0.1045 -0.01812731 -0.11174462
0.105 -0.01619952 -0.104801334
0.1055 -0.01423881 -0.09809577
0.106 -0.01224721 -0.09158551
0.1065 -0.01023264 -0.08524131
0.107 -0.008197001 -0.079042785
0.1075 -0.006138675 -0.07297562
0.108 -0.004056212 -0.067029424
0.1085 -0.001950494 -0.061196424
0.109 0.00017656 -0.055470586
0.1095 0.002323002 -0.04984717
0.11 0.004487199 -0.04432223
0.1105 0.006667276 -0.038892508
0.111 0.008854565 -0.033555247
0.1115 0.0110492 -0.028308002
0.112 0.01325695 -0.02314868
0.1125 0.01547794 -0.018075401
0.113 0.01770909 -0.013086481
0.1135 0.0199545 -0.00818043
0.114 0.02221537 -0.0033558365
0.1145 0.02449046 0.0013885293
0.115 0.02677798 0.006053852
0.1155 0.02907632 0.010641219
0.116 0.03138418 0.0151516665
0.1165 0.03370058 0.01958614
0.117 0.03602474 0.023945583
0.1175 0.03835597 0.028230872
0.118 0.04069357 0.032442857
0.1185 0.04303699 0.03658236
0.119 0.04538264 0.04065021
0.1195 0.04772588 0.044647194
0.12 0.05006263 0.04857409
0.1205 0.05240246 0.052431673
0.121 0.05475231 0.05622071
0.1215 0.05711282 0.059941947
0.122 0.05948223 0.06359616
0.1225 0.06185841 0.067184106
0.123 0.06423959 0.07070653
0.1235 0.06662448 0.074164204
0.124 0.06901218 0.077557884
0.1245 0.07140205 0.08088832
0.125 0.07379365 0.08415628
0.1255 0.07618663 0.08736251
0.126 0.07858052 0.09050777
0.1265 0.08097492 0.093592845
0.127 0.08336983 0.09661851
0.1275 0.08576534 0.09958547
0.128 0.08816145 0.10249456
0.1285 0.09055801 0.10534653
0.129 0.09295458 0.108142145
0.1295 0.09535103 0.11088212
0.13 0.09774681 0.11356727
0.1305 0.1001304 0.11619834
0.131 0.1025052 0.11877608
0.1315 0.1048826 0.12130127
0.132 0.1072659 0.12377465
0.1325 0.1096536 0.12619697
0.133 0.1120438 0.12856899
0.1335 0.1144348 0.1308915
0.134 0.1168247 0.13316515
0.1345 0.1192127 0.1353907
0.135 0.121599 0.13756889
0.1355 0.1239839 0.13970049
0.136 0.1263677 0.14178617
0.1365 0.1287509 0.14382666
0.137 0.1311329 0.14582266
0.1375 0.1335123 0.1477749
0.138 0.1358795 0.14968409
0.1385 0.1382284 0.15155089
0.139 0.1405504 0.15337601
0.1395 0.1428575 0.15516011
0.14 0.1451737 0.15690383
0.1405 0.147507 0.15860787
0.141 0.1498554 0.16027296
0.1415 0.1522146 0.16189966
0.142 0.1545762 0.16348867
0.1425 0.1569174 0.16504057
0.143 0.1592414 0.16655608
0.1435 0.1615685 0.16803575
0.144 0.1639066 0.16948025
0.1445 0.1662549 0.1708902
0.145 0.1686102 0.17226619
0.1455 0.1709494 0.17360877
0.146 0.1732664 0.17491859
0.1465 0.1755877 0.17619626
0.147 0.1779209 0.1774423
0.1475 0.1802642 0.17865731
0.148 0.1826136 0.17984188
0.1485 0.1849657 0.18099654
0.149 0.1873169 0.18212183
0.1495 0.1896656 0.18321832
0.15 0.1920115 0.16564213
0.1505 0.1927088 0.15172668
0.151 0.1915613 0.1411311
0.1515 0.1906259 0.1334236
0.152 0.1901649 0.12813216
0.1525 0.1899867 0.12478743
0.153 0.189926 0.1229536
0.1535 0.1898916 0.12224809
0.154 0.1896737 0.1223504
0.1545 0.1893368 0.12300221
0.155 0.1890413 0.124003686
0.1555 0.1887921 0.12520519
0.156 0.1885594 0.12649891
0.1565 0.1883147 0.12781057
0.157 0.1880382 0.12909147
0.1575 0.1877182 0.13031182
0.158 0.1873345 0.13145539
0.1585 0.1868829 0.13251546
0.159 0.1863828 0.13349167
0.1595 0.1858433 0.13438728
0.16 0.1852657 0.13520771
0.1605 0.1846491 0.13595936
0.161 0.1839865 0.13664904
0.1615 0.1832628 0.13728297
0.162 0.1825014 0.13786706
0.1625 0.181712 0.13840637
0.163 0.1808952 0.13890526
0.1635 0.1800491 0.13936755
0.164 0.1791724 0.13979605
0.1645 0.1782644 0.14019307
0.165 0.1773251 0.14056072
0.1655 0.1763551 0.14090028
0.166 0.1753551 0.14121279
0.1665 0.1743259 0.14149901
0.167 0.1732685 0.14175946
0.1675 0.1721839 0.14199439
0.168 0.171073 0.14220402
0.1685 0.1699365 0.14238837
0.169 0.1687755 0.14254725
0.1695 0.1675906 0.14268067
0.17 0.1663826 0.14278841
0.1705 0.1651522 0.14287007
0.171 0.1639002 0.14292559
0.1715 0.1626271 0.14295456
0.172 0.1613337 0.14295697
0.1725 0.1600204 0.14293227
0.173 0.1586879 0.14288023
0.1735 0.1573366 0.14280069
0.174 0.1559673 0.14269331
0.1745 0.1545803 0.14255765
0.175 0.1531761 0.14239368
0.1755 0.1517553 0.14220113
0.176 0.1503183 0.1419796
0.1765 0.1488655 0.14172903
0.177 0.1473973 0.1414491
0.1775 0.1459143 0.14113954
0.178 0.1444167 0.14080027
0.1785 0.1429051 0.14043093
0.179 0.1413797 0.1400314
0.1795 0.1398409 0.13960147
0.18 0.1382891 0.13914105
0.1805 0.1367247 0.13864994
0.181 0.1351479 0.1381279
0.1815 0.1335591 0.13757485
0.182 0.1319586 0.1369906
0.1825 0.1303467 0.13637498
0.183 0.1287238 0.13572794
0.1835 0.12709 0.13504928
0.184 0.1254457 0.134339
0.1845 0.1237911 0.13359684
0.185 0.1221265 0.13282281
0.1855 0.1204522 0.13201687
0.186 0.1187684 0.13117868
0.1865 0.1170753 0.13030836
0.187 0.1153732 0.12940592
0.1875 0.1136623 0.12847117
0.188 0.1119428 0.12750414
0.1885 0.1102149 0.12650472
0.189 0.1084788 0.125473
0.1895 0.1067348 0.12440882
0.19 0.104983 0.12331221
0.1905 0.1032236 0.12218321
0.191 0.1014568 0.121021815
0.1915 0.09968278 0.11982802
0.192 0.09790169 0.118601955
0.1925 0.0961137 0.11734355
0.193 0.09431898 0.11605287
0.1935 0.09251769 0.11473004
0.194 0.09070998 0.113375016
0.1945 0.088896 0.111988015
0.195 0.0870759 0.11056913
0.1955 0.0852498 0.10911853
0.196 0.08341786 0.10763622
0.1965 0.0815802 0.10612232
0.197 0.07973695 0.10457716
0.1975 0.07788824 0.10300077
0.198 0.07603419 0.10139344
0.1985 0.07417492 0.099755235
0.199 0.07231054 0.098086454
0.1995 0.07044117 0.09638742
0.2 0.06856691 0.101007424
0.2005 0.06828736 0.09894184
0.201 0.06971557 0.09431585
0.2015 0.07082136 0.08903005
0.202 0.07137888 0.08398889
0.2025 0.07160156 0.079595156
0.203 0.07166851 0.07598355
0.2035 0.07167777 0.07314683
0.204 0.07167584 0.07100881
0.2045 0.07168318 0.06946636
0.205 0.07170821 0.068413146
0.2055 0.07175392 0.06775158
0.206 0.07182105 0.06739775
0.2065 0.07190935 0.06728224
0.207 0.07201814 0.06734947
0.2075 0.07214652 0.067555584
0.208 0.07229353 0.06786651
0.2085 0.07245818 0.06825592
0.209 0.0726395 0.06870372
0.2095 0.07283656 0.06919446
0.21 0.07304843 0.069716446
0.2105 0.07327426 0.07026061
0.211 0.07351321 0.070820265
0.2115 0.07376447 0.071390055
0.212 0.07402727 0.07196612
0.2125 0.07430089 0.07254528
0.213 0.07458462 0.073125266
0.2135 0.07487777 0.07370434
0.214 0.07517972 0.074281104
0.2145 0.07548976 0.0748545
0.215 0.0758067 0.07542374
0.2155 0.07612754 0.07598827
0.216 0.07644986 0.076547615
0.2165 0.07677703 0.07710149
0.217 0.07711131 0.0776496
0.2175 0.07745267 0.07819187
0.218 0.07780046 0.07872816
0.2185 0.07815388 0.07925836
0.219 0.07851215 0.07978246
0.2195 0.07887451 0.0803005
0.22 0.07924028 0.0808124
0.2205 0.07960888 0.08131827
0.221 0.07997984 0.081818126
0.2215 0.08035272 0.082312055
0.222 0.08072717 0.0828001
0.2225 0.08109799 0.08328224
0.223 0.08146047 0.083758645
0.2235 0.08182194 0.08422939
0.224 0.08218725 0.08469445
0.2245 0.08255635 0.085153945
0.225 0.08292398 0.08560795
0.2255 0.08329214 0.08605658
0.226 0.08366309 0.08649979
0.2265 0.08403674 0.08693781
0.227 0.08441206 0.08737064
0.2275 0.08478797 0.08779832
0.228 0.08516359 0.08822095
0.2285 0.08553827 0.088638596
0.229 0.08591157 0.08905127
0.2295 0.08628319 0.08945919
0.23 0.08665292 0.089862235
0.2305 0.08702062 0.09026065
0.231 0.08738616 0.09065438
0.2315 0.08774946 0.09104354
0.232 0.08811043 0.09142811
0.2325 0.08846901 0.09180828
0.233 0.08882513 0.092184015
0.2335 0.08917872 0.09255544
0.234 0.08952968 0.09292256
0.2345 0.08987797 0.09328549
0.235 0.09022354 0.09364421
0.2355 0.09056637 0.09399886
0.236 0.09090642 0.094349466
0.2365 0.09124364 0.09469607
0.237 0.09157798 0.095038645
0.2375 0.09190941 0.09537742
0.238 0.09223789 0.09571228
0.2385 0.09256338 0.096043356
0.239 0.09288584 0.096370734
0.2395 0.09320517 0.09669439
0.24 0.09352137 0.09701439
0.2405 0.09383445 0.09733079
0.241 0.09414445 0.09764365
0.2415 0.09445134 0.097953014
0.242 0.09474834 0.098258875
0.2425 0.09501999 0.098561384
0.243 0.09528692 0.098860465
0.2435 0.09555957 0.09915631
0.244 0.09583879 0.09944876
0.2445 0.09612223 0.099737994
0.245 0.09640717 0.10002407
0.2455 0.0966915 0.100306965
0.246 0.09697382 0.100586705
0.2465 0.0972533 0.100863434
0.247 0.09752946 0.10113702
0.2475 0.09780209 0.101407655
0.248 0.098071 0.10167531
0.2485 0.09833613 0.10194006
0.249 0.09859764 0.1022019
0.2495 0.09885571 0.1024609
0.25 0.09911047 0.10817536
0.2505 0.09780985 0.107716985
0.251 0.09492411 0.103087306
0.2515 0.09244403 0.09658667
0.252 0.09055982 0.08999952
0.2525 0.08904447 0.084294416
0.253 0.08771278 0.07976938
0.2535 0.08646301 0.07634338
0.254 0.08524617 0.07379151
0.2545 0.08404006 0.07187643
0.255 0.08283507 0.07040051
0.2555 0.08162731 0.069216795
0.256 0.08041549 0.06822241
0.2565 0.07919948 0.06734849
0.257 0.07797968 0.06654949
0.2575 0.07675674 0.065796174
0.258 0.07553139 0.06507004
0.2585 0.07430438 0.064359225
0.259 0.07307648 0.063656606
0.2595 0.07184843 0.06295756
0.26 0.07062092 0.062259413
0.2605 0.06939464 0.06156064
0.261 0.06817024 0.060860224
0.2615 0.06694831 0.060157873
0.262 0.06572944 0.059453197
0.2625 0.06451417 0.058746226
0.263 0.06330303 0.05803711
0.2635 0.06209649 0.057325967
0.264 0.06089503 0.056612946
0.2645 0.05969906 0.055898227
0.265 0.058509 0.055182017
0.2655 0.05732523 0.054464526
0.266 0.05614811 0.053745992
0.2665 0.05497798 0.053026535
0.267 0.05381515 0.05230642
0.2675 0.05265992 0.05158589
0.268 0.05151257 0.05086509
0.2685 0.05037335 0.050144203
0.269 0.04924249 0.049423493
0.2695 0.04812023 0.04870311
0.27 0.04700677 0.047983147
0.2705 0.0459023 0.047263928
0.271 0.04480698 0.046545513
0.2715 0.04372099 0.04582811
0.272 0.04264447 0.04511193
0.2725 0.04157755 0.044397004
0.273 0.04052036 0.043683656
0.2735 0.03947299 0.042971946
0.274 0.03843556 0.042261936
0.2745 0.03740814 0.041553892
0.275 0.03639081 0.040847994
0.2755 0.03538364 0.040144272
0.276 0.03438669 0.039442845
0.2765 0.0334 0.0387438
0.277 0.03242361 0.03804741
0.2775 0.03145756 0.03735376
0.278 0.03050186 0.036662824
0.2785 0.02955654 0.035974838
0.279 0.0286216 0.03528995
0.2795 0.02769704 0.034608074
0.28 0.02678287 0.033929475
0.2805 0.02587907 0.033254184
0.281 0.02498562 0.03258229
0.2815 0.02410251 0.031913854
0.282 0.02322971 0.031249052
0.2825 0.02236719 0.030587858
0.283 0.02151491 0.029930418
0.2835 0.02067284 0.029276764
0.284 0.01984093 0.028627014
0.2845 0.01901914 0.027981138
0.285 0.01820741 0.027339345
0.2855 0.01740569 0.026701516
0.286 0.01661393 0.026067888
0.2865 0.01583205 0.025438463
0.287 0.01506001 0.02481318
0.2875 0.01429773 0.02419228
0.288 0.01354515 0.02357564
0.2885 0.0128022 0.02296338
0.289 0.01206881 0.022355443
0.2895 0.01134489 0.021752035
0.29 0.01063039 0.021153098
0.2905 0.009925206 0.02055866
0.291 0.009229278 0.019968783
0.2915 0.008542519 0.019383525
0.292 0.00786485 0.018802887
0.2925 0.007196186 0.018226778
0.293 0.006536445 0.017655378
0.2935 0.005885541 0.017088657
0.294 0.005243391 0.016526615
0.2945 0.004609907 0.015969282
0.295 0.003985003 0.015416658
0.2955 0.003368592 0.014868861
0.296 0.002760586 0.014325684
0.2965 0.002160897 0.013787275
0.297 0.001569437 0.013253635
0.2975 0.0009861163 0.012724882
0.298 0.0004108466 0.012200808
0.2985 -0.000156461 0.0116815325
0.299 -0.0007158957 0.011166995
0.2995 -0.001267546 0.010657286
0.3 -0.001811502 0.04851959
0.3005 -0.0008122271 0.049628876
0.301 0.001751609 0.04050287
0.3015 0.003896479 0.02916283
0.302 0.00544315 0.018626666
0.3025 0.006627008 0.009910082
0.303 0.007633993 0.003135955
0.3035 0.00856121 -0.0019342247
0.304 0.0094581 -0.005635077
0.3045 0.01034825 -0.008280182
0.305 0.01124111 -0.010121966
0.3055 0.01213818 -0.011349851
0.306 0.01304041 -0.012100959
0.3065 0.01394837 -0.012473965
0.307 0.01486151 -0.012540722
0.3075 0.01577884 -0.012354905
0.308 0.01669924 -0.011958087
0.3085 0.01762176 -0.0113835875
0.309 0.01854567 -0.010659093
0.3095 0.01947035 -0.0098079685
0.31 0.02039518 -0.008850509
0.3105 0.02131952 -0.007804299
0.311 0.02224275 -0.0066847447
0.3115 0.02316433 -0.005505288
0.312 0.02408368 -0.00427776
0.3125 0.02500022 -0.003012443
0.313 0.02591337 -0.0017182473
0.3135 0.02682264 -0.000402892
0.314 0.02772757 0.00092706643
0.3145 0.02862773 0.0022658762
0.315 0.02952262 0.003608739
0.3155 0.03041182 0.0049515124
0.316 0.03129486 0.0062908586
0.3165 0.03217147 0.0076237377
0.317 0.03304149 0.008947795
0.3175 0.03390481 0.010261064
0.318 0.03476126 0.011561787
0.3185 0.03561065 0.012848711
0.319 0.03645276 0.014120704
0.3195 0.03728739 0.01537705
0.32 0.03811434 0.016616976
0.3205 0.03893343 0.017839974
0.321 0.03974445 0.019045657
0.3215 0.04054705 0.020233935
0.322 0.04134111 0.021404391
0.3225 0.04212666 0.022557145
0.323 0.0429037 0.023692077
0.3235 0.04367217 0.024809277
0.324 0.04443201 0.025908774
0.3245 0.04518316 0.026990807
0.325 0.04592554 0.028055465
0.3255 0.04665911 0.029102987
0.326 0.04738381 0.030133521
0.3265 0.0480996 0.031147247
0.327 0.0488064 0.032144524
0.3275 0.04950421 0.033125438
0.328 0.05019306 0.034090407
0.3285 0.050873 0.03503952
0.329 0.05154404 0.03597317
0.3295 0.05220618 0.036891498
0.33 0.05285942 0.037794836
0.3305 0.05350376 0.038683422
0.331 0.05413922 0.039557554
0.3315 0.05476584 0.0404175
0.332 0.05538363 0.04126341
0.3325 0.05599264 0.04209558
0.333 0.05659292 0.04291434
0.3335 0.0571845 0.043719836
0.334 0.05776746 0.04451231
0.3345 0.05834184 0.045292027
0.335 0.0589077 0.046059288
0.3355 0.05946512 0.04681418
0.336 0.06001276 0.047557004
0.3365 0.06054759 0.048287995
0.337 0.06107339 0.049007364
0.3375 0.06159276 0.049715288
0.338 0.06210616 0.050412007
0.3385 0.06261319 0.0510977
0.339 0.06311333 0.051772572
0.3395 0.06360619 0.052436776
0.34 0.06409152 0.05309055
0.3405 0.06456921 0.05373407
0.341 0.06503925 0.05436758
0.3415 0.06550167 0.054991104
0.342 0.06595655 0.055605
0.3425 0.06640396 0.056209333
0.343 0.066844 0.056804277
0.3435 0.06727679 0.05739007
0.344 0.06770241 0.057966806
0.3445 0.06812096 0.05853463
0.345 0.06853245 0.05909381
0.3455 0.06893657 0.05964429
0.346 0.06933352 0.060186334
0.3465 0.06972372 0.060720153
0.347 0.07010739 0.061245866
0.3475 0.07048468 0.061763503
0.348 0.07085579 0.0622733
0.3485 0.07122087 0.06277532
0.349 0.07157991 0.0632698
0.3495 0.07193292 0.06375677
0.35 0.07227996 0.06684313
0.3505 0.07106882 0.06798253
0.351 0.06826969 0.06771832
0.3515 0.06587375 0.06646263
0.352 0.06407127 0.06456477
0.3525 0.06263511 0.06232033
0.353 0.06138006 0.05996287
0.3535 0.06020446 0.057658836
0.354 0.05905939 0.055511326
0.3545 0.0579227 0.053571306
0.355 0.05678485 0.051851727
0.3555 0.05564199 0.050340965
0.356 0.05449289 0.04901375
0.3565 0.05333748 0.047839113
0.357 0.0521762 0.04678543
0.3575 0.05100976 0.045823433
0.358 0.04983892 0.04492765
0.3585 0.04866451 0.044076867
0.359 0.04748733 0.043254003
0.3595 0.04630817 0.04244574
0.36 0.04512777 0.04164196
0.3605 0.04394686 0.04083521
0.361 0.04276613 0.04002019
0.3615 0.04158624 0.039193287
0.362 0.04040779 0.0383522
0.3625 0.03923139 0.03749563
0.363 0.03805759 0.036623023
0.3635 0.03688692 0.03573437
0.364 0.03571987 0.034830056
0.3645 0.03455692 0.03391072
0.365 0.03339851 0.0329772
0.3655 0.03224507 0.032030478
0.366 0.03109698 0.031071581
0.3665 0.02995462 0.030101564
0.367 0.02881835 0.029121475
0.3675 0.02768848 0.028132379
0.368 0.02656533 0.027135283
0.3685 0.02544919 0.0261312
0.369 0.02434032 0.02512105
0.3695 0.02323899 0.024105772
0.37 0.02214541 0.023086213
0.3705 0.02105983 0.022063185
0.371 0.01998243 0.02103747
0.3715 0.0189134 0.020009786
0.372 0.01785293 0.018980838
0.3725 0.01680116 0.017951265
0.373 0.01575824 0.016921677
0.3735 0.01472432 0.015892655
0.374 0.0136995 0.014864717
0.3745 0.01268391 0.013838381
0.375 0.01167764 0.01281412
0.3755 0.01068078 0.01179238
0.376 0.009693413 0.010773578
0.3765 0.008715602 0.009758117
0.377 0.007747412 0.008746352
0.3775 0.006788893 0.007738646
0.378 0.005840091 0.00673531
0.3785 0.004901039 0.0057366528
0.379 0.003971768 0.0047429595
0.3795 0.003052298 0.003754517
0.38 0.002142644 0.0027715694
0.3805 0.001242813 0.0017943606
0.381 0.0003528087 0.00082310475
0.3815 -0.0005273737 -0.00014196895
0.382 -0.001397743 -0.0011006687
0.3825 -0.002258314 -0.0020527914
0.383 -0.003109105 -0.0029981676
0.3835 -0.003950142 -0.003936628
0.384 -0.004781451 -0.0048680007
0.3845 -0.005603066 -0.0057921465
0.385 -0.006415023 -0.0067089107
0.3855 -0.007217362 -0.007618157
0.386 -0.008010126 -0.008519759
0.3865 -0.008793364 -0.009413587
0.387 -0.009567124 -0.010299528
0.3875 -0.01033146 -0.011177471
0.388 -0.01108643 -0.012047302
0.3885 -0.01183208 -0.012908924
0.389 -0.01256849 -0.013762241
0.3895 -0.01329571 -0.014607158
0.39 -0.0140138 -0.015443597
0.3905 -0.01472284 -0.016271466
0.391 -0.01542289 -0.017090702
0.3915 -0.01611402 -0.017901221
0.392 -0.01679631 -0.018702956
0.3925 -0.01746983 -0.019495832
0.393 -0.01813464 -0.020279823
0.3935 -0.01879083 -0.021054836
0.394 -0.01943848 -0.02182083
0.3945 -0.02007766 -0.02257775
0.395 -0.02070844 -0.023325553
0.3955 -0.02133092 -0.024064215
0.396 -0.02194516 -0.024793686
0.3965 -0.02255126 -0.02551392
0.397 -0.02314928 -0.026224928
0.3975 -0.02373931 -0.026926631
0.398 -0.02432144 -0.02761905
0.3985 -0.02489574 -0.028302146
0.399 -0.0254623 -0.028975906
0.3995 -0.0260212 -0.029640341
0.4 -0.02657253 -0.030295415
0.4005 -0.02711636 -0.03094115
0.401 -0.02765278 -0.03157752
0.4015 -0.02818187 -0.03220456
0.402 -0.02870372 -0.032822274
0.4025 -0.0292184 -0.033430666
0.403 -0.029726 -0.034029752
0.4035 -0.0302266 -0.03461957
0.404 -0.03072029 -0.03520012
0.4045 -0.03120714 -0.035771452
0.405 -0.03168725 -0.036333583
0.4055 -0.03216067 -0.036886558
0.406 -0.03262751 -0.037430413
0.4065 -0.03308784 -0.037965193
0.407 -0.03354173 -0.038490944
0.4075 -0.03398927 -0.039007716
0.408 -0.03443055 -0.039515562
0.4085 -0.03486562 -0.040014543
0.409 -0.03529458 -0.040504694
0.4095 -0.0357175 -0.04098609
0.41 -0.03613446 -0.041458823
0.4105 -0.03654554 -0.041922927
0.411 -0.0369508 -0.0423785
0.4115 -0.03735033 -0.042825572
0.412 -0.0377442 -0.043264262
0.4125 -0.03813248 -0.043694623
0.413 -0.03851525 -0.044116765
0.4135 -0.03889258 -0.044530742
0.414 -0.03926453 -0.04493665
0.4145 -0.0396312 -0.04533457
0.415 -0.03999263 -0.045724593
0.4155 -0.04034891 -0.046106823
0.416 -0.0407001 -0.04648134
0.4165 -0.04104627 -0.046848238
0.417 -0.04138748 -0.0472076
0.4175 -0.04172382 -0.047559552
0.418 -0.04205534 -0.047904164
0.4185 -0.0423821 -0.04824155
0.419 -0.04270418 -0.048571803
0.4195 -0.04302163 -0.04889503
0.42 -0.04333453 -0.049211323
0.4205 -0.04364293 -0.049520783
0.421 -0.04394689 -0.049823537
0.4215 -0.04424649 -0.050119653
0.422 -0.04454177 -0.05040925
0.4225 -0.0448328 -0.050692447
0.423 -0.04511964 -0.050969325
0.4235 -0.04540234 -0.051240005
0.424 -0.04568097 -0.05150456
0.4245 -0.04595558 -0.051763132
0.425 -0.04622623 -0.052015796
0.4255 -0.04649298 -0.052262656
0.426 -0.04675587 -0.05250383
0.4265 -0.04701497 -0.05273942
0.427 -0.04727032 -0.052969515
0.4275 -0.04752199 -0.05319424
0.428 -0.04777002 -0.053413674
0.4285 -0.04801447 -0.05362791
0.429 -0.04825539 -0.05383707
0.4295 -0.04849282 -0.054041237
0.43 -0.04872682 -0.05424051
0.4305 -0.04895743 -0.054434992
0.431 -0.04918471 -0.054624774
0.4315 -0.04940871 -0.054809965
0.432 -0.04962946 -0.05499062
0.4325 -0.04984703 -0.055166878
0.433 -0.05006144 -0.055338807
0.4335 -0.05027275 -0.055506498
0.434 -0.05048101 -0.055670053
0.4345 -0.05068626 -0.055829547
0.435 -0.05088853 -0.055985063
0.4355 -0.05108788 -0.056136705
0.436 -0.05128435 -0.05628454
0.4365 -0.05147798 -0.05642867
0.437 -0.0516688 -0.05656915
0.4375 -0.05185687 -0.056706093
0.438 -0.05204222 -0.056839548
0.4385 -0.05222488 -0.05696962
0.439 -0.05240491 -0.057096377
0.4395 -0.05258234 -0.057219885
0.44 -0.0527572 -0.05734025
0.4405 -0.05292953 -0.057457484
0.441 -0.05309938 -0.057571724
0.4415 -0.05326677 -0.057683006
0.442 -0.05343175 -0.057791397
0.4425 -0.05359434 -0.05789698
0.443 -0.05375459 -0.057999827
0.4435 -0.05391252 -0.058099978
0.444 -0.05406818 -0.05819752
0.4445 -0.05422159 -0.058292516
0.445 -0.05437278 -0.058385015
0.4455 -0.0545218 -0.058475077
0.446 -0.05466867 -0.058562763
0.4465 -0.05481342 -0.058648147
0.447 -0.05495609 -0.058731273
0.4475 -0.0550967 -0.058812194
0.448 -0.05523528 -0.05889097
0.4485 -0.05537188 -0.058967657
0.449 -0.0555065 -0.059042297
0.4495 -0.05563919 -0.059114955
0.45 -0.05576997 -0.05918567
0.4505 -0.05589887 -0.05925449
0.451 -0.05602592 -0.05932147
0.4515 -0.05615114 -0.05938667
0.452 -0.05627457 -0.059450105
0.4525 -0.05639622 -0.059511825
0.453 -0.05651612 -0.0595719
0.4535 -0.05663431 -0.059630357
0.454 -0.0567508 -0.059687234
0.4545 -0.05686562 -0.059742562
0.455 -0.05697879 -0.059796415
0.4555 -0.05709034 -0.059848793
0.456 -0.0572003 -0.059899755
0.4565 -0.05730868 -0.05994933
0.457 -0.05741551 -0.059997573
0.4575 -0.05752081 -0.06004449
0.458 -0.0576246 -0.06009014
0.4585 -0.05772691 -0.060134523
0.459 -0.05782776 -0.06017772
0.4595 -0.05792717 -0.060219727
0.46 -0.05802516 -0.060260594
0.4605 -0.05812175 -0.060300335
0.461 -0.05821696 -0.060338996
0.4615 -0.05831081 -0.060376592
0.462 -0.05840333 -0.06041316
0.4625 -0.05849453 -0.06044873
0.463 -0.05858443 -0.06048332
0.4635 -0.05867305 -0.06051697
0.464 -0.05876041 -0.06054967
0.4645 -0.05884652 -0.060581468
0.465 -0.05893141 -0.060612418
0.4655 -0.0590151 -0.06064249
0.466 -0.0590976 -0.06067174
0.4665 -0.05917892 -0.0607002
0.467 -0.05925909 -0.060727872
0.4675 -0.05933812 -0.06075477
0.468 -0.05941604 -0.060780928
0.4685 -0.05949284 -0.060806364
0.469 -0.05956856 -0.060831092
0.4695 -0.05964321 -0.060855135
0.47 -0.0597168 -0.060878508
0.4705 -0.05978935 -0.060901232
0.471 -0.05986087 -0.060923338
0.4715 -0.05993138 -0.060944833
0.472 -0.0600009 -0.06096573
0.4725 -0.06006943 -0.060986042
0.473 -0.060137 -0.0610058
0.4735 -0.06020361 -0.061024994
0.474 -0.06026929 -0.061043665
0.4745 -0.06033403 -0.061061807
0.475 -0.06039787 -0.06107945
0.4755 -0.0604608 -0.0610966
0.476 -0.06052285 -0.061113276
0.4765 -0.06058403 -0.061129488
0.477 -0.06064435 -0.061145246
0.4775 -0.06070382 -0.061160557
0.478 -0.06076245 -0.06117545
0.4785 -0.06082026 -0.061189927
0.479 -0.06087726 -0.061204
0.4795 -0.06093345 -0.061217688
0.48 -0.06098886 -0.06123098
0.4805 -0.06104349 -0.061243914
0.481 -0.06109736 -0.061256483
0.4815 -0.06115047 -0.061268702
0.482 -0.06120284 -0.06128058
0.4825 -0.06125448 -0.06129212
0.483 -0.06130539 -0.06130334
0.4835 -0.06135559 -0.061314248
0.484 -0.06140509 -0.06132485
0.4845 -0.0614539 -0.061335154
0.485 -0.06150203 -0.061345167
0.4855 -0.06154949 -0.061354905
0.486 -0.06159628 -0.061364375
0.4865 -0.06164242 -0.061373577
0.487 -0.06168792 -0.061382517
0.4875 -0.06173279 -0.061391212
0.488 -0.06177703 -0.06139966
0.4885 -0.06182065 -0.06140787
0.489 -0.06186367 -0.06141586
0.4895 -0.06190609 -0.0614236
0.49 -0.06194792 -0.061431147
0.4905 -0.06198917 -0.06143848
0.491 -0.06202984 -0.06144561
0.4915 -0.06206995 -0.061452523
0.492 -0.06210951 -0.06145925
0.4925 -0.06214852 -0.061465792
0.493 -0.06218698 -0.061472155
0.4935 -0.06222492 -0.06147834
0.494 -0.06226233 -0.061484344
0.4945 -0.06229922 -0.06149017
0.495 -0.0623356 -0.06149584
0.4955 -0.06237147 -0.061501354
0.496 -0.06240685 -0.061506726
0.4965 -0.06244175 -0.06151194
0.497 -0.06247616 -0.061517
0.4975 -0.06251009 -0.061521925
0.498 -0.06254356 -0.0615267
0.4985 -0.06257657 -0.061531365
0.499 -0.06260912 -0.06153588
0.4995 -0.06264122 -0.06154027
