0.0 -0.065 -0.0005641859
0.0005 -0.05364287 -0.00986273
0.001 -0.04159344 -0.015453422
0.0015 -0.03404892 -0.01814791
0.002 -0.02920272 -0.018612007
0.0025 -0.02563345 -0.017394418
0.003 -0.02264344 -0.014943624
0.0035 -0.01992458 -0.011621797
0.004 -0.01734406 -0.007716978
0.0045 -0.01484419 -0.0034544412
0.005 -0.0124046 0.0009929892
0.0055 -0.01001886 0.0054956432
0.006 -0.007670595 0.009959018
0.0065 -0.005351384 0.014316445
0.007 -0.003059248 0.018523252
0.0075 -0.0007958913 0.02255175
0.008 0.00142278 0.026387041
0.0085 0.00360312 0.030023849
0.009 0.005757585 0.033463456
0.0095 0.007880903 0.036712207
0.01 0.00997466 0.039779402
0.0105 0.01204763 0.042676307
0.011 0.01410114 0.045414902
0.0115 0.01613214 0.048007943
0.012 0.01813839 0.050467677
0.0125 0.02011935 0.052805968
0.013 0.02207418 0.0550339
0.0135 0.02400231 0.057161935
0.014 0.02590353 0.05919943
0.0145 0.02777735 0.06115497
0.015 0.02962383 0.06303624
0.0155 0.03144331 0.06485022
0.016 0.03323623 0.06660289
0.0165 0.03500302 0.06829972
0.017 0.03674408 0.06994543
0.0175 0.03845981 0.071544416
0.018 0.04015059 0.0731001
0.0185 0.04181677 0.07461584
0.019 0.04345869 0.07609437
0.0195 0.04507669 0.07753814
0.02 0.04667106 0.07894937
0.0205 0.04824211 0.08032996
0.021 0.04979015 0.08168141
0.0215 0.05131547 0.08300532
0.022 0.05281834 0.08430297
0.0225 0.05429906 0.08557538
0.023 0.05575791 0.0868238
0.0235 0.05719515 0.08804891
0.024 0.05861107 0.089251556
0.0245 0.06000593 0.09043256
0.025 0.06138002 0.09159259
0.0255 0.06273359 0.09273214
0.026 0.06406692 0.09385187
0.0265 0.06538026 0.09495223
0.027 0.06667389 0.09603379
0.0275 0.06794807 0.09709696
0.028 0.06920306 0.098142214
0.0285 0.07043911 0.09916983
0.029 0.07165648 0.100180276
0.0295 0.07285543 0.101174034
0.03 0.07403619 0.10215125
0.0305 0.07519899 0.10311244
0.031 0.0763348 0.104057826
0.0315 0.07743132 0.10498778
0.032 0.07851018 0.10590262
0.0325 0.07958205 0.10680259
0.033 0.0806477 0.10768805
0.0335 0.08170464 0.10855929
0.034 0.08275017 0.10941649
0.0345 0.08378228 0.11026008
0.035 0.08479974 0.11109019
0.0355 0.08580192 0.11190704
0.036 0.08678868 0.11271102
0.0365 0.08776004 0.11350236
0.037 0.0887161 0.11428139
0.0375 0.089657 0.11504809
0.038 0.09058297 0.11580298
0.0385 0.09149426 0.1165461
0.039 0.09239113 0.11727769
0.0395 0.09327385 0.1179981
0.04 0.09414268 0.118707396
0.0405 0.09499787 0.11940584
0.041 0.09583968 0.12009371
0.0415 0.09666833 0.12077115
0.042 0.09748406 0.12143839
0.0425 0.09828707 0.12209556
0.043 0.09907759 0.12274293
0.0435 0.09985582 0.12338058
0.044 0.100622 0.12400878
0.0445 0.1013762 0.12462772
0.045 0.1021187 0.1252375
0.0455 0.1028497 0.12583831
0.046 0.1035693 0.12643033
0.0465 0.1042778 0.12701371
0.047 0.1049753 0.12758869
0.0475 0.1056619 0.12815523
0.048 0.1063379 0.1287137
0.0485 0.1070035 0.1292642
0.049 0.1076586 0.12980682
0.0495 0.1083034 0.13034162
0.05 0.108937 0.13086894
0.0505 0.1095602 0.13138875
0.051 0.1101737 0.1319013
0.0515 0.1107781 0.13240656
0.052 0.1113735 0.13290486
0.0525 0.1119597 0.13339618
0.053 0.1125369 0.13388065
0.0535 0.1131053 0.13435853
0.054 0.113665 0.13482964
0.0545 0.1142161 0.13529438
0.055 0.1147589 0.1357528
0.0555 0.1152935 0.1362049
0.056 0.1158168 0.1366508
0.0565 0.1162869 0.13709074
0.057 0.1167249 0.1375247
0.0575 0.1171656 0.13795283
0.058 0.1176188 0.13837516
0.0585 0.1180739 0.13879195
0.059 0.1185171 0.13920313
0.0595 0.1189607 0.13960886
0.06 0.1194094 0.14000914
0.0605 0.1198615 0.14040425
0.061 0.1203139 0.14079413
0.0615 0.1207635 0.14117882
0.062 0.1212083 0.14155853
0.0625 0.121647 0.14193323
0.063 0.1220789 0.14230308
0.0635 0.1225038 0.14266807
0.064 0.1229215 0.14302847
0.0645 0.1233322 0.14338419
0.065 0.1237359 0.14373526
0.0655 0.1241329 0.1440818
0.066 0.1245234 0.14442402
0.0665 0.1249076 0.14476177
0.067 0.1252855 0.1450952
0.0675 0.1256575 0.14542443
0.068 0.1260235 0.14574951
0.0685 0.1263839 0.14607036
0.069 0.1267386 0.14638722
0.0695 0.1270878 0.14670023
0.07 0.1274316 0.1470091
0.0705 0.1277701 0.14731422
0.071 0.1281035 0.14761546
0.0715 0.1284317 0.14791307
0.072 0.1287547 0.14820683
0.0725 0.1290726 0.14849699
0.073 0.1293857 0.14878362
0.0735 0.129694 0.14906663
0.074 0.1299977 0.14934611
0.0745 0.1302968 0.14962226
0.075 0.1305913 0.14989495
0.0755 0.1308814 0.15016434
0.076 0.1311669 0.15043038
0.0765 0.1314318 0.15069318
0.077 0.1316406 0.1509529
0.0775 0.1318243 0.15120938
0.078 0.1320207 0.1514627
0.0785 0.1322393 0.15171298
0.079 0.1324764 0.15196034
0.0795 0.1327251 0.15220466
0.08 0.1329794 0.15244603
0.0805 0.133235 0.15268439
0.081 0.1334892 0.15291995
0.0815 0.1337404 0.1531527
0.082 0.1339876 0.15338269
0.0825 0.1342306 0.15360993
0.083 0.1344693 0.15383437
0.0835 0.1347038 0.15405622
0.084 0.1349341 0.15427545
0.0845 0.1351605 0.15449208
0.085 0.135383 0.15470615
0.0855 0.1356018 0.15491763
0.086 0.135817 0.15512663
0.0865 0.1360288 0.15533319
0.087 0.1362372 0.15553734
0.0875 0.1364423 0.15573901
0.088 0.1366443 0.15593842
0.0885 0.1368432 0.15613541
0.089 0.137039 0.1563302
0.0895 0.1372318 0.15652257
0.09 0.1374212 0.15671283
0.0905 0.1376074 0.1569008
0.091 0.1377909 0.15708655
0.0915 0.1379716 0.15727022
0.092 0.1381499 0.15745178
0.0925 0.1383256 0.15763116
0.093 0.1384945 0.15780848
0.0935 0.1386588 0.15798378
0.094 0.1388214 0.15815711
0.0945 0.1389827 0.15832838
0.095 0.139142 0.15849769
0.0955 0.1392987 0.15866503
0.096 0.1394529 0.1588305
0.0965 0.1396053 0.15899402
0.097 0.139756 0.15915573
0.0975 0.1399053 0.15931553
0.098 0.1400532 0.15947354
0.0985 0.1401995 0.15962976
0.099 0.1403442 0.1597842
0.0995 0.1404872 0.15993685
0.1 0.1406284 0.16880263
0.1005 0.1309794 0.16977403
0.101 0.1222313 0.16641915
0.1015 0.1175617 0.1608715
0.102 0.1149879 0.15436894
0.1025 0.1133285 0.14765653
0.103 0.1120713 0.14118356
0.1035 0.1109846 0.13520902
0.104 0.1099825 0.12986529
0.1045 0.1090547 0.12520018
0.105 0.1081866 0.12120698
0.1055 0.1073741 0.117845275
0.106 0.1066173 0.11505636
0.1065 0.1059101 0.11277365
0.107 0.1052457 0.11092945
0.1075 0.1046189 0.10945957
0.108 0.1040257 0.10830546
0.1085 0.1034636 0.107415296
0.109 0.1029306 0.10674434
0.1095 0.1024244 0.10625442
0.11 0.1019435 0.11546169
0.1105 0.09993593 0.117325366
0.111 0.09637215 0.11385905
0.1115 0.09324109 0.10755954
0.112 0.09073235 0.10051887
0.1125 0.0886185 0.09402036
0.113 0.0867138 0.088604815
0.1135 0.08491583 0.08433718
0.114 0.08317486 0.0810586
0.1145 0.08146793 0.07854689
0.115 0.07978468 0.07659412
0.1155 0.07812038 0.075033374
0.116 0.07647014 0.07374094
0.1165 0.07483144 0.07262952
0.117 0.07320899 0.071638964
0.1175 0.07160504 0.070728935
0.118 0.07001974 0.069872476
0.1185 0.06845255 0.06905184
0.119 0.06690055 0.06825549
0.1195 0.06536173 0.06747588
0.12 0.06384018 0.066708036
0.1205 0.06233784 0.06594888
0.121 0.0608548 0.0651963
0.1215 0.05939057 0.064449035
0.122 0.05794465 0.06370623
0.1225 0.05651669 0.06296732
0.123 0.0551065 0.062231936
0.1235 0.05371402 0.061499916
0.124 0.05233922 0.060771175
0.1245 0.05098213 0.060045578
0.125 0.04964276 0.059323125
0.1255 0.04832116 0.058603816
0.126 0.04701732 0.05788753
0.1265 0.04573128 0.057174303
0.127 0.044463 0.056464262
0.1275 0.04321248 0.05575732
0.128 0.04197968 0.05505345
0.1285 0.04076455 0.054352798
0.129 0.03956704 0.05365523
0.1295 0.03838709 0.052960806
0.13 0.03722462 0.052269615
0.1305 0.03607954 0.05158157
0.131 0.03495177 0.05089668
0.1315 0.0338412 0.05021503
0.132 0.03274774 0.049536534
0.1325 0.03167126 0.048861258
0.133 0.03061167 0.04818923
0.1335 0.02956882 0.04752039
0.134 0.02854261 0.04685477
0.1345 0.02753289 0.046192355
0.135 0.02653954 0.045533247
0.1355 0.02556241 0.044877313
0.136 0.02460137 0.044224627
0.1365 0.02365627 0.043575205
0.137 0.02272696 0.042928986
0.1375 0.02181329 0.042286046
0.138 0.02091512 0.04164631
0.1385 0.02003228 0.041009836
0.139 0.01916462 0.04037658
0.1395 0.01831199 0.039746545
0.14 0.01747423 0.039119832
0.1405 0.01665117 0.038496323
0.141 0.01584265 0.037876017
0.1415 0.01504851 0.03725896
0.142 0.01426859 0.036645122
0.1425 0.01350273 0.03603456
0.143 0.01275075 0.035427116
0.1435 0.0120125 0.034822978
0.144 0.01128781 0.03422203
0.1445 0.01057652 0.03362427
0.145 0.009878461 0.033029698
0.1455 0.009193467 0.03243836
0.146 0.008521376 0.03185021
0.1465 0.007862023 0.03126525
0.147 0.007215246 0.030683478
0.1475 0.00658088 0.030104926
0.148 0.005958764 0.029529503
0.1485 0.005348735 0.028957253
0.149 0.004750634 0.028388178
0.1495 0.004164299 0.027822232
0.15 0.003589571 0.009848578
0.1505 0.003009648 0.003005417
0.151 0.002419454 0.00092511065
0.1515 0.001837415 0.0009715576
0.152 0.001265341 0.0019348618
0.1525 0.000702323 0.0032256823
0.153 0.0001474077 0.004550701
0.1535 -0.0004000383 0.005766956
0.154 -0.000940396 0.0068110656
0.1545 -0.001473898 0.007662406
0.155 -0.002000698 0.0083231535
0.1555 -0.002520912 0.008807039
0.156 -0.003034635 0.009132942
0.1565 -0.00354195 0.009321323
0.157 -0.004042936 0.009392163
0.1575 -0.004537669 0.009363821
0.158 -0.005026219 0.009252733
0.1585 -0.005508656 0.009073084
0.159 -0.005985107 0.008837139
0.1595 -0.006456567 0.00855512
0.16 -0.006922515 0.008235639
0.1605 -0.007382247 0.0078857895
0.161 -0.007835717 0.0075114425
0.1615 -0.008283087 0.0071173813
0.162 -0.008724545 0.0067075994
0.1625 -0.009160244 0.0062852707
0.163 -0.009590307 0.0058530625
0.1635 -0.01001483 0.0054131653
0.164 -0.01043387 0.004967293
0.1645 -0.01084752 0.00451695
0.165 -0.0112558 0.004063314
0.1655 -0.01165878 0.003607398
0.166 -0.0120565 0.0031500366
0.1665 -0.012449 0.0026919004
0.167 -0.01283632 0.0022336598
0.1675 -0.01321852 0.0017756876
0.168 -0.01359562 0.001318505
0.1685 -0.01396766 0.0008624848
0.169 -0.0143347 0.00040793978
0.1695 -0.01469676 -4.489161e-05
0.17 -0.01505389 -0.00049572624
0.1705 -0.01540612 -0.0009443704
0.171 -0.0157535 -0.0013905559
0.1715 -0.01609606 -0.0018341783
0.172 -0.01643383 -0.0022750888
0.1725 -0.01676686 -0.0027130786
0.173 -0.01709518 -0.0031480584
0.1735 -0.01741883 -0.003579894
0.174 -0.01773785 -0.004008496
0.1745 -0.01805226 -0.004433805
0.175 -0.0183621 -0.004855657
0.1755 -0.01866742 -0.0052739773
0.176 -0.01896824 -0.005688736
0.1765 -0.01926459 -0.0060998295
0.177 -0.01955652 -0.0065071974
0.1775 -0.01984405 -0.0069107506
0.178 -0.02012722 -0.007310489
0.1785 -0.02040606 -0.007706279
0.179 -0.02068061 -0.00809815
0.1795 -0.02095089 -0.008486042
0.18 -0.02121694 -0.008869851
0.1805 -0.02148029 -0.009249577
0.181 -0.0217459 -0.009625131
0.1815 -0.02200857 -0.009996587
0.182 -0.0222648 -0.010363767
0.1825 -0.02251402 -0.010726759
0.183 -0.02275687 -0.011085445
0.1835 -0.02299417 -0.011439839
0.184 -0.02322663 -0.011789912
0.1845 -0.02345474 -0.0121355895
0.185 -0.02367882 -0.012476856
0.1855 -0.02389907 -0.012813712
0.186 -0.02411558 -0.013146112
0.1865 -0.02432843 -0.013474027
0.187 -0.02453764 -0.0137974415
0.1875 -0.02474323 -0.014116311
0.188 -0.02494521 -0.014430651
0.1885 -0.02514359 -0.014740387
0.189 -0.02533839 -0.015045533
0.1895 -0.02552962 -0.01534606
0.19 -0.02571728 -0.015641922
0.1905 -0.02590141 -0.01593309
0.191 -0.02608202 -0.01621961
0.1915 -0.02625913 -0.016501406
0.192 -0.02643277 -0.016778493
0.1925 -0.02660295 -0.017050827
0.193 -0.02676971 -0.017318377
0.1935 -0.02693307 -0.01758113
0.194 -0.02709306 -0.017839098
0.1945 -0.0272497 -0.01809227
0.195 -0.02740302 -0.018340552
0.1955 -0.02755304 -0.018584007
0.196 -0.0276998 -0.018822605
0.1965 -0.02784333 -0.019056255
0.197 -0.02798364 -0.019285018
0.1975 -0.02812077 -0.019508922
0.198 -0.02825475 -0.019727865
0.1985 -0.02838559 -0.01994186
0.199 -0.02851334 -0.02015088
0.1995 -0.02863802 -0.020354921
0.2 -0.02875965 -0.0031499136
0.2005 -0.02888052 0.0022906791
0.201 -0.02902263 -0.0008903388
0.2015 -0.0291782 -0.0069662575
0.202 -0.02933433 -0.012574548
0.2025 -0.02948676 -0.016804183
0.203 -0.02963527 -0.019822592
0.2035 -0.02978065 -0.022009665
0.204 -0.02992364 -0.023669565
0.2045 -0.03006474 -0.024996603
0.205 -0.0302042 -0.026104564
0.2055 -0.03034217 -0.027058119
0.206 -0.0304787 -0.027894909
0.2065 -0.03061382 -0.028637374
0.207 -0.03074754 -0.029299999
0.2075 -0.03087986 -0.029892916
0.208 -0.03101077 -0.030423636
0.2085 -0.03114028 -0.030898446
0.209 -0.03126837 -0.0313225
0.2095 -0.03139504 -0.031700455
0.21 -0.03152029 -0.032036357
0.2105 -0.03164413 -0.032333873
0.211 -0.03176654 -0.032596372
0.2115 -0.03188752 -0.032826923
0.212 -0.03200709 -0.033028446
0.2125 -0.03212523 -0.033203445
0.213 -0.03224195 -0.033354335
0.2135 -0.03235725 -0.0334832
0.214 -0.03247113 -0.033592008
0.2145 -0.0325836 -0.033682637
0.215 -0.03269466 -0.033756785
0.2155 -0.03280431 -0.033815853
0.216 -0.03291256 -0.033861272
0.2165 -0.03301942 -0.03389453
0.217 -0.03312488 -0.033916526
0.2175 -0.03322896 -0.033928357
0.218 -0.03333165 -0.03393116
0.2185 -0.03343298 -0.033925794
0.219 -0.03353293 -0.03391289
0.2195 -0.03363153 -0.03389346
0.22 -0.03372877 -0.033868037
0.2205 -0.03382467 -0.03383725
0.221 -0.03391924 -0.033801727
0.2215 -0.03401247 -0.03376188
0.222 -0.03410439 -0.0337184
0.2225 -0.034195 -0.03367152
0.223 -0.0342843 -0.03362166
0.2235 -0.03437232 -0.0335693
0.224 -0.03445905 -0.03351464
0.2245 -0.03454451 -0.033458047
0.225 -0.0346287 -0.033399813
0.2255 -0.03471165 -0.03334015
0.226 -0.03479335 -0.033279322
0.2265 -0.03487382 -0.033217452
0.227 -0.03495307 -0.033154838
0.2275 -0.03503111 -0.033091567
0.228 -0.03510795 -0.03302785
0.2285 -0.0351836 -0.032963745
0.229 -0.03525807 -0.032899432
0.2295 -0.03533138 -0.03283512
0.23 -0.03540353 -0.032770716
0.2305 -0.03547454 -0.032706372
0.231 -0.03554442 -0.032642327
0.2315 -0.03561318 -0.03257846
0.232 -0.03568083 -0.032514982
0.2325 -0.03574738 -0.03245183
0.233 -0.03581284 -0.032389157
0.2335 -0.03587724 -0.0323269
0.234 -0.03594057 -0.03226521
0.2345 -0.03600285 -0.032204174
0.235 -0.03606409 -0.032143615
0.2355 -0.0361243 -0.032083772
0.236 -0.03618351 -0.032024495
0.2365 -0.03624171 -0.031965964
0.237 -0.03629891 -0.031907998
0.2375 -0.03635514 -0.031850897
0.238 -0.03641041 -0.03179448
0.2385 -0.03646471 -0.03173875
0.239 -0.03651808 -0.031683795
0.2395 -0.03657051 -0.031629615
0.24 -0.03662203 -0.03157618
0.2405 -0.03667263 -0.03152346
0.241 -0.03672234 -0.031471543
0.2415 -0.03677117 -0.031420283
0.242 -0.03681912 -0.031369857
0.2425 -0.03686621 -0.031320147
0.243 -0.03691245 -0.03127121
0.2435 -0.03695786 -0.031223053
0.244 -0.03700244 -0.031175667
0.2445 -0.0370462 -0.031128967
0.245 -0.03708916 -0.031083042
0.2455 -0.03713132 -0.031037772
0.246 -0.0371727 -0.030993247
0.2465 -0.03721332 -0.030949468
0.247 -0.03725317 -0.030906374
0.2475 -0.03729228 -0.030863995
0.248 -0.03733065 -0.03082236
0.2485 -0.03736829 -0.030781234
0.249 -0.03740521 -0.03074097
0.2495 -0.03744143 -0.030701363
0.25 -0.03747696 -0.051755838
0.2505 -0.03752844 -0.054015346
0.251 -0.03760082 -0.052511342
0.2515 -0.03767551 -0.05064726
0.252 -0.03775056 -0.04921747
0.2525 -0.03782674 -0.048320927
0.253 -0.03790486 -0.04787211
0.2535 -0.0379854 -0.04775369
0.254 -0.03806862 -0.047861703
0.2545 -0.0381546 -0.048115745
0.255 -0.03824336 -0.048457734
0.2555 -0.03833487 -0.0488476
0.256 -0.0384291 -0.0492587
0.2565 -0.038526 -0.049673967
0.257 -0.03862552 -0.050082847
0.2575 -0.03872758 -0.050479285
0.258 -0.03883215 -0.050860077
0.2585 -0.03893915 -0.051223867
0.259 -0.03904853 -0.051570408
0.2595 -0.03916022 -0.051900126
0.26 -0.03927417 -0.052213863
0.2605 -0.03939031 -0.052512564
0.261 -0.03950859 -0.052797295
0.2615 -0.03962893 -0.053069077
0.262 -0.03975127 -0.0533289
0.2625 -0.03987556 -0.053577676
0.263 -0.04000173 -0.053816244
0.2635 -0.04012972 -0.054045364
0.264 -0.04025946 -0.054265708
0.2645 -0.0403909 -0.054477908
0.265 -0.04052397 -0.0546825
0.2655 -0.04065861 -0.054879963
0.266 -0.04079476 -0.055070773
0.2665 -0.04093236 -0.055255286
0.267 -0.04107135 -0.055433877
0.2675 -0.04121167 -0.05560685
0.268 -0.04135326 -0.055774502
0.2685 -0.04149606 -0.05593708
0.269 -0.04164002 -0.056094825
0.2695 -0.04178508 -0.056247942
0.27 -0.04193118 -0.05639664
0.2705 -0.04207826 -0.056541085
0.271 -0.04222628 -0.056681447
0.2715 -0.04237518 -0.05681789
0.272 -0.0425249 -0.056950524
0.2725 -0.04267539 -0.0570795
0.273 -0.04282661 -0.057204954
0.2735 -0.04297849 -0.05732698
0.274 -0.043131 -0.05744569
0.2745 -0.04328408 -0.05756118
0.275 -0.04343768 -0.057673566
0.2755 -0.04359176 -0.057782926
0.276 -0.04374627 -0.057889335
0.2765 -0.04390116 -0.057992905
0.277 -0.0440564 -0.058093704
0.2775 -0.04421193 -0.0581918
0.278 -0.04436772 -0.058287285
0.2785 -0.04452372 -0.0583802
0.279 -0.0446799 -0.058470644
0.2795 -0.0448362 -0.058558665
0.28 -0.04499261 -0.05864434
0.2805 -0.04514906 -0.058727726
0.281 -0.04530554 -0.058808886
0.2815 -0.045462 -0.05888787
0.282 -0.0456184 -0.058964744
0.2825 -0.04577472 -0.05903954
0.283 -0.04593092 -0.059112348
0.2835 -0.04608696 -0.059183203
0.284 -0.04624282 -0.059252143
0.2845 -0.04639846 -0.059319235
0.285 -0.04655385 -0.059384517
0.2855 -0.04670897 -0.05944804
0.286 -0.04686379 -0.059509873
0.2865 -0.04701827 -0.059570022
0.287 -0.0471724 -0.059628554
0.2875 -0.04732614 -0.059685484
0.288 -0.04747947 -0.059740894
0.2885 -0.04763236 -0.05979479
0.289 -0.0477848 -0.059847236
0.2895 -0.04793676 -0.05989825
0.29 -0.04808821 -0.059947878
0.2905 -0.04823914 -0.05999615
0.291 -0.04838952 -0.06004312
0.2915 -0.04853934 -0.060088813
0.292 -0.04868857 -0.060133256
0.2925 -0.0488372 -0.060176484
0.293 -0.0489852 -0.060218535
0.2935 -0.04913257 -0.060259424
0.294 -0.04927928 -0.060299203
0.2945 -0.04942532 -0.060337894
0.295 -0.04957067 -0.060375534
0.2955 -0.04971531 -0.06041213
0.296 -0.04985925 -0.060447723
0.2965 -0.05000245 -0.060482346
0.297 -0.0501449 -0.060516015
0.2975 -0.05028661 -0.060548753
0.298 -0.05042754 -0.06058059
0.2985 -0.05056769 -0.060611546
0.299 -0.05070706 -0.06064166
0.2995 -0.05084562 -0.060670927
0.3 -0.05098337 -0.048369907
0.3005 -0.05110366 -0.04557868
0.301 -0.05120155 -0.0463702
0.3015 -0.05129563 -0.047635667
0.302 -0.05138741 -0.04841166
0.3025 -0.0514644 -0.048642896
0.303 -0.05152979 -0.04849916
0.3035 -0.05159346 -0.048141472
0.304 -0.05165842 -0.047676943
0.3045 -0.05172431 -0.047168486
0.305 -0.05178984 -0.046649687
0.3055 -0.05185375 -0.04613813
0.306 -0.05191507 -0.04564201
0.3065 -0.05197315 -0.045164786
0.307 -0.0520276 -0.044707708
0.3075 -0.0520782 -0.044270508
0.308 -0.05212486 -0.04385244
0.3085 -0.05216757 -0.043452524
0.309 -0.05220635 -0.043069743
0.3095 -0.05224127 -0.042702995
0.31 -0.05227239 -0.04235121
0.3105 -0.05229979 -0.04201355
0.311 -0.05232357 -0.04168903
0.3115 -0.05234213 -0.04137694
0.312 -0.05235048 -0.041076355
0.3125 -0.0523541 -0.040786676
0.313 -0.05235665 -0.04050725
0.3135 -0.05235888 -0.04023748
0.314 -0.05236039 -0.039976798
0.3145 -0.05236051 -0.03972464
0.315 -0.05235864 -0.03948071
0.3155 -0.05235438 -0.039244376
0.316 -0.0523475 -0.039015345
0.3165 -0.05233786 -0.0387932
0.317 -0.05232545 -0.03857761
0.3175 -0.05231028 -0.038368277
0.318 -0.0522924 -0.038164876
0.3185 -0.05227188 -0.037967168
0.319 -0.05224881 -0.037774734
0.3195 -0.05222326 -0.037587635
0.32 -0.05219533 -0.037405364
0.3205 -0.05216508 -0.03722786
0.321 -0.0521326 -0.03705489
0.3215 -0.05209796 -0.036886178
0.322 -0.05206124 -0.03672173
0.3225 -0.0520225 -0.036561213
0.323 -0.05198182 -0.036404632
0.3235 -0.05193925 -0.036251776
0.324 -0.05189486 -0.036102347
0.3245 -0.05184872 -0.035956554
0.325 -0.05180087 -0.03581404
0.3255 -0.05175139 -0.035674714
0.326 -0.05170032 -0.035538487
0.3265 -0.05164773 -0.03540533
0.327 -0.05159367 -0.035275064
0.3275 -0.05153818 -0.03514763
0.328 -0.05148133 -0.035022907
0.3285 -0.05142317 -0.034900866
0.329 -0.05136374 -0.03478142
0.3295 -0.0513031 -0.034664415
0.33 -0.0512413 -0.034549855
0.3305 -0.05117806 -0.03443765
0.331 -0.0511055 -0.034327798
0.3315 -0.05102577 -0.03422018
0.332 -0.05094592 -0.03411468
0.3325 -0.05086863 -0.034011297
0.333 -0.05079405 -0.03391003
0.3335 -0.05072077 -0.033810757
0.334 -0.05064758 -0.03371357
0.3345 -0.05057487 -0.033618174
0.335 -0.05050289 -0.033524655
0.3355 -0.05043127 -0.033432923
0.336 -0.05035959 -0.03334301
0.3365 -0.05028757 -0.033254825
0.337 -0.05021508 -0.03316828
0.3375 -0.05014204 -0.03308355
0.338 -0.05006845 -0.033000313
0.3385 -0.04999432 -0.032918654
0.339 -0.04991967 -0.032838605
0.3395 -0.04984455 -0.032760017
0.34 -0.049769 -0.032683037
0.3405 -0.04969304 -0.03260737
0.341 -0.04961672 -0.03253313
0.3415 -0.04954008 -0.032460265
0.342 -0.04946315 -0.03238883
0.3425 -0.04938595 -0.032318704
0.343 -0.04930853 -0.03224992
0.3435 -0.0492309 -0.0321823
0.344 -0.04915311 -0.03211599
0.3445 -0.04907517 -0.0320509
0.345 -0.04899711 -0.031986974
0.3455 -0.04891896 -0.03192421
0.346 -0.04884073 -0.0318627
0.3465 -0.04876245 -0.03180229
0.347 -0.04868415 -0.031742923
0.3475 -0.04860584 -0.03168469
0.348 -0.04852755 -0.0316275
0.3485 -0.04844929 -0.03157135
0.349 -0.04837108 -0.031516217
0.3495 -0.04829295 -0.031462066
0.35 -0.0482149 -0.052482136
0.3505 -0.04815312 -0.054694556
0.351 -0.04811214 -0.053165637
0.3515 -0.04807407 -0.05129099
0.352 -0.04803753 -0.049857512
0.3525 -0.0480034 -0.048959583
0.353 -0.04797242 -0.048509285
0.3535 -0.04794495 -0.04838819
0.354 -0.04792112 -0.048491947
0.3545 -0.04790124 -0.04874012
0.355 -0.04788509 -0.049074836
0.3555 -0.04787241 -0.049456254
0.356 -0.04786314 -0.04985796
0.3565 -0.04785728 -0.050263084
0.357 -0.04785481 -0.050661348
0.3575 -0.04785571 -0.05104675
0.358 -0.04785994 -0.051416278
0.3585 -0.04786745 -0.05176863
0.359 -0.04787817 -0.052103676
0.3595 -0.04789206 -0.05242189
0.36 -0.04790905 -0.05272413
0.3605 -0.04792908 -0.05301144
0.361 -0.04795207 -0.053284846
0.3615 -0.04797798 -0.05354546
0.362 -0.04800673 -0.053794228
0.3625 -0.04803826 -0.054032125
0.363 -0.0480725 -0.05425998
0.3635 -0.0481094 -0.05447855
0.364 -0.04814889 -0.054688536
0.3645 -0.0481909 -0.054890536
0.365 -0.04823537 -0.05508513
0.3655 -0.04828224 -0.05527281
0.366 -0.04833144 -0.055453993
0.3665 -0.04838292 -0.055629082
0.367 -0.0484366 -0.055798434
0.3675 -0.04849242 -0.05596236
0.368 -0.04855033 -0.05612117
0.3685 -0.04861026 -0.056275085
0.369 -0.04867215 -0.05642435
0.3695 -0.04873595 -0.05656918
0.37 -0.04880158 -0.056709774
0.3705 -0.04886899 -0.05684629
0.371 -0.04893813 -0.056978904
0.3715 -0.04900893 -0.057107754
0.372 -0.04908134 -0.057233
0.3725 -0.0491553 -0.05735474
0.373 -0.04923076 -0.057473116
0.3735 -0.04930765 -0.057588242
0.374 -0.04938593 -0.057700202
0.3745 -0.04946555 -0.057809114
0.375 -0.04954644 -0.057915054
0.3755 -0.04962856 -0.058018133
0.376 -0.04971186 -0.058118425
0.3765 -0.04979629 -0.058216028
0.377 -0.04988179 -0.058310978
0.3775 -0.04996833 -0.05840338
0.378 -0.05005584 -0.058493294
0.3785 -0.05014429 -0.05858081
0.379 -0.05023363 -0.05866594
0.3795 -0.05032381 -0.05874882
0.38 -0.0504148 -0.05882947
0.3805 -0.05050654 -0.05890795
0.381 -0.05059899 -0.058984317
0.3815 -0.05069212 -0.05905863
0.382 -0.05078588 -0.05913095
0.3825 -0.05088024 -0.05920133
0.383 -0.05097514 -0.05926981
0.3835 -0.05107057 -0.059336454
0.384 -0.05116647 -0.05940129
0.3845 -0.05126281 -0.059464395
0.385 -0.05135956 -0.059525765
0.3855 -0.05145669 -0.05958549
0.386 -0.05155415 -0.059643604
0.3865 -0.05165191 -0.05970016
0.387 -0.05174995 -0.05975517
0.3875 -0.05184823 -0.059808686
0.388 -0.05194672 -0.05986075
0.3885 -0.05204539 -0.059911408
0.389 -0.05214421 -0.059960686
0.3895 -0.05224315 -0.060008608
0.39 -0.05234219 -0.06005525
0.3905 -0.0524413 -0.060100608
0.391 -0.05254045 -0.060144722
0.3915 -0.05263961 -0.060187645
0.392 -0.05273877 -0.060229383
0.3925 -0.0528379 -0.06026999
0.393 -0.05293697 -0.060309477
0.3935 -0.05303596 -0.060347892
0.394 -0.05313485 -0.060385242
0.3945 -0.05323362 -0.06042158
0.395 -0.05333224 -0.060456917
0.3955 -0.05343071 -0.060491286
0.396 -0.05352899 -0.06052471
0.3965 -0.05362707 -0.060557194
0.397 -0.05372493 -0.060588814
0.3975 -0.05382256 -0.060619555
0.398 -0.05391992 -0.060649447
0.3985 -0.05401702 -0.060678497
0.399 -0.05411384 -0.060706757
0.3995 -0.05421034 -0.060734242
0.4 -0.05430654 -0.060760967
0.4005 -0.0544024 -0.060786955
0.401 -0.05449791 -0.060812213
0.4015 -0.05459307 -0.060836792
0.402 -0.05468785 -0.06086068
0.4025 -0.05478225 -0.06088391
0.403 -0.05487625 -0.060906485
0.4035 -0.05496984 -0.06092844
0.404 -0.05506302 -0.060949787
0.4045 -0.05515576 -0.060970537
0.405 -0.05524807 -0.06099072
0.4055 -0.05533992 -0.06101034
0.406 -0.05543132 -0.06102942
0.4065 -0.05552225 -0.06104794
0.407 -0.0556127 -0.061065987
0.4075 -0.05570267 -0.06108351
0.408 -0.05579214 -0.06110055
0.4085 -0.05588112 -0.061117113
0.409 -0.05596959 -0.06113322
0.4095 -0.05605754 -0.061148874
0.41 -0.05614497 -0.06116409
0.4105 -0.05623188 -0.061178885
0.411 -0.05631826 -0.061193265
0.4115 -0.0564041 -0.061207242
0.412 -0.05648939 -0.061220832
0.4125 -0.05657414 -0.06123405
0.413 -0.05665834 -0.061246894
0.4135 -0.05674198 -0.06125938
0.414 -0.05682506 -0.06127152
0.4145 -0.05690758 -0.061283298
0.415 -0.05698953 -0.06129478
0.4155 -0.05707091 -0.061305925
0.416 -0.05715171 -0.06131676
0.4165 -0.05723194 -0.06132728
0.417 -0.0573116 -0.06133753
0.4175 -0.05739067 -0.061347477
0.418 -0.05746916 -0.061357155
0.4185 -0.05754706 -0.061366558
0.419 -0.05762438 -0.061375692
0.4195 -0.05770112 -0.06138458
0.42 -0.05777726 -0.06139321
0.4205 -0.05785281 -0.0614016
0.421 -0.05792778 -0.06140978
0.4215 -0.05800215 -0.06141769
0.422 -0.05807594 -0.061425395
0.4225 -0.05814913 -0.061432898
0.423 -0.05822173 -0.061440177
0.4235 -0.05829374 -0.061447255
0.424 -0.05836515 -0.061454132
0.4245 -0.05843598 -0.061460815
0.425 -0.05850622 -0.061467305
0.4255 -0.05857586 -0.06147363
0.426 -0.05864492 -0.061479755
0.4265 -0.05871339 -0.061485715
0.427 -0.05878128 -0.061491527
0.4275 -0.05884857 -0.06149716
0.428 -0.05891529 -0.061502643
0.4285 -0.05898142 -0.06150797
0.429 -0.05904696 -0.061513133
0.4295 -0.05911193 -0.061518155
0.43 -0.05917632 -0.061523058
0.4305 -0.05924014 -0.061527804
0.431 -0.05930338 -0.06153243
0.4315 -0.05936605 -0.061536916
0.432 -0.05942814 -0.061541274
0.4325 -0.05948967 -0.061545514
0.433 -0.05955063 -0.06154964
0.4335 -0.05961103 -0.061553635
0.434 -0.05967087 -0.061557524
0.4345 -0.05973015 -0.06156131
0.435 -0.05978888 -0.06156499
0.4355 -0.05984705 -0.061568566
0.436 -0.05990467 -0.06157203
0.4365 -0.05996174 -0.061575405
0.437 -0.06001826 -0.061578684
0.4375 -0.06007425 -0.061581872
0.438 -0.06012969 -0.061584957
0.4385 -0.0601846 -0.061587982
0.439 -0.06023898 -0.061590903
0.4395 -0.06029282 -0.061593764
0.44 -0.06034614 -0.061596513
0.4405 -0.06039893 -0.061599217
0.441 -0.0604512 -0.06160181
0.4415 -0.06050295 -0.06160436
0.442 -0.06055419 -0.061606817
0.4425 -0.06060492 -0.061609216
0.443 -0.06065514 -0.06161154
0.4435 -0.06070486 -0.061613813
0.444 -0.06075407 -0.061616004
0.4445 -0.06080279 -0.06161814
0.445 -0.06085101 -0.06162022
0.4455 -0.06089874 -0.061622232
0.446 -0.06094598 -0.0616242
0.4465 -0.06099274 -0.061626114
0.447 -0.06103902 -0.06162797
0.4475 -0.06108482 -0.061629757
0.448 -0.06113014 -0.061631523
0.4485 -0.061175 -0.061633214
0.449 -0.06121939 -0.06163486
0.4495 -0.06126332 -0.06163647
0.45 -0.06130679 -0.061638035
0.4505 -0.0613498 -0.061639555
0.451 -0.06139236 -0.06164103
0.4515 -0.06143447 -0.06164246
0.452 -0.06147613 -0.061643854
0.4525 -0.06151735 -0.06164521
0.453 -0.06155814 -0.06164653
0.4535 -0.06159849 -0.06164781
0.454 -0.06163841 -0.061649054
0.4545 -0.0616779 -0.06165026
0.455 -0.06171697 -0.06165144
0.4555 -0.06175562 -0.06165257
0.456 -0.06179385 -0.06165368
0.4565 -0.06183167 -0.06165476
0.457 -0.06186908 -0.061655805
0.4575 -0.06190608 -0.061656825
0.458 -0.06194268 -0.06165781
0.4585 -0.06197888 -0.061658777
0.459 -0.06201469 -0.0616597
0.4595 -0.0620501 -0.061660603
0.46 -0.06208513 -0.06166149
0.4605 -0.06211977 -0.061662354
0.461 -0.06215403 -0.061663188
0.4615 -0.06218791 -0.061663993
0.462 -0.06222142 -0.061664775
0.4625 -0.06225455 -0.061665557
0.463 -0.06228732 -0.061666287
0.4635 -0.06231972 -0.061667018
0.464 -0.06235177 -0.061667703
0.4645 -0.06238345 -0.061668396
0.465 -0.06241478 -0.061669067
0.4655 -0.06244576 -0.061669707
0.466 -0.0624764 -0.061670333
0.4665 -0.06250668 -0.061670937
0.467 -0.06253663 -0.061671525
0.4675 -0.06256624 -0.0616721
0.468 -0.06259552 -0.06167265
0.4685 -0.06262447 -0.0616732
0.469 -0.06265308 -0.061673723
0.4695 -0.06268138 -0.061674237
0.47 -0.06270935 -0.061674736
0.4705 -0.062737 -0.06167523
0.471 -0.06276434 -0.061675705
0.4715 -0.06279137 -0.061676152
0.472 -0.06281808 -0.061676607
0.4725 -0.0628445 -0.06167704
0.473 -0.0628706 -0.061677463
0.4735 -0.06289641 -0.06167786
0.474 -0.06292193 -0.06167826
0.4745 -0.06294715 -0.06167864
0.475 -0.06297208 -0.061679013
0.4755 -0.06299672 -0.06167937
0.476 -0.06302108 -0.061679736
0.4765 -0.06304515 -0.061680086
0.477 -0.06306895 -0.061680414
0.4775 -0.06309247 -0.06168074
0.478 -0.06311572 -0.061681055
0.4785 -0.06313869 -0.061681367
0.479 -0.0631614 -0.061681665
0.4795 -0.06318385 -0.06168195
0.48 -0.06320603 -0.06168223
0.4805 -0.06322796 -0.0616825
0.481 -0.06324963 -0.06168277
0.4815 -0.06327104 -0.06168303
0.482 -0.0632922 -0.061683275
0.4825 -0.06331312 -0.061683513
0.483 -0.06333379 -0.061683767
0.4835 -0.06335422 -0.06168399
0.484 -0.06337441 -0.061684214
0.4845 -0.06339435 -0.061684422
0.485 -0.06341407 -0.06168463
0.4855 -0.06343355 -0.061684847
0.486 -0.0634528 -0.061685033
0.4865 -0.06347182 -0.061685234
0.487 -0.06349062 -0.06168542
0.4875 -0.0635092 -0.061685614
0.488 -0.06352755 -0.06168578
0.4885 -0.06354569 -0.061685964
0.489 -0.06356361 -0.06168613
0.4895 -0.06358132 -0.061686292
0.49 -0.06359882 -0.061686464
0.4905 -0.06361611 -0.061686613
0.491 -0.0636332 -0.06168676
0.4915 -0.06365007 -0.061686903
0.492 -0.06366675 -0.061687045
0.4925 -0.06368323 -0.061687194
0.493 -0.06369951 -0.061687313
0.4935 -0.0637156 -0.06168744
0.494 -0.06373149 -0.061687574
0.4945 -0.0637472 -0.061687693
0.495 -0.06376271 -0.06168782
0.4955 -0.06377804 -0.061687924
0.496 -0.06379319 -0.061688043
0.4965 -0.06380815 -0.061688155
0.497 -0.06382293 -0.061688267
0.4975 -0.06383753 -0.061688364
0.498 -0.06385196 -0.06168846
0.4985 -0.06386622 -0.061688557
0.499 -0.0638803 -0.061688647
0.4995 -0.06389421 -0.061688744
