0.0 -0.065 -0.020144662
0.0005 -0.06495461 -0.03837847
0.001 -0.06479367 -0.047931425
0.0015 -0.06456662 -0.05237055
0.002 -0.06430806 -0.053737767
0.0025 -0.06403049 -0.053261347
0.003 -0.06373535 -0.051703893
0.0035 -0.06341515 -0.049547367
0.004 -0.06307673 -0.047098197
0.0045 -0.06272516 -0.044550143
0.005 -0.06236124 -0.042023294
0.0055 -0.06198133 -0.03958931
0.006 -0.06157465 -0.037287764
0.0065 -0.06115002 -0.035137363
0.007 -0.0607141 -0.03314317
0.0075 -0.06026823 -0.031301685
0.008 -0.05981169 -0.02960443
0.0085 -0.05934337 -0.02804006
0.009 -0.05886242 -0.026595974
0.0095 -0.05836828 -0.02525928
0.01 -0.05786071 -0.024017492
0.0105 -0.05733965 -0.022858763
0.011 -0.05680521 -0.0217722
0.0115 -0.05625755 -0.020748014
0.012 -0.0556969 -0.019777322
0.0125 -0.05512351 -0.018852258
0.013 -0.05453764 -0.017965892
0.0135 -0.05393937 -0.01711219
0.014 -0.05332882 -0.016285801
0.0145 -0.05270636 -0.015482152
0.015 -0.05207207 -0.014697203
0.0155 -0.0514263 -0.013927514
0.016 -0.05076949 -0.013170103
0.0165 -0.05010206 -0.012422392
0.017 -0.04942434 -0.011682162
0.0175 -0.04873658 -0.010947505
0.018 -0.04803897 -0.010216782
0.0185 -0.04733168 -0.009488637
0.019 -0.04661488 -0.0087618325
0.0195 -0.04588873 -0.008035386
0.02 -0.0451534 -0.007308388
0.0205 -0.04440908 -0.0065801684
0.021 -0.04365773 -0.005850071
0.0215 -0.04290162 -0.0051176045
0.022 -0.04213821 -0.0043823365
0.0225 -0.04136557 -0.0036439244
0.023 -0.04058317 -0.0029020552
0.0235 -0.03979132 -0.0021565054
0.024 -0.03899055 -0.0014071111
0.0245 -0.03818142 -0.00065373816
0.025 -0.03736442 0.00010373257
0.0255 -0.03653992 0.0008653756
0.026 -0.03570827 0.0016312059
0.0265 -0.03487133 0.002401283
0.027 -0.0340289 0.003175592
0.0275 -0.03317986 0.0039540883
0.028 -0.03232398 0.004736757
0.0285 -0.03146137 0.005523538
0.029 -0.03059221 0.0063143875
0.0295 -0.02971674 0.0071092155
0.03 -0.02883516 0.0079079475
0.0305 -0.02794767 0.008710524
0.031 -0.02705436 0.009516856
0.0315 -0.02615543 0.010326823
0.032 -0.0252511 0.01114033
0.0325 -0.02434161 0.011957293
0.033 -0.02342707 0.012777595
0.0335 -0.02250765 0.013601137
0.034 -0.02158353 0.014427809
0.0345 -0.02065474 0.015257521
0.035 -0.01972133 0.016090138
0.0355 -0.01878345 0.016925586
0.036 -0.01784119 0.017763732
0.0365 -0.01689468 0.018604485
0.037 -0.01594402 0.019447712
0.0375 -0.01498932 0.020293353
0.038 -0.01403306 0.021141274
0.0385 -0.01307874 0.021991378
0.039 -0.01212038 0.022843545
0.0395 -0.01115556 0.023697725
0.04 -0.01018448 0.024553796
0.0405 -0.009208024 0.025411626
0.041 -0.008227044 0.02627117
0.0415 -0.007242188 0.027132293
0.042 -0.006253907 0.027994914
0.0425 -0.005262485 0.028858935
0.043 -0.004268104 0.029724276
0.0435 -0.003270895 0.03059089
0.044 -0.002270952 0.031458616
0.0445 -0.001270376 0.03232743
0.045 -0.0002732208 0.03319721
0.0455 0.000725702 0.034067884
0.046 0.001729637 0.03493937
0.0465 0.002738934 0.035811596
0.047 0.00375285 0.03668447
0.0475 0.004770511 0.037557922
0.048 0.005791211 0.038431883
0.0485 0.006812387 0.039306253
0.049 0.007828864 0.04018102
0.0495 0.008846362 0.04105603
0.05 0.009866111 0.04193125
0.0505 0.01087517 0.042806625
0.051 0.01187975 0.0436821
0.0515 0.01289258 0.04455755
0.052 0.0139165 0.045432933
0.0525 0.01494985 0.04630819
0.053 0.01598868 0.047183245
0.0535 0.01702309 0.048058078
0.054 0.01806003 0.048932552
0.0545 0.01910314 0.049806632
0.055 0.02015169 0.05068028
0.0555 0.02120405 0.051553406
0.056 0.02225883 0.05242596
0.0565 0.02331508 0.053297848
0.057 0.02436848 0.054169066
0.0575 0.02541323 0.055039518
0.058 0.02645987 0.055909142
0.0585 0.0275117 0.05677791
0.059 0.02856822 0.05764573
0.0595 0.02962816 0.058512554
0.06 0.03069041 0.05937834
0.0605 0.0317542 0.06024299
0.061 0.03281908 0.06110646
0.0615 0.03388476 0.061968714
0.062 0.03495113 0.0628297
0.0625 0.03601812 0.06368933
0.063 0.03708547 0.06454755
0.0635 0.03814592 0.06540431
0.064 0.03920174 0.06625956
0.0645 0.04026068 0.06711325
0.065 0.04132484 0.067965314
0.0655 0.04239343 0.06881567
0.066 0.04346505 0.069664314
0.0665 0.0445386 0.07051114
0.067 0.04561306 0.07135611
0.0675 0.04667896 0.07219917
0.068 0.04773779 0.073040284
0.0685 0.0487992 0.07387939
0.069 0.04986612 0.07471642
0.0695 0.05093731 0.07555132
0.07 0.05201186 0.07638402
0.0705 0.05308899 0.07721452
0.071 0.05416794 0.07804271
0.0715 0.05524806 0.07886855
0.072 0.05632892 0.07969197
0.0725 0.05741025 0.08051294
0.073 0.05849189 0.08133141
0.0735 0.05957375 0.08214731
0.074 0.06065582 0.0829606
0.0745 0.06173808 0.08377122
0.075 0.06282055 0.0845791
0.0755 0.06390296 0.085384265
0.076 0.06496412 0.08618656
0.0765 0.0660093 0.08698598
0.077 0.06706161 0.08778255
0.0775 0.06812691 0.08857613
0.078 0.06920327 0.08936664
0.0785 0.0702871 0.09015411
0.079 0.07137531 0.09093846
0.0795 0.07246574 0.091719694
0.08 0.07355706 0.092497654
0.0805 0.07464849 0.093272395
0.081 0.07573966 0.09404381
0.0815 0.07683039 0.09481194
0.082 0.07792066 0.0955766
0.0825 0.07901049 0.09633795
0.083 0.08009995 0.09709575
0.0835 0.08118911 0.09785012
0.084 0.08227792 0.09860086
0.0845 0.08336626 0.099348016
0.085 0.08445426 0.100091554
0.0855 0.08554211 0.10083147
0.086 0.08662993 0.10156768
0.0865 0.08771773 0.10230016
0.087 0.08880549 0.103028886
0.0875 0.08989329 0.10375381
0.088 0.09098116 0.104474895
0.0885 0.09206913 0.10519218
0.089 0.09315718 0.1059056
0.0895 0.0942453 0.106615044
0.09 0.09533355 0.1073206
0.0905 0.09642195 0.108022176
0.091 0.09750758 0.10871986
0.0915 0.098576 0.1094135
0.092 0.09963895 0.11010312
0.0925 0.100708 0.110788725
0.093 0.1017854 0.11147026
0.0935 0.1028696 0.112147786
0.094 0.1039583 0.112821184
0.0945 0.1050495 0.113490544
0.095 0.1061421 0.11415575
0.0955 0.107235 0.11481682
0.096 0.1083279 0.115473874
0.0965 0.1094205 0.11612675
0.097 0.1105127 0.116775475
0.0975 0.1116044 0.117420085
0.098 0.112695 0.11806058
0.0985 0.1137845 0.118696906
0.099 0.1148731 0.11932915
0.0995 0.1159609 0.11995717
0.1 0.1170481 0.091559924
0.1005 0.1067766 0.08025353
0.101 0.09579506 0.076316334
0.1015 0.08930013 0.07550733
0.102 0.08549803 0.0758902
0.1025 0.08297392 0.07657317
0.103 0.08103284 0.07716095
0.1035 0.07936781 0.07749959
0.104 0.07784648 0.07755175
0.1045 0.0764114 0.077333786
0.105 0.07503696 0.076883905
0.1055 0.07370937 0.076246195
0.106 0.07242319 0.075462975
0.1065 0.07117738 0.07457162
0.107 0.06997096 0.07360354
0.1075 0.06880295 0.072584376
0.108 0.06767256 0.07153475
0.1085 0.06657913 0.07047085
0.109 0.06552215 0.06940549
0.1095 0.0645012 0.06834859
0.11 0.06351591 0.06730788
0.1105 0.06256594 0.06628948
0.111 0.061651 0.06529807
0.1115 0.06077079 0.064337395
0.112 0.05992501 0.063410394
0.1125 0.0591134 0.06251948
0.113 0.05833565 0.061666496
0.1135 0.05759148 0.06085304
0.114 0.0568805 0.060080342
0.1145 0.0562024 0.05934947
0.115 0.05555697 0.05866129
0.1155 0.05494394 0.058016486
0.116 0.05436302 0.057415627
0.1165 0.05381391 0.056859143
0.117 0.05329629 0.056347407
0.1175 0.05280984 0.055880643
0.118 0.05235424 0.055459
0.1185 0.05192907 0.055082552
0.119 0.05153383 0.0547513
0.1195 0.05116825 0.054465137
0.12 0.05083213 0.054223888
0.1205 0.05052521 0.054027267
0.121 0.05024722 0.05387499
0.1215 0.04999782 0.05376666
0.122 0.04977642 0.053701796
0.1225 0.0495789 0.05367992
0.123 0.04940559 0.053700365
0.1235 0.04925977 0.053762592
0.124 0.04914265 0.053865828
0.1245 0.04905386 0.054009356
0.125 0.04899266 0.054192342
0.1255 0.04895829 0.054413952
0.126 0.04895003 0.05467338
0.1265 0.04896729 0.054969706
0.127 0.04900955 0.055301853
0.1275 0.04907635 0.055668928
0.128 0.04916729 0.056069918
0.1285 0.04928199 0.05650378
0.129 0.0494201 0.05696956
0.1295 0.04958128 0.057466067
0.13 0.04976521 0.057992376
0.1305 0.04997156 0.058547355
0.131 0.05020011 0.0591299
0.1315 0.05045052 0.05973897
0.132 0.05072247 0.060373463
0.1325 0.05101565 0.061032332
0.133 0.05132977 0.06171442
0.1335 0.05166445 0.062418856
0.134 0.05201937 0.06314442
0.1345 0.05239419 0.06389011
0.135 0.05278862 0.064654924
0.1355 0.05320237 0.06543789
0.136 0.05363514 0.066237934
0.1365 0.05408607 0.06705422
0.137 0.0545537 0.067885645
0.1375 0.05503927 0.068731286
0.138 0.05554317 0.06959037
0.1385 0.05606523 0.07046188
0.139 0.05660515 0.07134489
0.1395 0.05716256 0.07223866
0.14 0.05773712 0.07314224
0.1405 0.05832848 0.074054904
0.141 0.0589361 0.074975856
0.1415 0.05955807 0.07590426
0.142 0.06017781 0.076839454
0.1425 0.0608015 0.07778061
0.143 0.06144361 0.078727074
0.1435 0.06210873 0.079678185
0.144 0.06279064 0.08063305
0.1445 0.06348553 0.081591345
0.145 0.06419774 0.0825522
0.1455 0.06492932 0.083515085
0.146 0.06567978 0.0844794
0.1465 0.06644535 0.08544452
0.147 0.06722332 0.086409785
0.1475 0.06801601 0.08737484
0.148 0.06882407 0.0883391
0.1485 0.06964696 0.08930195
0.149 0.07048381 0.09026299
0.1495 0.07133379 0.09122164
0.15 0.07219627 0.09217549
0.1505 0.07306059 0.092928864
0.151 0.07387808 0.09352607
0.1515 0.07456437 0.09400002
0.152 0.07520713 0.09437523
0.1525 0.07585648 0.094670124
0.153 0.07651971 0.094899155
0.1535 0.077189 0.09507347
0.154 0.07785462 0.09520183
0.1545 0.07850893 0.095291235
0.155 0.07914692 0.09534732
0.1555 0.07976561 0.09537462
0.156 0.08036156 0.09537683
0.1565 0.08090849 0.09535725
0.157 0.08142326 0.095318265
0.1575 0.08192096 0.09526212
0.158 0.08239969 0.09519068
0.1585 0.08286415 0.09510542
0.159 0.08331733 0.095007695
0.1595 0.08375812 0.09489862
0.16 0.08418394 0.09477935
0.1605 0.08459243 0.094650574
0.161 0.08498007 0.094513066
0.1615 0.08534284 0.09436754
0.162 0.08568346 0.094214566
0.1625 0.08600461 0.09405465
0.163 0.08630704 0.09388841
0.1635 0.08659052 0.09371618
0.164 0.08685447 0.09353835
0.1645 0.08709846 0.093355395
0.165 0.08732224 0.09316755
0.1655 0.0875257 0.09297515
0.166 0.08770885 0.09277842
0.1665 0.08787174 0.09257776
0.167 0.08800068 0.09237326
0.1675 0.08808063 0.0921653
0.168 0.08814336 0.09195391
0.1685 0.08820048 0.09173948
0.169 0.08825146 0.091522135
0.1695 0.08829248 0.091302015
0.17 0.08831986 0.09107927
0.1705 0.0883309 0.090854116
0.171 0.08832387 0.090626575
0.1715 0.08829779 0.09039689
0.172 0.0882523 0.09016506
0.1725 0.0881874 0.08993123
0.173 0.08810321 0.08969561
0.1735 0.08799993 0.089458086
0.174 0.08787779 0.08921886
0.1745 0.08773701 0.08897797
0.175 0.08757783 0.08873553
0.1755 0.08740047 0.08849148
0.176 0.08720516 0.088245876
0.1765 0.08699211 0.087998815
0.177 0.08676152 0.08775029
0.1775 0.0865136 0.08750028
0.178 0.08624853 0.08724881
0.1785 0.08596651 0.08699591
0.179 0.08566768 0.086741544
0.1795 0.08535214 0.08648569
0.18 0.08502013 0.08622832
0.1805 0.08467185 0.085969396
0.181 0.08430752 0.08570892
0.1815 0.0839273 0.08544681
0.182 0.08353137 0.08518302
0.1825 0.0831199 0.08491751
0.183 0.08269306 0.08465021
0.1835 0.08225101 0.08438099
0.184 0.08179392 0.084109865
0.1845 0.08132196 0.0838367
0.185 0.0808353 0.0835614
0.1855 0.0803341 0.08328385
0.186 0.07981853 0.083004065
0.1865 0.07928876 0.08272185
0.187 0.07874494 0.08243709
0.1875 0.07818725 0.08214969
0.188 0.07761584 0.08185951
0.1885 0.07703089 0.081566446
0.189 0.07643255 0.08127039
0.1895 0.07582098 0.08097122
0.19 0.07519635 0.080668785
0.1905 0.07455881 0.08036297
0.191 0.07390853 0.08005362
0.1915 0.07324565 0.07974059
0.192 0.07257034 0.07942376
0.1925 0.07188275 0.079102956
0.193 0.07118304 0.07877807
0.1935 0.07047135 0.078448944
0.194 0.06974785 0.078115396
0.1945 0.06901267 0.077777304
0.195 0.06826598 0.07743453
0.1955 0.06750792 0.07708689
0.196 0.06673863 0.07673425
0.1965 0.06595826 0.076376475
0.197 0.06516696 0.07601341
0.1975 0.06436487 0.075644866
0.198 0.06355213 0.075270735
0.1985 0.06272889 0.07489081
0.199 0.06189527 0.07450498
0.1995 0.06105142 0.07411311
0.2 0.06019747 0.10453204
0.2005 0.05932487 0.117889516
0.201 0.0584489 0.12063261
0.2015 0.0576041 0.11817511
0.202 0.05679388 0.11392053
0.2025 0.05601211 0.109540366
0.203 0.05525293 0.10564502
0.2035 0.05451263 0.102336206
0.204 0.05378925 0.099528156
0.2045 0.05308193 0.09709572
0.205 0.05239039 0.09492961
0.2055 0.05171467 0.09294865
0.206 0.05105492 0.09109751
0.2065 0.05041137 0.08934028
0.207 0.04978427 0.087654494
0.2075 0.04917385 0.08602653
0.208 0.04858034 0.084448226
0.2085 0.04800396 0.082915284
0.209 0.0474449 0.08142536
0.2095 0.04690335 0.079977326
0.21 0.04637947 0.07857107
0.2105 0.0458734 0.07720683
0.211 0.04538529 0.07588499
0.2115 0.04491524 0.07460619
0.212 0.04446338 0.07337103
0.2125 0.04402978 0.0721801
0.213 0.04361452 0.07103407
0.2135 0.04321768 0.06993335
0.214 0.04283931 0.06887848
0.2145 0.04247944 0.06786973
0.215 0.04213792 0.06690741
0.2155 0.04181345 0.06599172
0.216 0.04150713 0.06512278
0.2165 0.04122002 0.064300604
0.217 0.04095229 0.06352512
0.2175 0.04070372 0.06279609
0.218 0.04047404 0.062113337
0.2185 0.04026258 0.061476506
0.219 0.04006605 0.06088517
0.2195 0.03988567 0.060338862
0.22 0.03972411 0.05983699
0.2205 0.03958242 0.059378907
0.221 0.03946053 0.05896391
0.2215 0.039358 0.05859123
0.222 0.03927443 0.058260046
0.2225 0.03920946 0.05796942
0.223 0.03916276 0.05771848
0.2235 0.03913405 0.05750621
0.224 0.03912314 0.057331637
0.2245 0.03912987 0.05719366
0.225 0.03915412 0.05709122
0.2255 0.03919577 0.05702319
0.226 0.03925474 0.056988455
0.2265 0.03933091 0.056985885
0.227 0.03942418 0.05701428
0.2275 0.03953446 0.057072483
0.228 0.03966162 0.057159334
0.2285 0.03980557 0.057273656
0.229 0.03996617 0.057414256
0.2295 0.04014331 0.05758
0.23 0.04033687 0.057769686
0.2305 0.04054676 0.05798216
0.231 0.0407729 0.05821629
0.2315 0.04101513 0.058470942
0.232 0.04127329 0.058745004
0.2325 0.0415472 0.059037365
0.233 0.04183672 0.059346944
0.2335 0.04214171 0.059672713
0.234 0.04246203 0.060013585
0.2345 0.04279754 0.060368553
0.235 0.04314814 0.06073662
0.2355 0.04351373 0.061116815
0.236 0.04389414 0.061508156
0.2365 0.04428921 0.061909743
0.237 0.04469879 0.06232065
0.2375 0.04512271 0.06273999
0.238 0.04556084 0.063166894
0.2385 0.04601296 0.06360052
0.239 0.04647875 0.06404002
0.2395 0.04695813 0.06448464
0.24 0.04745114 0.06493357
0.2405 0.04795775 0.06538607
0.241 0.04847788 0.06584145
0.2415 0.04901136 0.066298954
0.242 0.04955803 0.066757895
0.2425 0.05011773 0.0672176
0.243 0.05069027 0.067677446
0.2435 0.05127551 0.068136804
0.244 0.0518733 0.068595044
0.2445 0.05248348 0.069051646
0.245 0.05310592 0.06950597
0.2455 0.05374049 0.06995747
0.246 0.05438704 0.07040567
0.2465 0.05504544 0.07085005
0.247 0.05571555 0.07129007
0.2475 0.05639705 0.0717253
0.248 0.05708624 0.07215526
0.2485 0.05778274 0.07257957
0.249 0.05848971 0.07299774
0.2495 0.0592089 0.073409386
0.25 0.05994073 0.07381401
0.2505 0.06067483 0.07420973
0.251 0.06136447 0.07464338
0.2515 0.06199756 0.07512777
0.252 0.06259217 0.07566012
0.2525 0.06316229 0.0762314
0.253 0.06371398 0.07683084
0.2535 0.06424892 0.07744805
0.254 0.06476699 0.07807381
0.2545 0.06526758 0.07870027
0.255 0.06575003 0.07932115
0.2555 0.06621383 0.079931326
0.256 0.06665859 0.08052688
0.2565 0.067084 0.0811047
0.257 0.06748988 0.08166254
0.2575 0.06787606 0.08219852
0.258 0.06824243 0.082711466
0.2585 0.06858891 0.0832004
0.259 0.06891543 0.08366471
0.2595 0.06922194 0.084103905
0.26 0.06950842 0.084517784
0.2605 0.06977483 0.08490611
0.261 0.07002118 0.08526883
0.2615 0.07024747 0.08560595
0.262 0.07045369 0.08591753
0.2625 0.07063989 0.086203635
0.263 0.07080609 0.08646436
0.2635 0.07095232 0.086699836
0.264 0.07107865 0.08691026
0.2645 0.07118512 0.08709571
0.265 0.0712718 0.08725634
0.2655 0.07133758 0.08739237
0.266 0.07137956 0.08750392
0.2665 0.0714001 0.08759119
0.267 0.07140199 0.087654315
0.2675 0.07138629 0.08769352
0.268 0.07135219 0.08770896
0.2685 0.07129948 0.08770084
0.269 0.0712287 0.08766931
0.2695 0.07114002 0.08761461
0.27 0.07103336 0.087536894
0.2705 0.07090857 0.08743635
0.271 0.07076557 0.0873132
0.2715 0.07060434 0.08716765
0.272 0.07042494 0.08699989
0.2725 0.07022746 0.08681014
0.273 0.07001204 0.08659861
0.2735 0.06977883 0.08636552
0.274 0.06952798 0.086111076
0.2745 0.06925966 0.08583551
0.275 0.06897405 0.085539035
0.2755 0.06867131 0.08522187
0.276 0.06835161 0.08488428
0.2765 0.06801514 0.08452648
0.277 0.06766205 0.08414871
0.2775 0.06729252 0.083751194
0.278 0.06690672 0.08333419
0.2785 0.06650483 0.082897924
0.279 0.06608702 0.08244266
0.2795 0.06565345 0.08196863
0.28 0.06520431 0.08147611
0.2805 0.06473975 0.0809653
0.281 0.06425997 0.080436535
0.2815 0.06376512 0.079889975
0.282 0.06325538 0.07932594
0.2825 0.06273092 0.07874467
0.283 0.06219191 0.078146435
0.2835 0.06163852 0.077531494
0.284 0.06107093 0.07690009
0.2845 0.0604893 0.07625254
0.285 0.05989381 0.07558907
0.2855 0.05928461 0.074909955
0.286 0.05866189 0.074215464
0.2865 0.0580258 0.07350588
0.287 0.05737652 0.07278146
0.2875 0.0567142 0.0720425
0.288 0.05603902 0.07128922
0.2885 0.05535114 0.07052196
0.289 0.05465071 0.069740914
0.2895 0.05393791 0.06894646
0.29 0.05321288 0.0681388
0.2905 0.0524758 0.06731825
0.291 0.05172681 0.066485085
0.2915 0.05096608 0.06563952
0.292 0.05019376 0.06478193
0.2925 0.04941001 0.06391255
0.293 0.04861497 0.063031636
0.2935 0.0478088 0.06213955
0.294 0.04699164 0.06123642
0.2945 0.04616366 0.06032277
0.295 0.04532499 0.059398673
0.2955 0.04447578 0.058464535
0.296 0.04361618 0.05752059
0.2965 0.04274633 0.0565672
0.297 0.04186636 0.055604495
0.2975 0.04097643 0.054632954
0.298 0.04007666 0.05365274
0.2985 0.0391672 0.052664228
0.299 0.03824818 0.051667638
0.2995 0.03731974 0.05066336
0.3 0.036382 0.026407441
0.3005 0.03542863 0.01851738
0.301 0.03449672 0.016583947
0.3015 0.03361281 0.016897334
0.302 0.03276734 0.017978365
0.3025 0.03194987 0.019207587
0.303 0.0311543 0.02032961
0.3035 0.03037766 0.02125167
0.304 0.02961869 0.021954764
0.3045 0.02887696 0.0224522
0.305 0.02815243 0.02276973
0.3055 0.02744519 0.022936087
0.306 0.02675544 0.02297861
0.3065 0.02608337 0.02292159
0.307 0.02542918 0.022785751
0.3075 0.02479306 0.022588471
0.308 0.02417518 0.022344166
0.3085 0.02357571 0.022064762
0.309 0.0229948 0.021760164
0.3095 0.02243257 0.021438656
0.31 0.02188914 0.021107195
0.3105 0.02136462 0.020771703
0.311 0.02085908 0.020437254
0.3115 0.02037262 0.020108258
0.312 0.01990528 0.01978851
0.3125 0.01945712 0.019481381
0.313 0.01902818 0.019189773
0.3135 0.01861848 0.01891627
0.314 0.01822804 0.018663084
0.3145 0.01785687 0.018432198
0.315 0.01750496 0.018225228
0.3155 0.01717231 0.018043643
0.316 0.01685888 0.017888581
0.3165 0.01656466 0.017761072
0.317 0.01628961 0.017661875
0.3175 0.01603369 0.017591497
0.318 0.01579683 0.0175504
0.3185 0.01557899 0.017538792
0.319 0.0153801 0.017556747
0.3195 0.01520009 0.017604223
0.32 0.01503889 0.017681023
0.3205 0.01489641 0.017786836
0.321 0.01477257 0.0179212
0.3215 0.01466727 0.018083623
0.322 0.01458043 0.018273538
0.3225 0.01451194 0.018490216
0.323 0.0144617 0.018732926
0.3235 0.0144296 0.019000819
0.324 0.01441553 0.01929303
0.3245 0.01441938 0.019608757
0.325 0.01444102 0.019946923
0.3255 0.01447962 0.020306623
0.326 0.01453208 0.020686781
0.3265 0.01459975 0.02108646
0.327 0.01468563 0.021504557
0.3275 0.01479065 0.021940058
0.328 0.01491448 0.022391906
0.3285 0.01505642 0.022859043
0.329 0.01521584 0.02334044
0.3295 0.01539224 0.023835039
0.33 0.01558527 0.024341797
0.3305 0.01579468 0.024859672
0.331 0.01602025 0.02538774
0.3315 0.01626181 0.025924867
0.332 0.01651901 0.0264701
0.3325 0.01679172 0.027022546
0.333 0.01707993 0.02758128
0.3335 0.0173836 0.028145289
0.334 0.01770267 0.028713679
0.3345 0.01803701 0.029285615
0.335 0.01838642 0.029860234
0.3355 0.01875067 0.03043667
0.336 0.01912966 0.03101418
0.3365 0.0195233 0.03159193
0.337 0.0199315 0.03216908
0.3375 0.02035415 0.03274507
0.338 0.02079119 0.033319034
0.3385 0.02124243 0.033890374
0.339 0.02170765 0.034458436
0.3395 0.02218665 0.035022475
0.34 0.02267924 0.035581924
0.3405 0.02318529 0.036136217
0.341 0.02370472 0.036684938
0.3415 0.02423735 0.03722722
0.342 0.02478298 0.0377628
0.3425 0.02534144 0.038291074
0.343 0.02591257 0.038811572
0.3435 0.02649623 0.039323844
0.344 0.02709229 0.039827473
0.3445 0.02770062 0.040322073
0.345 0.02832109 0.040807165
0.3455 0.02895358 0.041282482
0.346 0.02959794 0.041747577
0.3465 0.03025406 0.042202212
0.347 0.0309218 0.042646028
0.3475 0.03160102 0.043078728
0.348 0.03229161 0.043499984
0.3485 0.03299341 0.043909587
0.349 0.03370631 0.0443073
0.3495 0.03443017 0.044692792
0.35 0.03516487 0.0450672
0.3505 0.03590008 0.04554782
0.351 0.03659359 0.046100326
0.3515 0.03723743 0.046701737
0.352 0.03784325 0.04733766
0.3525 0.03842087 0.04799939
0.353 0.03897565 0.048681743
0.3535 0.0395101 0.04938156
0.354 0.04002524 0.050096847
0.3545 0.04052139 0.05082599
0.355 0.04099858 0.051567234
0.3555 0.04145663 0.052318938
0.356 0.04189539 0.053079166
0.3565 0.04231473 0.05384592
0.357 0.04271266 0.054616787
0.3575 0.04308609 0.05538959
0.358 0.04343811 0.056161948
0.3585 0.04377156 0.056931503
0.359 0.04408725 0.05769611
0.3595 0.04438492 0.058453448
0.36 0.04466397 0.059201516
0.3605 0.04492388 0.059938468
0.361 0.04516424 0.060662486
0.3615 0.04538479 0.06137202
0.362 0.04558538 0.06206567
0.3625 0.04576594 0.06274197
0.363 0.04592645 0.0633998
0.3635 0.04606692 0.064038284
0.364 0.0461874 0.064656295
0.3645 0.04628794 0.06525309
0.365 0.04636861 0.065828
0.3655 0.04642949 0.06638039
0.366 0.04647068 0.06690968
0.3665 0.04649225 0.06741545
0.367 0.04649432 0.0678973
0.3675 0.04647699 0.06835491
0.368 0.04644038 0.068788
0.3685 0.04638459 0.06919623
0.369 0.04630976 0.06957952
0.3695 0.04621601 0.069937564
0.37 0.04610346 0.07027037
0.3705 0.04597226 0.07057763
0.371 0.04582255 0.07085941
0.3715 0.04565447 0.07111556
0.372 0.04546815 0.07134605
0.3725 0.04526376 0.071550824
0.373 0.04504145 0.07172982
0.3735 0.04480137 0.07188303
0.374 0.04454368 0.072010525
0.3745 0.04426853 0.07211224
0.375 0.0439761 0.07218812
0.3755 0.04366654 0.072238214
0.376 0.04334001 0.07226265
0.3765 0.0429967 0.07226134
0.377 0.04263676 0.072234415
0.3775 0.04226036 0.0721818
0.378 0.04186768 0.07210369
0.3785 0.04145889 0.071999975
0.379 0.04103415 0.07187074
0.3795 0.04059365 0.07171614
0.38 0.04013754 0.071536176
0.3805 0.03966602 0.07133088
0.381 0.03917924 0.07110039
0.3815 0.03867739 0.07084476
0.382 0.03816063 0.07056404
0.3825 0.03762914 0.07025837
0.383 0.0370831 0.06992776
0.3835 0.03652267 0.06957234
0.384 0.03594802 0.06919221
0.3845 0.03535934 0.06878745
0.385 0.03475678 0.068358146
0.3855 0.03414052 0.06790442
0.386 0.03351074 0.06742636
0.3865 0.03286759 0.0669241
0.387 0.03221124 0.06639769
0.3875 0.03154187 0.065847285
0.388 0.03085964 0.065272994
0.3885 0.03016471 0.06467491
0.389 0.02945725 0.06405317
0.3895 0.02873742 0.063407876
0.39 0.02800538 0.062739156
0.3905 0.02726129 0.062047087
0.391 0.02650531 0.06133184
0.3915 0.0257376 0.06059351
0.392 0.02495832 0.059832208
0.3925 0.02416762 0.059048086
0.393 0.02336565 0.058241196
0.3935 0.02255257 0.057411715
0.394 0.02172852 0.056559727
0.3945 0.02089367 0.055685364
0.395 0.02004815 0.0547887
0.3955 0.01919211 0.05386989
0.396 0.0183257 0.052929
0.3965 0.01744906 0.051966146
0.397 0.01656234 0.050981447
0.3975 0.01566567 0.049974978
0.398 0.0147592 0.048946843
0.3985 0.01384305 0.047897115
0.399 0.01291738 0.0468259
0.3995 0.01198231 0.045733258
0.4 0.01103798 0.04461927
0.4005 0.01008961 0.04342056
0.401 0.009158257 0.042201366
0.4015 0.008247976 0.040994577
0.402 0.007353064 0.039814197
0.4025 0.006468747 0.038663633
0.403 0.005592429 0.03754077
0.4035 0.004722935 0.036441155
0.404 0.00385981 0.035359696
0.4045 0.003002941 0.034291543
0.405 0.002152366 0.033232607
0.4055 0.001308182 0.03217955
0.406 0.0004705125 0.031129854
0.4065 -0.0003605165 0.030081695
0.407 -0.001184781 0.029033843
0.4075 -0.002002162 0.027985524
0.408 -0.002812551 0.026936341
0.4085 -0.003615848 0.025886163
0.409 -0.004411959 0.024835031
0.4095 -0.005200802 0.023783155
0.41 -0.005982302 0.022730844
0.4105 -0.006756391 0.021678442
0.411 -0.007523011 0.020626375
0.4115 -0.008282108 0.019575043
0.412 -0.00903364 0.018524874
0.4125 -0.009777566 0.017476287
0.413 -0.01051386 0.0164297
0.4135 -0.01124248 0.015385513
0.414 -0.01196343 0.014344127
0.4145 -0.01267668 0.013305886
0.415 -0.01338222 0.012271158
0.4155 -0.01408005 0.011240261
0.416 -0.01477018 0.010213524
0.4165 -0.01545259 0.009191245
0.417 -0.01612732 0.0081737
0.4175 -0.01679435 0.0071611535
0.418 -0.01745373 0.006153865
0.4185 -0.01810545 0.005152069
0.419 -0.01874956 0.004155988
0.4195 -0.01938607 0.003165841
0.42 -0.02001502 0.0021818336
0.4205 -0.02063643 0.0012041368
0.421 -0.02125035 0.00023295544
0.4215 -0.02185681 -0.00073157065
0.422 -0.02245586 -0.0016892496
0.4225 -0.02304752 -0.0026399326
0.423 -0.02363186 -0.003583489
0.4235 -0.02420892 -0.004519757
0.424 -0.02477874 -0.005448617
0.4245 -0.02534138 -0.006369941
0.425 -0.02589689 -0.0072836075
0.4255 -0.02644531 -0.0081894975
0.426 -0.02698671 -0.009087505
0.4265 -0.02752115 -0.009977514
0.427 -0.02804867 -0.010859434
0.4275 -0.02856934 -0.011733174
0.428 -0.02908322 -0.012598636
0.4285 -0.02959036 -0.0134557225
0.429 -0.03009083 -0.014304366
0.4295 -0.03058469 -0.015144488
0.43 -0.031072 -0.015975993
0.4305 -0.03155283 -0.016798818
0.431 -0.03202723 -0.017612895
0.4315 -0.03249527 -0.018418165
0.432 -0.03295702 -0.019214557
0.4325 -0.03341254 -0.020002028
0.433 -0.03386189 -0.020780506
0.4335 -0.03430514 -0.021549957
0.434 -0.03474236 -0.022310318
0.4345 -0.03517361 -0.023061568
0.435 -0.03559895 -0.023803646
0.4355 -0.03601845 -0.02453653
0.436 -0.03643218 -0.025260175
0.4365 -0.03684021 -0.025974574
0.437 -0.03724259 -0.026679674
0.4375 -0.03763939 -0.027375469
0.438 -0.03803068 -0.028061943
0.4385 -0.03841653 -0.028739085
0.439 -0.03879699 -0.029406877
0.4395 -0.03917213 -0.030065307
0.44 -0.03954202 -0.030714395
0.4405 -0.03990671 -0.031354107
0.441 -0.04026629 -0.031984493
0.4415 -0.04062079 -0.03260553
0.442 -0.0409703 -0.03321723
0.4425 -0.04131487 -0.033819623
0.443 -0.04165456 -0.034412734
0.4435 -0.04198944 -0.034996554
0.444 -0.04231957 -0.03557115
0.4445 -0.042645 -0.036136545
0.445 -0.04296581 -0.03669276
0.4455 -0.04328204 -0.037239842
0.446 -0.04359376 -0.03777782
0.4465 -0.04390103 -0.038306758
0.447 -0.0442039 -0.038826697
0.4475 -0.04450243 -0.039337695
0.448 -0.04479669 -0.03983979
0.4485 -0.04508673 -0.040333055
0.449 -0.0453726 -0.040817536
0.4495 -0.04565436 -0.041293316
0.45 -0.04593206 -0.041760445
0.4505 -0.04620577 -0.042219013
0.451 -0.04647553 -0.04266908
0.4515 -0.0467414 -0.043110713
0.452 -0.04700343 -0.043544024
0.4525 -0.04726168 -0.043969043
0.453 -0.04751619 -0.044385873
0.4535 -0.04776702 -0.04479462
0.454 -0.04801422 -0.04519535
0.4545 -0.04825784 -0.04558815
0.455 -0.04849793 -0.045973122
0.4555 -0.04873454 -0.046350338
0.456 -0.04896772 -0.04671991
0.4565 -0.04919751 -0.04708191
0.457 -0.04942396 -0.04743647
0.4575 -0.04964713 -0.04778365
0.458 -0.04986705 -0.04812357
0.4585 -0.05008377 -0.048456326
0.459 -0.05029734 -0.048782013
0.4595 -0.05050781 -0.049100734
0.46 -0.05071521 -0.049412593
0.4605 -0.05091959 -0.049717702
0.461 -0.05112099 -0.050016135
0.4615 -0.05131947 -0.050308026
0.462 -0.05151505 -0.050593458
0.4625 -0.05170778 -0.050872557
0.463 -0.0518977 -0.051145397
0.4635 -0.05208485 -0.05141209
0.464 -0.05226927 -0.05167275
0.4645 -0.05245101 -0.051927485
0.465 -0.05263009 -0.05217638
0.4655 -0.05280657 -0.052419543
0.466 -0.05298047 -0.05265709
0.4665 -0.05315183 -0.052889116
0.467 -0.05332069 -0.05311571
0.4675 -0.05348709 -0.053337
0.468 -0.05365107 -0.05355306
0.4685 -0.05381265 -0.053763993
0.469 -0.05397187 -0.053969897
0.4695 -0.05412877 -0.054170884
0.47 -0.05428339 -0.05436705
0.4705 -0.05443574 -0.05455848
0.471 -0.05458588 -0.054745264
0.4715 -0.05473383 -0.05492752
0.472 -0.05487962 -0.055105314
0.4725 -0.05502328 -0.05527875
0.473 -0.05516485 -0.05544793
0.4735 -0.05530436 -0.055612937
0.474 -0.05544183 -0.05577384
0.4745 -0.0555773 -0.05593074
0.475 -0.0557108 -0.056083754
0.4755 -0.05584235 -0.056232914
0.476 -0.05597199 -0.056378342
0.4765 -0.05609974 -0.056520104
0.477 -0.05622563 -0.056658275
0.4775 -0.05634969 -0.056792952
0.478 -0.05647194 -0.05692421
0.4785 -0.05659241 -0.05705212
0.479 -0.05671113 -0.05717676
0.4795 -0.05682813 -0.05729823
0.48 -0.05694343 -0.05741656
0.4805 -0.05705705 -0.05753184
0.481 -0.05716902 -0.05764415
0.4815 -0.05727936 -0.057753555
0.482 -0.0573881 -0.05786012
0.4825 -0.05749526 -0.05796393
0.483 -0.05760087 -0.058065027
0.4835 -0.05770495 -0.05816347
0.484 -0.05780752 -0.05825936
0.4845 -0.0579086 -0.05835271
0.485 -0.05800821 -0.05844362
0.4855 -0.05810639 -0.05853214
0.486 -0.05820314 -0.05861833
0.4865 -0.05829849 -0.058702253
0.487 -0.05839246 -0.05878394
0.4875 -0.05848507 -0.058863476
0.488 -0.05857634 -0.058940887
0.4885 -0.0586663 -0.059016243
0.489 -0.05875495 -0.059089594
0.4895 -0.05884233 -0.059160985
0.49 -0.05892844 -0.059230477
0.4905 -0.05901331 -0.05929809
0.491 -0.05909695 -0.059363924
0.4915 -0.05917939 -0.05942797
0.492 -0.05926064 -0.059490286
0.4925 -0.05934072 -0.05955094
0.493 -0.05941965 -0.059609957
0.4935 -0.05949744 -0.059667386
0.494 -0.05957411 -0.059723265
0.4945 -0.05964968 -0.059777625
0.495 -0.05972416 -0.05983051
0.4955 -0.05979758 -0.059881963
0.496 -0.05986993 -0.05993203
0.4965 -0.05994125 -0.059980728
0.497 -0.06001155 -0.060028113
0.4975 -0.06008084 -0.060074203
0.498 -0.06014913 -0.06011904
0.4985 -0.06021644 -0.06016264
0.499 -0.06028279 -0.060205065
0.4995 -0.06034819 -0.060246326
