5.179743766784667969e-01 3.318868577480316162e-01
3.749812245368957520e-01 2.736684083938598633e-01
2.953928112983703613e-01 2.274955213069915771e-01
2.527190148830413818e-01 2.007960081100463867e-01
2.230713367462158203e-01 1.791407316923141479e-01
2.004221230745315552e-01 1.621928811073303223e-01
1.822544783353805542e-01 1.482005119323730469e-01
1.672075539827346802e-01 1.364450752735137939e-01
1.544386893510818481e-01 1.263612657785415649e-01
1.433932483196258545e-01 1.175771579146385193e-01
1.336880922317504883e-01 1.098202913999557495e-01
1.250483691692352295e-01 1.028906852006912231e-01
1.172712221741676331e-01 9.663689881563186646e-02
1.102031096816062927e-01 9.094257652759552002e-02
1.037256494164466858e-01 8.571718633174896240e-02
9.774623066186904907e-02 8.088984340429306030e-02
9.219174087047576904e-02 7.640509307384490967e-02
8.700416982173919678e-02 7.221981137990951538e-02
8.213730901479721069e-02 6.830079853534698486e-02
7.755422592163085938e-02 6.462274491786956787e-02
7.322502881288528442e-02 6.116621568799018860e-02
6.912502646446228027e-02 5.791563913226127625e-02
6.523360311985015869e-02 5.485794693231582642e-02
6.153370812535285950e-02 5.198106914758682251e-02
5.801169946789741516e-02 4.927388578653335571e-02
5.465707182884216309e-02 4.672612994909286499e-02
5.146200582385063171e-02 4.432903975248336792e-02
4.842081293463706970e-02 4.207512736320495605e-02
4.552952572703361511e-02 3.995883837342262268e-02
4.278553649783134460e-02 3.797488659620285034e-02
4.018737375736236572e-02 3.612078726291656494e-02
3.773456439375877380e-02 3.439042717218399048e-02
3.542740270495414734e-02 3.278870135545730591e-02
3.326669335365295410e-02 3.129115700721740723e-02
3.125344216823577881e-02 2.996212802827358246e-02
2.938901819288730621e-02 2.858766913414001465e-02
2.768330648541450500e-02 2.813072130084037781e-02
2.629504166543483734e-02 2.842693403363227844e-02
2.785783447325229645e-02 4.740677773952484131e-02
3.990647941827774048e-02 3.512076288461685181e-02
3.485195711255073547e-02 3.130345419049263000e-02
2.664352580904960632e-02 2.479306980967521667e-02
2.278154157102108002e-02 2.497946843504905701e-02
2.134627662599086761e-02 2.339475415647029877e-02
2.046900615096092224e-02 2.356171049177646637e-02
1.980774663388729095e-02 2.265956625342369080e-02
1.924337446689605713e-02 2.279047854244709015e-02
1.874956302344799042e-02 2.204458042979240417e-02
1.831708289682865143e-02 2.235839888453483582e-02
1.796983182430267334e-02 2.167036011815071106e-02
1.776818558573722839e-02 2.280827984213829041e-02
1.792074367403984070e-02 2.280539274215698242e-02
1.884461753070354462e-02 2.699221298098564148e-02
2.117671445012092590e-02 2.738196030259132385e-02
2.314956672489643097e-02 2.892518043518066406e-02
2.281759306788444519e-02 2.419241890311241150e-02
1.975484564900398254e-02 2.326105162501335144e-02
1.786495931446552277e-02 2.111053094267845154e-02
1.648802682757377625e-02 2.096073329448699951e-02
1.577923633158206940e-02 2.005950175225734711e-02
1.526693254709243774e-02 2.014035172760486603e-02
1.495808362960815430e-02 1.965354382991790771e-02
1.473794598132371902e-02 1.996619068086147308e-02
1.470695715397596359e-02 1.988467201590538025e-02
1.484608370810747147e-02 2.080147340893745422e-02
1.538613159209489822e-02 2.133741602301597595e-02
1.609519682824611664e-02 2.263855375349521637e-02
1.702257432043552399e-02 2.233040705323219299e-02
1.689981296658515930e-02 2.195831574499607086e-02
1.641080155968666077e-02 2.043600939214229584e-02
1.505598425865173340e-02 1.949682831764221191e-02
1.415281277149915695e-02 1.855541393160820007e-02
1.324744056910276413e-02 1.799958758056163788e-02
1.274809241294860840e-02 1.761054433882236481e-02
1.231325604021549225e-02 1.736047863960266113e-02
1.213527284562587738e-02 1.734000630676746368e-02
1.200889237225055695e-02 1.737838983535766602e-02
1.214264798909425735e-02 1.769952476024627686e-02
1.228891685605049133e-02 1.796462759375572205e-02
1.268538553267717361e-02 1.827282272279262543e-02
1.277721952646970749e-02 1.819974742829799652e-02
1.290608942508697510e-02 1.786271296441555023e-02
1.239272952079772949e-02 1.721150055527687073e-02
1.199176348745822906e-02 1.658998057246208191e-02
1.124051026999950409e-02 1.593365520238876343e-02
1.079822052270174026e-02 1.551212556660175323e-02
1.026872266083955765e-02 1.511772163212299347e-02
1.002842187881469727e-02 1.493998616933822632e-02
9.757732972502708435e-03 1.481553912162780762e-02
9.735975414514541626e-03 1.482161320745944977e-02
9.663483127951622009e-03 1.492180489003658295e-02
9.820008650422096252e-03 1.496548391878604889e-02
9.813340380787849426e-03 1.510619651526212692e-02
9.973223321139812469e-03 1.490988396108150482e-02
9.784966707229614258e-03 1.485091447830200195e-02
9.722904302179813385e-03 1.434718072414398193e-02
9.292991831898689270e-03 1.414944417774677277e-02
9.064462967216968536e-03 1.358597725629806519e-02
8.614310063421726227e-03 1.346248202025890350e-02
8.417424745857715607e-03 1.301050744950771332e-02
8.099776692688465118e-03 1.306011993438005447e-02
8.027426898479461670e-03 1.273276470601558685e-02
7.854772731661796570e-03 1.295749098062515259e-02
7.907673716545104980e-03 1.268674153834581375e-02
7.820625789463520050e-03 1.301501411944627762e-02
7.932148873805999756e-03 1.267738174647092819e-02
7.817910984158515930e-03 1.297816354781389236e-02
7.873080670833587646e-03 1.248215138912200928e-02
7.640734314918518066e-03 1.268565375357866287e-02
7.586131803691387177e-03 1.208488456904888153e-02
7.273012306541204453e-03 1.225158292800188065e-02
7.172476500272750854e-03 1.166670303791761398e-02
6.881998386234045029e-03 1.188623625785112381e-02
6.819692440330982208e-03 1.137715950608253479e-02
6.607768125832080841e-03 1.169045828282833099e-02
6.618436425924301147e-03 1.124376058578491211e-02
6.477795541286468506e-03 1.163754053413867950e-02
6.545952055603265762e-03 1.119626127183437347e-02
6.427602376788854599e-03 1.161408517509698868e-02
6.501961499452590942e-03 1.111584901809692383e-02
6.346239242702722549e-03 1.149711571633815765e-02
6.376720964908599854e-03 1.092791743576526642e-02
6.163393147289752960e-03 1.126181613653898239e-02
6.147188134491443634e-03 1.066758763045072556e-02
5.911625921726226807e-03 1.099207717925310135e-02
5.887525156140327454e-03 1.042590569704771042e-02
5.676850676536560059e-03 1.078142225742340088e-02
5.681512877345085144e-03 1.026140805333852768e-02
5.515207536518573761e-03 1.066179852932691574e-02
5.558495409786701202e-03 1.017056591808795929e-02
5.424237344413995743e-03 1.059994008392095566e-02
5.489419214427471161e-03 1.010362990200519562e-02
5.357199348509311676e-03 1.052986830472946167e-02
5.415397696197032928e-03 1.000446174293756485e-02
5.260815378278493881e-03 1.040511019527912140e-02
5.294463597238063812e-03 9.855640120804309845e-03
5.118313245475292206e-03 1.023481972515583038e-02
5.134365521371364594e-03 9.687192738056182861e-03
4.958035890012979507e-03 1.006609015166759491e-02
4.977127537131309509e-03 9.542061015963554382e-03
4.820848815143108368e-03 9.938182309269905090e-03
4.858084954321384430e-03 9.440947324037551880e-03
4.726576618850231171e-03 9.856629185378551483e-03
4.782340954989194870e-03 9.373323060572147369e-03
4.665202461183071136e-03 9.796680882573127747e-03
4.727668594568967819e-03 9.310173802077770233e-03
4.608944989740848541e-03 9.725293144583702087e-03
4.664144013077020645e-03 9.227399714291095734e-03
4.534629639238119125e-03 9.626779705286026001e-03
4.577295389026403427e-03 9.123427793383598328e-03
4.440576769411563873e-03 9.512160904705524445e-03
4.476749803870916367e-03 9.016250260174274445e-03
4.343854729086160660e-03 9.405254386365413666e-03
4.383782390505075455e-03 8.925494737923145294e-03
4.263163078576326370e-03 9.322032332420349121e-03
4.312766715884208679e-03 8.857575245201587677e-03
4.204645287245512009e-03 9.260818362236022949e-03
4.262174479663372040e-03 8.803812786936759949e-03
4.159948322921991348e-03 9.206746704876422882e-03
4.218545742332935333e-03 8.749051019549369812e-03
4.114493727684020996e-03 9.144555777311325073e-03
4.167951177805662155e-03 8.683684282004833221e-03
4.058998543769121170e-03 9.069915860891342163e-03
4.106293432414531708e-03 8.609907701611518860e-03
3.995453007519245148e-03 8.990759029984474182e-03
4.040573257952928543e-03 8.537721820175647736e-03
3.933398984372615814e-03 8.918793871998786926e-03
3.981301095336675644e-03 8.475849404931068420e-03
3.881178330630064011e-03 8.860124275088310242e-03
3.933983854949474335e-03 8.425610139966011047e-03
3.840072778984904289e-03 8.811889216303825378e-03
3.896032692864537239e-03 8.381201885640621185e-03
3.804504871368408203e-03 8.765866979956626892e-03
3.859968390315771103e-03 8.335120975971221924e-03
3.767277346923947334e-03 8.715356700122356415e-03
3.819648176431655884e-03 8.283879607915878296e-03
3.725017653778195381e-03 8.659860119223594666e-03
3.774522570893168449e-03 8.229802362620830536e-03
3.679920686408877373e-03 8.604193106293678284e-03
3.728895680978894234e-03 8.178145624697208405e-03
3.637042595073580742e-03 8.553937077522277832e-03
3.687810851261019707e-03 8.132645860314369202e-03
3.599964780732989311e-03 8.511130698025226593e-03
3.653120715171098709e-03 8.092979900538921356e-03
3.568349871784448624e-03 8.473345078527927399e-03
3.622636664658784866e-03 8.055767044425010681e-03
3.538879100233316422e-03 8.436244912445545197e-03
3.592424094676971436e-03 8.017560467123985291e-03
3.508126363158226013e-03 8.397062309086322784e-03
3.559933975338935852e-03 7.977552711963653564e-03
3.475059289485216141e-03 8.356303907930850983e-03
3.525573760271072388e-03 7.938446477055549622e-03
3.441356588155031204e-03 8.317041210830211639e-03
3.492029849439859390e-03 7.908743806183338165e-03
3.410495817661285400e-03 8.286403492093086243e-03
3.464425681158900261e-03 7.880389690399169922e-03
3.383985953405499458e-03 8.251482620835304260e-03
3.434820100665092468e-03 7.831621915102005005e-03
3.349436447024345398e-03 8.208913728594779968e-03
3.400176763534545898e-03 7.788785733282566071e-03
3.321024123579263687e-03 8.180624805390834808e-03
3.376558888703584671e-03 7.759573869407176971e-03
3.303886158391833305e-03 8.162377402186393738e-03
3.360151778906583786e-03 7.732392288744449615e-03
3.285884857177734375e-03 8.137337863445281982e-03
3.336235880851745605e-03 7.699371781200170517e-03
3.256836440414190292e-03 8.103732019662857056e-03
3.304479178041219711e-03 7.666289806365966797e-03
3.225505352020263672e-03 8.072273805737495422e-03
3.275166498497128487e-03 7.638083305209875107e-03
3.198889549821615219e-03 8.046814240515232086e-03
3.251415910199284554e-03 7.613659836351871490e-03
3.176907543092966080e-03 8.024754002690315247e-03
3.230771515518426895e-03 7.586675696074962616e-03
3.155529499053955078e-03 8.000821806490421295e-03
3.208635840564966202e-03 7.555328309535980225e-03
3.132899058982729912e-03 7.976486347615718842e-03
3.185788867995142937e-03 7.524827960878610611e-03
3.112447680905461311e-03 7.956701330840587616e-03
3.166202921420335770e-03 7.498293183743953705e-03
3.096199594438076019e-03 7.940645329654216766e-03
3.149103373289108276e-03 7.471299264580011368e-03
3.078600857406854630e-03 7.918932475149631500e-03
3.126278985291719437e-03 7.441124413162469864e-03
3.052099840715527534e-03 7.891903631389141083e-03
3.099053166806697845e-03 7.416839711368083954e-03
3.027593251317739487e-03 7.872994057834148407e-03
3.079820191487669945e-03 7.402474526315927505e-03
3.011803841218352318e-03 7.861832156777381897e-03
3.067842684686183929e-03 7.388786878436803818e-03
2.998453564941883087e-03 7.846711203455924988e-03
3.052643500268459320e-03 7.361431606113910675e-03
2.977137221023440361e-03 7.820299826562404633e-03
3.027118742465972900e-03 7.325450424104928970e-03
2.951049013063311577e-03 7.795856334269046783e-03
3.002156969159841537e-03 7.296602241694927216e-03
2.933560637757182121e-03 7.786481641232967377e-03
2.989212516695261002e-03 7.279905490577220917e-03
2.927792724221944809e-03 7.782333996146917343e-03
2.980550285428762436e-03 7.259425707161426544e-03
2.913167001679539680e-03 7.761293556541204453e-03
2.957987599074840546e-03 7.234230637550354004e-03
2.887623617425560951e-03 7.739414460957050323e-03
2.935931552201509476e-03 7.217100355774164200e-03
2.868862356990575790e-03 7.726358715444803238e-03
2.922168932855129242e-03 7.204588502645492554e-03
2.855778904631733894e-03 7.715134415775537491e-03
2.910164883360266685e-03 7.186216302216053009e-03
2.840234432369470596e-03 7.697290275245904922e-03
2.891972661018371582e-03 7.158394902944564819e-03
2.819130895659327507e-03 7.675962988287210464e-03
2.869695890694856644e-03 7.130110170692205429e-03
2.800271147862076759e-03 7.663785014301538467e-03
2.853990532457828522e-03 7.111961487680673599e-03
2.793331630527973175e-03 7.665836717933416367e-03
2.849519951269030571e-03 7.099398877471685410e-03
2.790161874145269394e-03 7.655148394405841827e-03
2.835042309015989304e-03 7.073672022670507431e-03
2.765694167464971542e-03 7.628482766449451447e-03
2.808806020766496658e-03 7.053540553897619247e-03
2.742908429354429245e-03 7.613924331963062286e-03
2.794150495901703835e-03 7.044408470392227173e-03
2.731671556830406189e-03 7.607732899487018585e-03
2.786997938528656960e-03 7.034393493086099625e-03
2.722133416682481766e-03 7.596980780363082886e-03
2.775553613901138306e-03 7.013191934674978256e-03
2.705280901864171028e-03 7.577209733426570892e-03
2.755149267613887787e-03 6.984559353440999985e-03
2.684208331629633904e-03 7.559402845799922943e-03
2.734935143962502480e-03 6.961845792829990387e-03
2.671641530469059944e-03 7.559115998446941376e-03
2.727890852838754654e-03 6.953982170671224594e-03
2.675025956705212593e-03 7.565206382423639297e-03
2.726481761783361435e-03 6.936968769878149033e-03
2.662556944414973259e-03 7.539974991232156754e-03
2.701136516407132149e-03 6.911783013492822647e-03
2.634752076119184494e-03 7.519227452576160431e-03
2.681765239685773849e-03 6.900964770466089249e-03
2.620999468490481377e-03 7.512927986681461334e-03
2.675029681995511055e-03 6.894730962812900543e-03
2.614031778648495674e-03 7.507045753300189972e-03
2.668307395651936531e-03 6.880648434162139893e-03
2.602340886369347572e-03 7.492339704185724258e-03
2.652991563081741333e-03 6.856481544673442841e-03
2.583591733127832413e-03 7.473541889339685440e-03
2.632680814713239670e-03 6.831963546574115753e-03
2.567069139331579208e-03 7.465829141438007355e-03
2.619971754029393196e-03 6.820268929004669189e-03
2.565921051427721977e-03 7.477769162505865097e-03
2.622530795633792877e-03 6.814997643232345581e-03
2.568668220192193985e-03 7.466013543307781219e-03
2.607531379908323288e-03 6.788339465856552124e-03
2.541074994951486588e-03 7.438146509230136871e-03
2.582439454272389412e-03 6.773281842470169067e-03
2.522368682548403740e-03 7.429059594869613647e-03
2.574057783931493759e-03 6.768996361643075943e-03
2.516314620152115822e-03 7.426490541547536850e-03
2.570834010839462280e-03 6.760823074728250504e-03
2.509052399545907974e-03 7.416741456836462021e-03
2.560575958341360092e-03 6.741656921803951263e-03
2.493556821718811989e-03 7.398722227662801743e-03
2.541813533753156662e-03 6.717090960592031479e-03
2.475094050168991089e-03 7.384891156107187271e-03
2.524849493056535721e-03 6.700517144054174423e-03
2.467289101332426071e-03 7.392439059913158417e-03
2.523705828934907913e-03 6.701031234115362167e-03
2.477647038176655769e-03 7.400332950055599213e-03
2.523851348087191582e-03 6.682261824607849121e-03
2.460831776261329651e-03 7.369837258011102676e-03
2.496121218428015709e-03 6.660449318587779999e-03
2.435301663354039192e-03 7.354194764047861099e-03
2.483022166416049004e-03 6.655060686171054840e-03
2.427324187010526657e-03 7.352114655077457428e-03
2.480902243405580521e-03 6.650588475167751312e-03
2.422855235636234283e-03 7.346621248871088028e-03
2.474948531016707420e-03 6.636688020080327988e-03
2.411386929452419281e-03 7.331754080951213837e-03
2.459695562720298767e-03 6.614713463932275772e-03
2.393986098468303680e-03 7.315658964216709137e-03
2.441724296659231186e-03 6.595647893846035004e-03
2.381797879934310913e-03 7.315302733331918716e-03
2.434793626889586449e-03 6.593365222215652466e-03
2.388861263170838356e-03 7.333079818636178970e-03
2.442294266074895859e-03 6.587656680494546890e-03
2.387796528637409210e-03 7.310619112104177475e-03
2.420157892629504204e-03 6.561230868101119995e-03
2.358580706641077995e-03 7.287561893463134766e-03
2.401482779532670975e-03 6.552908569574356079e-03
2.347081433981657028e-03 7.284025661647319794e-03
2.398926764726638794e-03 6.550418678671121597e-03
2.343976171687245369e-03 7.281370460987091064e-03
2.396026160567998886e-03 6.540650967508554459e-03
2.335837809368968010e-03 7.269716355949640274e-03
2.384213032200932503e-03 6.521706935018301010e-03
2.320374827831983566e-03 7.253375835716724396e-03
2.366840839385986328e-03 6.502097938209772110e-03
2.306200098246335983e-03 7.247456815093755722e-03
2.356137614697217941e-03 6.495985202491283417e-03
2.308164956048130989e-03 7.265800144523382187e-03
2.363862702623009682e-03 6.499633193016052246e-03
2.318031387403607368e-03 7.256134413182735443e-03
2.351264702156186104e-03 6.473185960203409195e-03
2.290075644850730896e-03 7.227493915706872940e-03
2.328264759853482246e-03 6.461354903876781464e-03
2.274758415296673775e-03 7.221533451229333878e-03
2.324482891708612442e-03 6.459622643887996674e-03
2.272007986903190613e-03 7.220399565994739532e-03
2.323453081771731377e-03 6.452574394643306732e-03
2.266156952828168869e-03 7.211208343505859375e-03
2.314239274710416794e-03 6.436237134039402008e-03
2.252629492431879044e-03 7.195708341896533966e-03
2.298144623637199402e-03 6.417365279048681259e-03
2.238224959000945091e-03 7.187307812273502350e-03
2.285996451973915100e-03 6.409390829503536224e-03
2.237131353467702866e-03 7.203014101833105087e-03
2.291745273396372795e-03 6.416546646505594254e-03
2.250707242637872696e-03 7.202048785984516144e-03
2.285800175741314888e-03 6.393109913915395737e-03
2.226637909188866615e-03 7.171901408582925797e-03
2.261715475469827652e-03 6.379281636327505112e-03
2.209387021139264107e-03 7.164277136325836182e-03
2.257224870845675468e-03 6.377709098160266876e-03
2.206691075116395950e-03 7.163621485233306885e-03
2.257063752040266991e-03 6.371908821165561676e-03
2.201926428824663162e-03 7.155572064220905304e-03
2.249155892059206963e-03 6.357104983180761337e-03
2.189585939049720764e-03 7.140923291444778442e-03
2.234104555100202560e-03 6.339438259601593018e-03
2.175803761929273605e-03 7.132414728403091431e-03
2.222168724983930588e-03 6.331998854875564575e-03
2.174480352550745010e-03 7.147473748773336411e-03
2.227596007287502289e-03 6.340221501886844635e-03
2.188433660194277763e-03 7.147711701691150665e-03
2.222748938947916031e-03 6.318249739706516266e-03
2.165911020711064339e-03 7.118591573089361191e-03
2.200013725087046623e-03 6.305067799985408783e-03
2.149582374840974808e-03 7.111383136361837387e-03
2.196339191868901253e-03 6.303681991994380951e-03
2.147309947758913040e-03 7.110599428415298462e-03
2.196339191868901253e-03 6.297820247709751129e-03
2.142573241144418716e-03 7.102371193468570709e-03
2.188412006944417953e-03 6.283439695835113525e-03
2.130544045940041542e-03 7.088315673172473907e-03
2.173914341256022453e-03 6.267227232456207275e-03
2.117987256497144699e-03 7.081915624439716339e-03
2.163666766136884689e-03 6.262904964387416840e-03
2.119392622262239456e-03 7.098997943103313446e-03
2.170878928154706955e-03 6.270128302276134491e-03
2.130991313606500626e-03 7.092774845659732819e-03
2.161646727472543716e-03 6.247476208955049515e-03
2.107184380292892456e-03 7.066901773214340210e-03
2.142529468983411789e-03 6.237525027245283127e-03
2.094588475301861763e-03 7.062104530632495880e-03
2.141043543815612793e-03 6.236231885850429535e-03
2.092976588755846024e-03 7.060537580400705338e-03
2.140368567779660225e-03 6.229100283235311508e-03
2.087243832647800446e-03 7.051008287817239761e-03
2.131227869540452957e-03 6.214390508830547333e-03
2.074948512017726898e-03 7.037851028144359589e-03
2.117225434631109238e-03 6.200560834258794785e-03
2.064827131107449532e-03 7.036585360765457153e-03
2.110773464664816856e-03 6.202313583344221115e-03
2.071977825835347176e-03 7.054612971842288971e-03
2.119045238941907883e-03 6.202623713761568069e-03
2.074814168736338615e-03 7.036750670522451401e-03
2.102375030517578125e-03 6.181315984576940536e-03
2.051472431048750877e-03 7.017839699983596802e-03
2.089921385049819946e-03 6.175967864692211151e-03
2.044344088062644005e-03 7.015922106802463531e-03
2.090631751343607903e-03 6.173832342028617859e-03
2.042660489678382874e-03 7.012287620455026627e-03
2.087871078401803970e-03 6.164294201880693436e-03
2.034849952906370163e-03 7.000883109867572784e-03
2.076738746836781502e-03 6.149438209831714630e-03
2.022601664066314697e-03 6.990413181483745575e-03
2.064328873530030251e-03 6.140513345599174500e-03
2.017669845372438431e-03 6.998361553996801376e-03
2.064787317067384720e-03 6.148539017885923386e-03
2.030044095590710640e-03 7.006686180830001831e-03
2.066329820081591606e-03 6.135530769824981689e-03
2.017514780163764954e-03 6.981848273426294327e-03
2.047039102762937546e-03 6.121124140918254852e-03
2.000807086005806923e-03 6.972500123083591461e-03
2.042756881564855576e-03 6.119303405284881592e-03
1.998420804738998413e-03 6.971668452024459839e-03
2.043736400082707405e-03 6.114649586379528046e-03
1.994966063648462296e-03 6.964597851037979126e-03
2.037436934188008308e-03 6.102390587329864502e-03
1.984743401408195496e-03 6.952346302568912506e-03
2.024808432906866074e-03 6.089325062930583954e-03
1.974615268409252167e-03 6.948956288397312164e-03
2.017167164012789726e-03 6.089667323976755142e-03
1.979061868041753769e-03 6.963949650526046753e-03
2.023295266553759575e-03 6.091822404414415359e-03
1.983471913263201714e-03 6.950976792722940445e-03
2.010644646361470222e-03 6.073146127164363861e-03
1.963395159691572189e-03 6.932842545211315155e-03
1.999125117436051369e-03 6.067485548555850983e-03
1.956413034349679947e-03 6.930603180080652237e-03
2.000149805098772049e-03 6.065545137971639633e-03
1.955164130777120590e-03 6.927253212779760361e-03
1.998068997636437416e-03 6.056770682334899902e-03
1.948142074979841709e-03 6.916570011526346207e-03
1.987790688872337341e-03 6.043358705937862396e-03
1.937104389071464539e-03 6.907731294631958008e-03
1.976766157895326614e-03 6.037234328687191010e-03
1.934325671754777431e-03 6.916822399944067001e-03
1.978337997570633888e-03 6.044117268174886703e-03
1.944200717844069004e-03 6.918193306773900986e-03
1.975400839000940323e-03 6.029776297509670258e-03
1.929781981743872166e-03 6.896661128848791122e-03
1.959957648068666458e-03 6.019248161464929581e-03
1.917644753120839596e-03 6.890539079904556274e-03
1.958568114787340164e-03 6.017814856022596359e-03
1.916448818519711494e-03 6.889236159622669220e-03
1.959191635251045227e-03 6.012082099914550781e-03
1.912290928885340691e-03 6.881089415401220322e-03
1.951901824213564396e-03 5.999885033816099167e-03
1.902194111607968807e-03 6.870347075164318085e-03
1.940198941156268120e-03 5.990380421280860901e-03
1.895443536341190338e-03 6.872662808746099472e-03
1.936848973855376244e-03 5.995225626975297928e-03
1.903311116620898247e-03 6.881245411932468414e-03
1.938890432938933372e-03 5.988186225295066833e-03
1.897135982289910316e-03 6.862305104732513428e-03
1.924061798490583897e-03 5.974371917545795441e-03
1.881888834759593010e-03 6.851920392364263535e-03
1.919486327096819878e-03 5.971944890916347504e-03
1.879363320767879486e-03 6.851049605756998062e-03
1.921308459714055061e-03 5.968281999230384827e-03
1.877153292298316956e-03 6.845182739198207855e-03
1.916683977469801903e-03 5.957731511443853378e-03
1.868597581051290035e-03 6.834312342107295990e-03
1.905614277347922325e-03 5.946840625256299973e-03
1.860115327872335911e-03 6.832053419202566147e-03
1.899149501696228981e-03 5.948425736278295517e-03
1.864486956037580967e-03 6.842063274234533310e-03
1.902070129290223122e-03 5.946809425950050354e-03
1.864247722551226616e-03 6.828003562986850739e-03
1.889990642666816711e-03 5.931909196078777313e-03
1.848298707045614719e-03 6.814365275204181671e-03
1.882718177512288094e-03 5.927899852395057678e-03
1.843997626565396786e-03 6.812951061874628067e-03
1.884750672616064548e-03 5.925468169152736664e-03
1.842962345108389854e-03 6.808841135352849960e-03
1.882259501144289970e-03 5.916479043662548065e-03
1.835971372202038765e-03 6.798563990741968155e-03
1.872292486950755119e-03 5.905208643525838852e-03
1.826933235861361027e-03 6.793537642806768417e-03
1.864126883447170258e-03 5.904148798435926437e-03
1.828400185331702232e-03 6.802487187087535858e-03
1.866190461441874504e-03 5.905442871153354645e-03
1.831302070058882236e-03 6.792931351810693741e-03
1.856950460933148861e-03 5.890966858714818954e-03
1.816187053918838501e-03 6.777341011911630630e-03
1.847893348895013332e-03 5.885397549718618393e-03
1.810256042517721653e-03 6.774949841201305389e-03
1.849625958129763603e-03 5.883562844246625900e-03
1.809813780710101128e-03 6.772030144929885864e-03
1.848702668212354183e-03 5.875844508409500122e-03
1.804169500246644020e-03 6.762520875781774521e-03
1.839906675741076469e-03 5.864645354449748993e-03
1.795137999579310417e-03 6.755881942808628082e-03
1.830898225307464600e-03 5.861748941242694855e-03
1.794576295651495457e-03 6.763163022696971893e-03
1.831727451644837856e-03 5.864317528903484344e-03
1.798838376998901367e-03 6.756867282092571259e-03
1.824650913476943970e-03 5.850862246006727219e-03
1.785089028999209404e-03 6.740310695022344589e-03
1.814589602872729301e-03 5.844017956405878067e-03
1.777897821739315987e-03 6.736879236996173859e-03
1.815874478779733181e-03 5.842395126819610596e-03
1.777721219696104527e-03 6.734673865139484406e-03
1.816065981984138489e-03 5.835617892444133759e-03
1.773139811120927334e-03 6.725852843374013901e-03
1.808307366445660591e-03 5.824595224112272263e-03
1.764314249157905579e-03 6.718195974826812744e-03
1.798881217837333679e-03 5.820429418236017227e-03
1.762373605743050575e-03 6.723922677338123322e-03
1.798609271645545959e-03 5.823486484587192535e-03
1.767166540957987309e-03 6.719847675412893295e-03
1.793067553080618382e-03 5.811144132167100906e-03
1.754800206981599331e-03 6.702832877635955811e-03
1.782483188435435295e-03 5.803270731121301651e-03
1.746666850522160530e-03 6.698394659906625748e-03
1.783304614946246147e-03 5.801625549793243408e-03
1.746572204865515232e-03 6.696582771837711334e-03
1.784293330274522305e-03 5.795459263026714325e-03
1.742777996696531773e-03 6.688213441520929337e-03
1.777357188984751701e-03 5.784586071968078613e-03
1.734199351631104946e-03 6.679863668978214264e-03
1.767740352079272270e-03 5.779519677162170410e-03
1.731327036395668983e-03 6.684315390884876251e-03
1.766612171195447445e-03 5.782756954431533813e-03
1.736345933750271797e-03 6.681762635707855225e-03
1.762164989486336708e-03 5.771376658231019974e-03
1.725177047774195671e-03 6.664467044174671173e-03
1.751284347847104073e-03 5.762651562690734863e-03
1.716312719509005547e-03 6.659070961177349091e-03
1.751685864292085171e-03 5.760821513831615448e-03
1.716200029477477074e-03 6.657393183559179306e-03
1.753256889060139656e-03 5.755006335675716400e-03
1.712992787361145020e-03 6.649272050708532333e-03
1.746962545439600945e-03 5.744135938584804535e-03
1.704588881693780422e-03 6.640269421041011810e-03
1.737188547849655151e-03 5.738324485719203949e-03
1.701020286418497562e-03 6.643692962825298309e-03
1.735407509841024876e-03 5.741673521697521210e-03
1.706233946606516838e-03 6.642324384301900864e-03
1.731858588755130768e-03 5.731108598411083221e-03
1.696116640232503414e-03 6.624758243560791016e-03
1.720775500871241093e-03 5.721580702811479568e-03
1.686613308265805244e-03 6.618390325456857681e-03
1.720777130685746670e-03 5.719424225389957428e-03
1.686410396359860897e-03 6.616604514420032501e-03
1.722771441563963890e-03 5.713715218007564545e-03
1.683612586930394173e-03 6.608473602682352066e-03
1.716940081678330898e-03 5.702669266611337662e-03
1.675285981036722660e-03 6.598781794309616089e-03
1.706995302811264992e-03 5.696133710443973541e-03
1.671149162575602531e-03 6.601323839277029037e-03
1.704707974568009377e-03 5.699600093066692352e-03
1.676623011007905006e-03 6.600996013730764389e-03
1.701998873613774776e-03 5.689736921340227127e-03
1.667480566538870335e-03 6.583083420991897583e-03
1.690719625912606716e-03 5.679351277649402618e-03
1.657336018979549408e-03 6.575636565685272217e-03
1.690307632088661194e-03 5.676702596247196198e-03
1.656964188441634178e-03 6.573504768311977386e-03
1.692591235041618347e-03 5.670812912285327911e-03
1.654409803450107574e-03 6.565070245414972305e-03
1.687054755166172981e-03 5.659366026520729065e-03
1.646047458052635193e-03 6.554514169692993164e-03
1.676875515840947628e-03 5.652043502777814865e-03
1.641383394598960876e-03 6.556202657520771027e-03
1.674158265814185143e-03 5.655609536916017532e-03
1.647203811444342136e-03 6.556901149451732635e-03
1.672342419624328613e-03 5.646414123475551605e-03
1.639075926505029202e-03 6.538559682667255402e-03
1.660880865529179573e-03 5.635002162307500839e-03
1.628231257200241089e-03 6.529793143272399902e-03
1.659943372942507267e-03 5.631573498249053955e-03
1.627540215849876404e-03 6.526977755129337311e-03
1.662350026890635490e-03 5.625200457870960236e-03
1.625078963115811348e-03 6.517916917800903320e-03
1.656964072026312351e-03 5.613097921013832092e-03
1.616604044102132320e-03 6.506317295134067535e-03
1.646507182158529758e-03 5.604856647551059723e-03
1.611444749869406223e-03 6.507065147161483765e-03
1.643405877985060215e-03 5.608398001641035080e-03
1.617613248527050018e-03 6.508653052151203156e-03
1.642478979192674160e-03 5.599806550890207291e-03
1.610555103980004787e-03 6.489858962595462799e-03
1.630901941098272800e-03 5.587202496826648712e-03
1.599021954461932182e-03 6.479515228420495987e-03
1.629337319172918797e-03 5.582603625953197479e-03
1.597854541614651680e-03 6.475555244833230972e-03
1.631630351766943932e-03 5.575304385274648666e-03
1.595275825820863247e-03 6.465458311140537262e-03
1.626191311515867710e-03 5.562270060181617737e-03
1.586619531735777855e-03 6.452702917158603668e-03
1.615484827198088169e-03 5.553090944886207581e-03
1.581122167408466339e-03 6.452529225498437881e-03
1.612133113667368889e-03 5.556486546993255615e-03
1.587631413713097572e-03 6.454785354435443878e-03
1.612038700841367245e-03 5.548450164496898651e-03
1.581693068146705627e-03 6.435767747461795807e-03
1.600589952431619167e-03 5.534715019166469574e-03
1.569713233038783073e-03 6.423880811780691147e-03
1.598393893800675869e-03 5.528713576495647430e-03
1.567975385114550591e-03 6.418564822524785995e-03
1.600321731530129910e-03 5.520367063581943512e-03
1.565160462632775307e-03 6.407574750483036041e-03
1.594786532223224640e-03 5.506793502718210220e-03
1.556540257297456264e-03 6.394495256245136261e-03
1.584226964041590691e-03 5.497646052390336990e-03
1.551325665786862373e-03 6.394600030034780502e-03
1.581238931976258755e-03 5.501733161509037018e-03
1.558488234877586365e-03 6.398317869752645493e-03
1.582204713486135006e-03 5.495272111147642136e-03
1.553976675495505333e-03 6.380753125995397568e-03
1.571604283526539803e-03 5.482113920152187347e-03
1.542322104796767235e-03 6.369218230247497559e-03
1.569353975355625153e-03 5.476577673107385635e-03
1.540453522466123104e-03 6.364584900438785553e-03
1.571376225911080837e-03 5.469487048685550690e-03
1.537869800813496113e-03 6.355231162160634995e-03
1.566454418934881687e-03 5.457970779389142990e-03
1.529917237348854542e-03 6.344391498714685440e-03
1.556797767989337444e-03 5.451084114611148834e-03
1.525325234979391098e-03 6.346813403069972992e-03
1.554525690153241158e-03 5.457837134599685669e-03
1.533400965854525566e-03 6.354253739118576050e-03
1.557063660584390163e-03 5.454921629279851913e-03
1.530697220005095005e-03 6.339153740555047989e-03
1.546954037621617317e-03 5.443402566015720367e-03
1.518606324680149555e-03 6.328710820525884628e-03
1.544297789223492146e-03 5.439775995910167694e-03
1.516472431831061840e-03 6.326154805719852448e-03
1.546924700960516930e-03 5.435029976069927216e-03
1.514378935098648071e-03 6.318884436041116714e-03
1.542783225886523724e-03 5.424971692264080048e-03
1.506396569311618805e-03 6.308516953140497208e-03
1.532777794636785984e-03 5.417846143245697021e-03
1.500433660112321377e-03 6.310717668384313583e-03
1.529322704300284386e-03 5.426038056612014771e-03
1.509159104898571968e-03 6.323820445686578751e-03
1.534659648314118385e-03 5.427491385489702225e-03
1.510356320068240166e-03 6.309641990810632706e-03
1.523931859992444515e-03 5.414326209574937820e-03
1.495474250987172127e-03 6.297008600085973740e-03
1.519310404546558857e-03 5.411040037870407104e-03
1.492695417255163193e-03 6.296212319284677505e-03
1.523594604805111885e-03 5.408182274550199509e-03
1.492180163040757179e-03 6.290838122367858887e-03
1.521265599876642227e-03 5.398167297244071960e-03
1.484205247834324837e-03 6.278692279011011124e-03
1.510169939137995243e-03 5.387553479522466660e-03
1.474806573241949081e-03 6.275992840528488159e-03
1.502756727859377861e-03 5.393452011048793793e-03
1.481531420722603798e-03 6.297525949776172638e-03
1.512561226263642311e-03 5.405804608017206192e-03
1.494424999691545963e-03 6.290369667112827301e-03
1.505095511674880981e-03 5.388838704675436020e-03
1.475280500017106533e-03 6.269705481827259064e-03
1.494046999141573906e-03 5.382789764553308487e-03
1.468551112338900566e-03 6.268929690122604370e-03
1.499579055234789848e-03 5.382328759878873825e-03
1.470441929996013641e-03 6.266943179070949554e-03
1.501078135333955288e-03 5.373463965952396393e-03
1.464064931496977806e-03 6.253674626350402832e-03
1.490145688876509666e-03 5.358725320547819138e-03
1.450835377909243107e-03 6.241613533347845078e-03
1.476575038395822048e-03 5.354504566639661789e-03
1.447865040972828865e-03 6.259116344153881073e-03
1.482109306380152702e-03 5.379433743655681610e-03
1.474399352446198463e-03 6.283193826675415039e-03
1.494980766437947750e-03 5.371811799705028534e-03
1.466392190195620060e-03 6.252194754779338837e-03
1.473139040172100067e-03 5.354248918592929840e-03
1.445745117962360382e-03 6.241992581635713577e-03
1.472670352086424828e-03 5.353997461497783661e-03
1.446779235266149044e-03 6.243716925382614136e-03
1.479007303714752197e-03 5.349239800125360489e-03
1.444952096790075302e-03 6.234259344637393951e-03
1.472648815251886845e-03 5.334341898560523987e-03
1.432075863704085350e-03 6.216726265847682953e-03
1.456502592191100121e-03 5.320367868989706039e-03
1.419491250999271870e-03 6.214023567736148834e-03
1.448276685550808907e-03 5.330679472535848618e-03
1.431737327948212624e-03 6.255553103983402252e-03
1.471538678742945194e-03 5.360174458473920822e-03
1.463936874642968178e-03 6.255172193050384521e-03
1.467525726184248924e-03 5.333737004548311234e-03
1.434585778042674065e-03 6.221570540219545364e-03
1.447259797714650631e-03 5.322922952473163605e-03
1.421796274371445179e-03 6.217936519533395767e-03
1.451626652851700783e-03 5.321643780916929245e-03
1.422938192263245583e-03 6.215522997081279755e-03
1.452996628358960152e-03 5.311885382980108261e-03
1.416000304743647575e-03 6.201489828526973724e-03
1.441431581042706966e-03 5.295941606163978577e-03
1.401903224177658558e-03 6.187873892486095428e-03
1.426918315701186657e-03 5.289359949529170990e-03
1.397146261297166348e-03 6.202827673405408859e-03
1.430870033800601959e-03 5.316419992595911026e-03
1.427052891813218594e-03 6.246799137443304062e-03
1.457231352105736732e-03 5.323172081261873245e-03
1.435537124052643776e-03 6.217646412551403046e-03
1.434278092347085476e-03 5.296165589243173599e-03
1.404422917403280735e-03 6.195222027599811554e-03
1.424197806045413017e-03 5.290393717586994171e-03
1.398938475176692009e-03 6.193562410771846771e-03
1.428484451025724411e-03 5.285628139972686768e-03
1.397369545884430408e-03 6.186640821397304535e-03
1.424571732059121132e-03 5.272922106087207794e-03
1.387452357448637486e-03 6.172573659569025040e-03
1.411543460562825203e-03 5.260192789137363434e-03
1.376830274239182472e-03 6.169588305056095123e-03
1.403728732839226723e-03 5.266833119094371796e-03
1.386046176776289940e-03 6.204491015523672104e-03
1.422278815880417824e-03 5.295540206134319305e-03
1.418139203451573849e-03 6.215020082890987396e-03
1.425517257302999496e-03 5.274985916912555695e-03
1.396011793985962868e-03 6.181008182466030121e-03
1.403070637024939060e-03 5.258890800178050995e-03
1.378261134959757328e-03 6.172242574393749237e-03
1.403020229190587997e-03 5.254609510302543640e-03
1.377039006911218166e-03 6.169469561427831650e-03
1.404219074174761772e-03 5.245354957878589630e-03
1.371700316667556763e-03 6.158780306577682495e-03
1.395342173054814339e-03 5.231749266386032104e-03
1.361079281195998192e-03 6.149721331894397736e-03
1.384204486384987831e-03 5.228004418313503265e-03
1.360055292025208473e-03 6.167157087475061417e-03
1.390022225677967072e-03 5.251008085906505585e-03
1.386190182529389858e-03 6.197317037731409073e-03
1.406472525559365749e-03 5.251382477581501007e-03
1.386562362313270569e-03 6.173941772431135178e-03
1.388331409543752670e-03 5.232029128819704056e-03
1.364275580272078514e-03 6.159356329590082169e-03
1.382543356157839298e-03 5.226735491305589676e-03
1.360111869871616364e-03 6.157477386295795441e-03
1.384843955747783184e-03 5.220831837505102158e-03
1.356929773464798927e-03 6.150161381810903549e-03
1.379240769892930984e-03 5.209998227655887604e-03
1.347775920294225216e-03 6.140408571809530258e-03
1.368414261378347874e-03 5.204296205192804337e-03
1.342758303508162498e-03 6.147506646811962128e-03
1.367611461319029331e-03 5.219404119998216629e-03
1.358464360237121582e-03 6.175429560244083405e-03
1.382521004416048527e-03 5.230518523603677750e-03
1.369048608466982841e-03 6.165684200823307037e-03
1.372889964841306210e-03 5.214031320065259933e-03
1.349420286715030670e-03 6.148673593997955322e-03
1.363371964544057846e-03 5.207600537687540054e-03
1.342333620414137840e-03 6.146700121462345123e-03
1.365710282698273659e-03 5.204561166465282440e-03
1.340832794085144997e-03 6.142624653875827789e-03
1.363546238280832767e-03 5.196448415517807007e-03
1.333753229118883610e-03 6.132841110229492188e-03
1.353879226371645927e-03 5.188650451600551605e-03
1.326043508015573025e-03 6.131882779300212860e-03
1.348075806163251400e-03 5.196085665374994278e-03
1.333630294539034367e-03 6.155448034405708313e-03
1.359451212920248508e-03 5.212903488427400589e-03
1.350511098280549049e-03 6.157004740089178085e-03
1.357145956717431545e-03 5.199096165597438812e-03
1.334349624812602997e-03 6.136840675026178360e-03
1.343994867056608200e-03 5.189993884414434433e-03
1.324036857113242149e-03 6.134355906397104263e-03
1.346590928733348846e-03 5.188996437937021255e-03
1.324656070210039616e-03 6.133970804512500763e-03
1.348501071333885193e-03 5.183033645153045654e-03
1.320131821557879448e-03 6.124500650912523270e-03
1.340282498858869076e-03 5.172838456928730011e-03
1.310048857703804970e-03 6.115904077887535095e-03
1.329708495177328587e-03 5.172122735530138016e-03
1.309161307290196419e-03 6.131618283689022064e-03
1.334953005425632000e-03 5.192712415009737015e-03
1.330346800386905670e-03 6.150744855403900146e-03
1.344337360933423042e-03 5.187720060348510742e-03
1.324155833572149277e-03 6.127779837697744370e-03
1.327094389125704765e-03 5.172359757125377655e-03
1.306597376242280006e-03 6.120133679360151291e-03
1.326309749856591225e-03 5.171664990484714508e-03
1.307252212427556515e-03 6.123140919953584671e-03
1.332336338236927986e-03 5.168742034584283829e-03
1.306384801864624023e-03 6.116310134530067444e-03
1.327537000179290771e-03 5.157810635864734650e-03
1.295890659093856812e-03 6.102132610976696014e-03
1.313977641984820366e-03 5.149064119905233383e-03
1.286609331145882607e-03 6.103226449340581894e-03
1.309016719460487366e-03 5.163129419088363647e-03
1.301107229664921761e-03 6.137437187135219574e-03
1.327960286289453506e-03 5.180583335459232330e-03
1.319303759373724461e-03 6.128083914518356323e-03
1.317892922088503838e-03 5.158501211553812027e-03
1.294416957534849644e-03 6.106622517108917236e-03
1.305656391195952892e-03 5.152359604835510254e-03
1.288097235374152660e-03 6.108867004513740540e-03
1.312768668867647648e-03 5.152764730155467987e-03
1.290965825319290161e-03 6.107911933213472366e-03
1.314274617470800877e-03 5.144585855305194855e-03
1.284053549170494080e-03 6.093806587159633636e-03
1.302289427258074284e-03 5.131355021148920059e-03
1.270324573852121830e-03 6.081544794142246246e-03
1.288775005377829075e-03 5.130557809025049210e-03
1.269102795049548149e-03 6.101895123720169067e-03
1.297216163948178291e-03 5.160174332559108734e-03
1.300332020036876202e-03 6.133115850389003754e-03
1.314922119490802288e-03 5.154965911060571671e-03
1.294702757149934769e-03 6.102955434471368790e-03
1.291983178816735744e-03 5.134531296789646149e-03
1.271527959033846855e-03 6.092386320233345032e-03
1.289972453378140926e-03 5.133536644279956818e-03
1.272075111046433449e-03 6.095520220696926117e-03
1.296771923080086708e-03 5.130514502525329590e-03
1.271293731406331062e-03 6.087861023843288422e-03
1.291640684939920902e-03 5.118535365909337997e-03
1.259627053514122963e-03 6.071373820304870605e-03
1.276596449315547943e-03 5.107942968606948853e-03
1.248252345249056816e-03 6.068985443562269211e-03
1.269502565264701843e-03 5.120648536831140518e-03
1.261349185369908810e-03 6.108824163675308228e-03
1.292266184464097023e-03 5.149762611836194992e-03
1.292735454626381397e-03 6.112790200859308243e-03
1.290687359869480133e-03 5.125891417264938354e-03
1.266250154003500938e-03 6.081966217607259750e-03
1.270431792363524437e-03 5.113629158586263657e-03
1.252847723662853241e-03 6.079549435526132584e-03
1.274670823477208614e-03 5.113517865538597107e-03
1.255106646567583084e-03 6.079756189137697220e-03
1.277867704629898071e-03 5.106909200549125671e-03
1.250080531463027000e-03 6.067569367587566376e-03
1.268017804250121117e-03 5.094130523502826691e-03
1.236969605088233948e-03 6.053726188838481903e-03
1.253985799849033356e-03 5.090006627142429352e-03
1.232241280376911163e-03 6.066462490707635880e-03
1.257302123121917248e-03 5.116721149533987045e-03
1.260288059711456299e-03 6.109570618718862534e-03
1.282910583540797234e-03 5.126398988068103790e-03
1.270590117201209068e-03 6.085848901420831680e-03
1.262672478333115578e-03 5.099958740174770355e-03
1.240664627403020859e-03 6.065672729164361954e-03
1.252435729838907719e-03 5.095095373690128326e-03
1.236237469129264355e-03 6.067677401006221771e-03
1.258997945114970207e-03 5.094320047646760941e-03
1.237563090398907661e-03 6.064265500754117966e-03
1.257954048924148083e-03 5.085536278784275055e-03
1.229119719937443733e-03 6.050045602023601532e-03
1.245382241904735565e-03 5.074605345726013184e-03
1.216952805407345295e-03 6.042289547622203827e-03
1.234974246472120285e-03 5.079973954707384109e-03
1.221657264977693558e-03 6.071660201996564865e-03
1.250022556632757187e-03 5.112859420478343964e-03
1.256672199815511703e-03 6.096676923334598541e-03
1.263179583474993706e-03 5.099114961922168732e-03
1.241832738742232323e-03 6.061843130737543106e-03
1.237545744515955448e-03 5.078800022602081299e-03
1.219428842887282372e-03 6.052780430763959885e-03
1.236595911905169487e-03 5.078165326267480850e-03
1.220754929818212986e-03 6.056086160242557526e-03
1.243133214302361012e-03 5.075511056929826736e-03
1.220003236085176468e-03 6.048833020031452179e-03
1.238023978658020496e-03 5.064939614385366440e-03
1.208980800583958626e-03 6.033955141901969910e-03
1.224053674377501011e-03 5.057058297097682953e-03
1.199570135213434696e-03 6.035053171217441559e-03
1.219535712152719498e-03 5.073683336377143860e-03
1.216369215399026871e-03 6.076232530176639557e-03
1.243928214535117149e-03 5.098870955407619476e-03
1.243517035618424416e-03 6.071523763239383698e-03
1.236678450368344784e-03 5.071841180324554443e-03
1.213861047290265560e-03 6.041764281690120697e-03
1.217398559674620628e-03 5.060927011072635651e-03
1.202510669827461243e-03 6.041607819497585297e-03
1.223067753016948700e-03 5.062206648290157318e-03
1.206344692036509514e-03 6.043329369276762009e-03
1.227258006110787392e-03 5.056701600551605225e-03
1.202093670144677162e-03 6.031514145433902740e-03
1.217714627273380756e-03 5.044728517532348633e-03
1.188996247947216034e-03 6.017156876623630524e-03
1.203590654768049717e-03 5.041751544922590256e-03
1.184487948194146156e-03 6.029780954122543335e-03
1.207635970786213875e-03 5.069898441433906555e-03
1.213606446981430054e-03 6.071482785046100616e-03
1.233148039318621159e-03 5.076880101114511490e-03
1.221663434989750385e-03 6.044973619282245636e-03
1.211089431308209896e-03 5.049100611358880997e-03
1.191050512716174126e-03 6.025484763085842133e-03
1.201391802169382572e-03 5.045209079980850220e-03
1.188199501484632492e-03 6.029675249010324478e-03
1.209839014336466789e-03 5.045807920396327972e-03
1.191344577819108963e-03 6.027458235621452332e-03
1.209999900311231613e-03 5.037120543420314789e-03
1.183001440949738026e-03 6.011613644659519196e-03
1.196647994220256805e-03 5.025031045079231262e-03
1.169167459011077881e-03 6.000216118991374969e-03
1.184358494356274605e-03 5.029104184359312057e-03
1.171959564089775085e-03 6.026722490787506104e-03
1.198784797452390194e-03 5.064724944531917572e-03
1.209745882079005241e-03 6.057713180780410767e-03
1.216956879943609238e-03 5.053023807704448700e-03
1.197912381030619144e-03 6.021140143275260925e-03
1.189315575174987316e-03 5.029858089983463287e-03
1.172583550214767456e-03 6.010543089359998703e-03
1.187348389066755772e-03 5.029768683016300201e-03
1.174478558823466301e-03 6.015490274876356125e-03
1.195711898617446423e-03 5.028352607041597366e-03
1.175180543214082718e-03 6.008771713823080063e-03
1.191599061712622643e-03 5.017212126404047012e-03
1.163465087302029133e-03 5.990612320601940155e-03
1.175974728539586067e-03 5.006527062505483627e-03
1.150636700913310051e-03 5.984346847981214523e-03
1.167352893389761448e-03 5.018979310989379883e-03
1.162320375442504883e-03 6.023717112839221954e-03
1.191668561659753323e-03 5.055536516010761261e-03
1.202156883664429188e-03 6.037772633135318756e-03
1.197903300635516644e-03 5.030443891882896423e-03
1.175845274701714516e-03 5.999501794576644897e-03
1.170927309431135654e-03 5.012512207031250000e-03
1.156799728050827980e-03 5.994803272187709808e-03
1.173736760392785072e-03 5.013794172555208206e-03
1.160522224381566048e-03 5.998700857162475586e-03
1.180568942800164223e-03 5.010395310819149017e-03
1.158553408458828926e-03 5.988677497953176498e-03
1.173267839476466179e-03 4.998351447284221649e-03
1.145058078691363335e-03 5.970350001007318497e-03
1.157222897745668888e-03 4.990389104932546616e-03
1.134691759943962097e-03 5.970108322799205780e-03
1.153205754235386848e-03 5.010735243558883667e-03
1.155042904429137707e-03 6.017234176397323608e-03
1.184101565741002560e-03 5.041607655584812164e-03
1.190267968922853470e-03 6.013893522322177887e-03
1.178355538286268711e-03 5.009580403566360474e-03
1.156846759840846062e-03 5.979313049465417862e-03
1.155560021288692951e-03 4.995889961719512939e-03
1.143477507866919041e-03 5.978240631520748138e-03
1.160856569185853004e-03 4.996891133487224579e-03
1.147081842646002769e-03 5.979758221656084061e-03
1.165123889222741127e-03 4.991767462342977524e-03
1.142623135820031166e-03 5.967562552541494370e-03
1.155627658590674400e-03 4.980590660125017166e-03
1.129328622482717037e-03 5.952190607786178589e-03
1.141547574661672115e-03 4.978085868060588837e-03
1.124582835473120213e-03 5.962047725915908813e-03
1.145289978012442589e-03 5.005956627428531647e-03
1.154071884229779243e-03 6.005853880196809769e-03
1.173822442069649696e-03 5.017155315726995468e-03
1.168162678368389606e-03 5.983339156955480576e-03
1.154678757302463055e-03 4.987391643226146698e-03
1.136803301051259041e-03 5.960828159004449844e-03
1.142435357905924320e-03 4.981163423508405685e-03
1.131333643570542336e-03 5.962525494396686554e-03
1.149366726167500019e-03 4.981965757906436920e-03
1.133974059484899044e-03 5.959976464509963989e-03
1.149923773482441902e-03 4.974835552275180817e-03
1.126592978835105896e-03 5.944938398897647858e-03
1.137907383963465691e-03 4.964567255228757858e-03
1.114044105634093285e-03 5.934029817581176758e-03
1.126871793530881405e-03 4.969282075762748718e-03
1.117293955758213997e-03 5.958139896392822266e-03
1.140467589721083641e-03 5.001128651201725006e-03
1.151793636381626129e-03 5.987856537103652954e-03
1.157954218797385693e-03 4.991809837520122528e-03
1.143151312135159969e-03 5.954416003078222275e-03
1.133181853219866753e-03 4.968993831425905228e-03
1.118710380978882313e-03 5.941862706094980240e-03
1.129991840571165085e-03 4.968448542058467865e-03
1.119678840041160583e-03 5.945427343249320984e-03
1.138086197897791862e-03 4.968190565705299377e-03
1.121056498959660530e-03 5.939052905887365341e-03
1.135102123953402042e-03 4.958615638315677643e-03
1.110453857108950615e-03 5.921608768403530121e-03
1.120622269809246063e-03 4.949247930198907852e-03
1.098348875530064106e-03 5.915660876780748367e-03
1.112636411562561989e-03 4.961710888892412186e-03
1.109759090468287468e-03 5.952856503427028656e-03
1.135241705924272537e-03 4.994099028408527374e-03
1.145701156929135323e-03 5.966014228761196136e-03
1.140656648203730583e-03 4.971119575202465057e-03
1.121843466535210609e-03 5.929436534643173218e-03
1.115777180530130863e-03 4.954228643327951431e-03
1.104028197005391121e-03 5.924170371145009995e-03
1.118955085985362530e-03 4.956581164151430130e-03
1.108606229536235332e-03 5.927604623138904572e-03
1.126583665609359741e-03 4.954070784151554108e-03
1.107349875383079052e-03 5.916743073612451553e-03
1.119563123211264610e-03 4.942227620631456375e-03
1.093552680686116219e-03 5.897959694266319275e-03
1.103296643123030663e-03 4.934750497341156006e-03
1.082921866327524185e-03 5.898592062294483185e-03
1.099595567211508751e-03 4.955962300300598145e-03
1.103622256778180599e-03 5.946485791355371475e-03
1.129874028265476227e-03 4.984562285244464874e-03
1.136370352469384670e-03 5.943090654909610748e-03
1.123518333770334721e-03 4.953885916620492935e-03
1.103859045542776585e-03 5.908471997827291489e-03
1.101703033782541752e-03 4.941867664456367493e-03
