0.0 -0.065 -0.031839073
0.0005 -0.06496159 -0.034324214
0.001 -0.06485158 -0.03575711
0.0015 -0.06472108 -0.036967874
0.002 -0.06458789 -0.038190752
0.0025 -0.06444932 -0.039477497
0.003 -0.06430207 -0.04082121
0.0035 -0.06414415 -0.042198077
0.004 -0.06398292 -0.043581948
0.0045 -0.06382026 -0.044949785
0.005 -0.06365113 -0.046282694
0.0055 -0.06346451 -0.04756601
0.006 -0.0632676 -0.04878901
0.0065 -0.06306563 -0.04994394
0.007 -0.06285628 -0.051025674
0.0075 -0.06263061 -0.052031085
0.008 -0.0624017 -0.052958623
0.0085 -0.06217493 -0.053808227
0.009 -0.06194991 -0.054580465
0.0095 -0.06172459 -0.055276707
0.01 -0.06149695 -0.0558991
0.0105 -0.06126553 -0.056449905
0.011 -0.06102943 -0.05693181
0.0115 -0.06078817 -0.05734773
0.012 -0.06054157 -0.0577005
0.0125 -0.06028962 -0.057993308
0.013 -0.06003244 -0.058229193
0.0135 -0.0597702 -0.058411077
0.014 -0.05950304 -0.058542088
0.0145 -0.05923103 -0.058625028
0.015 -0.05895441 -0.058662787
0.0155 -0.05867352 -0.058658138
0.016 -0.05838867 -0.058613792
0.0165 -0.05810007 -0.058532193
0.017 -0.05780795 -0.058415875
0.0175 -0.05751246 -0.05826713
0.018 -0.05721376 -0.058088377
0.0185 -0.05691231 -0.05788143
0.019 -0.05661149 -0.057648465
0.0195 -0.0563104 -0.05739148
0.02 -0.05600636 -0.057112202
0.0205 -0.0556983 -0.0568123
0.021 -0.05538627 -0.056493565
0.0215 -0.05507075 -0.056157455
0.022 -0.05475229 -0.05580537
0.0225 -0.05443142 -0.055438712
0.023 -0.05410862 -0.055058792
0.0235 -0.0537841 -0.054666802
0.024 -0.05345802 -0.054263964
0.0245 -0.0531305 -0.05385129
0.025 -0.05280167 -0.053429797
0.0255 -0.05247089 -0.053000435
0.026 -0.05213815 -0.05256407
0.0265 -0.0518045 -0.052121595
0.027 -0.05147058 -0.051673785
0.0275 -0.05113651 -0.051221356
0.028 -0.05080224 -0.050765023
0.0285 -0.05046787 -0.05030535
0.029 -0.05013429 -0.04984297
0.0295 -0.04980065 -0.04937856
0.03 -0.0494664 -0.04891251
0.0305 -0.04913152 -0.04844536
0.031 -0.04879582 -0.04797758
0.0315 -0.04845914 -0.047509536
0.032 -0.04812222 -0.04704161
0.0325 -0.04778576 -0.04657419
0.033 -0.04744996 -0.046107724
0.0335 -0.04711484 -0.04564236
0.034 -0.04678035 -0.045178548
0.0345 -0.04644647 -0.044716403
0.035 -0.0461132 -0.044256285
0.0355 -0.04578058 -0.043798372
0.036 -0.04544865 -0.043342873
0.0365 -0.04511746 -0.042889968
0.037 -0.04478709 -0.042439923
0.0375 -0.04445758 -0.0419928
0.038 -0.04412898 -0.041548803
0.0385 -0.04380123 -0.041107997
0.039 -0.04347442 -0.04067062
0.0395 -0.04314867 -0.040236637
0.04 -0.04282409 -0.03980632
0.0405 -0.04250069 -0.03937961
0.041 -0.04217915 -0.038956687
0.0415 -0.04186763 -0.038537547
0.042 -0.04156146 -0.03812225
0.0425 -0.04125429 -0.03771092
0.043 -0.04094443 -0.037303552
0.0435 -0.04063243 -0.036900207
0.044 -0.04031941 -0.036500946
0.0445 -0.04000642 -0.036105707
0.045 -0.03969452 -0.03571461
0.0455 -0.03938436 -0.035327658
0.046 -0.03907596 -0.034944817
0.0465 -0.0387694 -0.03456606
0.047 -0.03846469 -0.034191474
0.0475 -0.03816185 -0.03382106
0.048 -0.03786087 -0.03345476
0.0485 -0.03756174 -0.033092573
0.049 -0.03726447 -0.03273453
0.0495 -0.03696907 -0.032380506
0.05 -0.03667554 -0.036405787
0.0505 -0.03640054 -0.03970976
0.051 -0.03614899 -0.04233949
0.0515 -0.03590234 -0.044343337
0.052 -0.03565864 -0.045769945
0.0525 -0.03541865 -0.046668574
0.053 -0.03518319 -0.047087565
0.0535 -0.03495275 -0.04707484
0.054 -0.03472757 -0.04667689
0.0545 -0.03450774 -0.045938656
0.055 -0.03429328 -0.044903263
0.0555 -0.03408416 -0.04361175
0.056 -0.03388034 -0.04210265
0.0565 -0.03368178 -0.040412262
0.057 -0.03348841 -0.038574174
0.0575 -0.03330017 -0.03661956
0.058 -0.033117 -0.034576878
0.0585 -0.03293885 -0.03247206
0.059 -0.03276563 -0.030328527
0.0595 -0.03259729 -0.028167292
0.06 -0.03243376 -0.026006952
0.0605 -0.03227497 -0.023863897
0.061 -0.03212084 -0.021752581
0.0615 -0.03197132 -0.019685194
0.062 -0.03182633 -0.017672583
0.0625 -0.0316858 -0.015723273
0.063 -0.03154966 -0.013844833
0.0635 -0.03141783 -0.012043163
0.064 -0.03129024 -0.0103229135
0.0645 -0.03116683 -0.0086876005
0.065 -0.03104752 -0.0071397573
0.0655 -0.03093223 -0.005681053
0.066 -0.0308209 -0.004312262
0.0665 -0.03071346 -0.003033474
0.067 -0.03060982 -0.0018441826
0.0675 -0.03050992 -0.00074343383
0.068 -0.03041369 0.00027020276
0.0685 -0.03032106 0.0011985749
0.069 -0.03023195 0.0020438582
0.0695 -0.0301463 0.0028083771
0.07 -0.03006404 0.0034947544
0.0705 -0.02998508 0.0041056722
0.071 -0.02990938 0.004644051
0.0715 -0.02983685 0.0051128715
0.072 -0.02976744 0.0055150837
0.0725 -0.02970107 0.0058536977
0.073 -0.02963768 0.0061318427
0.0735 -0.02957719 0.0063524395
0.074 -0.02951956 0.006518528
0.0745 -0.02946471 0.0066330284
0.075 -0.02941257 0.006698832
0.0755 -0.0293631 0.0067187995
0.076 -0.02931621 0.006695643
0.0765 -0.02927186 0.0066319555
0.077 -0.02922999 0.006530449
0.0775 -0.02919052 0.0063934475
0.078 -0.02915341 0.0062233955
0.0785 -0.0291186 0.006022617
0.079 -0.02908602 0.0057933778
0.0795 -0.02905563 0.005537674
0.08 -0.02902737 0.0052575916
0.0805 -0.02900118 0.004954979
0.081 -0.02897701 0.004631743
0.0815 -0.0289548 0.004289612
0.082 -0.02893451 0.003930256
0.0825 -0.02891609 0.0035552233
0.083 -0.02889948 0.003166005
0.0835 -0.02888463 0.0027640313
0.084 -0.0288715 0.0023506135
0.0845 -0.02886004 0.0019270629
0.085 -0.0288502 0.001494512
0.0855 -0.02884194 0.0010540932
0.086 -0.02883521 0.00060682
0.0865 -0.02882997 0.00015376508
0.087 -0.02882617 -0.0003041178
0.0875 -0.02882377 -0.0007661134
0.088 -0.02882272 -0.0012312979
0.0885 -0.028823 -0.0016988665
0.089 -0.02882456 -0.0021681935
0.0895 -0.02882735 -0.0026385933
0.09 -0.02883135 -0.0031094104
0.0905 -0.02883651 -0.0035800785
0.091 -0.0288428 -0.0040500313
0.0915 -0.02885017 -0.004518792
0.092 -0.0288586 -0.004985884
0.0925 -0.02886805 -0.0054508597
0.093 -0.02887849 -0.005913332
0.0935 -0.02888988 -0.006373003
0.094 -0.02890218 -0.0068294555
0.0945 -0.02891538 -0.007282391
0.095 -0.02892944 -0.007731661
0.0955 -0.02894432 -0.008176759
0.096 -0.02896 -0.008617595
0.0965 -0.02897645 -0.009053931
0.097 -0.02899364 -0.009485528
0.0975 -0.02901154 -0.009912327
0.098 -0.02903012 -0.010334089
0.0985 -0.02904937 -0.010750666
0.099 -0.02906925 -0.011161938
0.0995 -0.02908974 -0.011567816
0.1 -0.02911081 -0.0018047839
0.1005 -0.01622639 0.0071627647
0.101 -0.001082663 0.015453503
0.1015 0.009131226 0.02316381
0.102 0.01602512 0.03037262
0.1025 0.02125497 0.03714472
0.103 0.02569565 0.043534145
0.1035 0.029781 0.049585998
0.104 0.03371584 0.05533819
0.1045 0.03757976 0.06082301
0.105 0.04138795 0.06606765
0.1055 0.04516112 0.07109563
0.106 0.04891276 0.07592696
0.1065 0.05264453 0.08057916
0.107 0.05635403 0.08506724
0.1075 0.0600379 0.08940436
0.108 0.06369307 0.093602166
0.1085 0.06731729 0.09767063
0.109 0.070909 0.10161887
0.1095 0.07446709 0.1054547
0.11 0.07799093 0.10918522
0.1105 0.0814802 0.11281662
0.111 0.08493487 0.116354674
0.1115 0.08835499 0.11980434
0.112 0.09174032 0.12317029
0.1125 0.09509062 0.12645668
0.113 0.09840597 0.12966718
0.1135 0.1016864 0.13280526
0.114 0.1049318 0.13587403
0.1145 0.1081419 0.13887648
0.115 0.1113167 0.14181511
0.1155 0.1144565 0.14469248
0.116 0.1175612 0.14751077
0.1165 0.120631 0.15027209
0.117 0.1236561 0.15297845
0.1175 0.126628 0.15563153
0.118 0.129565 0.15823324
0.1185 0.1324754 0.16078508
0.119 0.1353589 0.16328849
0.1195 0.1382135 0.16574495
0.12 0.1410372 0.16815582
0.1205 0.1438282 0.17052238
0.121 0.1465851 0.17284568
0.1215 0.1493079 0.17512704
0.122 0.1519969 0.17736748
0.1225 0.1546492 0.17956804
0.123 0.1572631 0.18172975
0.1235 0.1598391 0.18385355
0.124 0.1623671 0.18594025
0.1245 0.1648127 0.18799086
0.125 0.1672123 0.19000615
0.1255 0.1695953 0.19198702
0.126 0.1719679 0.19393413
0.1265 0.1743095 0.19584832
0.127 0.1766177 0.19773027
0.1275 0.1789103 0.19958064
0.128 0.1811919 0.20140012
0.1285 0.1834588 0.20318949
0.129 0.1857057 0.20494917
0.1295 0.187928 0.20667994
0.13 0.1901229 0.20838244
0.1305 0.1922886 0.21005712
0.131 0.1944241 0.2117046
0.1315 0.1965036 0.2133255
0.132 0.1985089 0.2149202
0.1325 0.2004672 0.21648939
0.133 0.2024115 0.21803342
0.1335 0.2043515 0.21955293
0.134 0.2062856 0.22104831
0.1345 0.2082071 0.22252007
0.135 0.2101076 0.22396867
0.1355 0.2119591 0.22539456
0.136 0.2137707 0.22679807
0.1365 0.215564 0.22817983
0.137 0.2172666 0.22954
0.1375 0.2187444 0.23087923
0.138 0.2202603 0.23219784
0.1385 0.2218692 0.23349617
0.139 0.2235465 0.23477463
0.1395 0.2252565 0.23603357
0.14 0.2269709 0.23727341
0.1405 0.2286716 0.23849438
0.141 0.2303484 0.23969696
0.1415 0.2319965 0.24088146
0.142 0.2336138 0.24204819
0.1425 0.2352001 0.24319746
0.143 0.2367561 0.24432968
0.1435 0.2382827 0.24544509
0.144 0.2397812 0.24654387
0.1445 0.2412529 0.24762659
0.145 0.2426969 0.24869327
0.1455 0.2440626 0.24974443
0.146 0.2453403 0.25078022
0.1465 0.2465966 0.25180095
0.147 0.2478655 0.25280684
0.1475 0.2491422 0.25379825
0.148 0.2503748 0.2547754
0.1485 0.2515698 0.25573838
0.149 0.2527651 0.2566877
0.1495 0.2539747 0.2576235
0.15 0.2551905 0.25557113
0.1505 0.2548224 0.25361007
0.151 0.252868 0.25173527
0.1515 0.2513221 0.24994187
0.152 0.250369 0.24822532
0.1525 0.2497768 0.24658148
0.153 0.2493571 0.24500637
0.1535 0.2490062 0.24349646
0.154 0.2486736 0.24204825
0.1545 0.2483367 0.24065863
0.155 0.2479856 0.23932455
0.1555 0.2476167 0.2380432
0.156 0.2472291 0.23681204
0.1565 0.2468229 0.23562835
0.157 0.2463989 0.23449008
0.1575 0.2459572 0.2333949
0.158 0.2454991 0.23234062
0.1585 0.2450264 0.23132549
0.159 0.2445406 0.23034756
0.1595 0.2440428 0.22940506
0.16 0.2435342 0.22849636
0.1605 0.2430156 0.22761993
0.161 0.242488 0.22677426
0.1615 0.241952 0.22595786
0.162 0.2414086 0.22516952
0.1625 0.2408583 0.22440794
0.163 0.240302 0.22367193
0.1635 0.2397402 0.22296034
0.164 0.2391736 0.22227211
0.1645 0.2386026 0.22160618
0.165 0.238028 0.22096165
0.1655 0.2374502 0.22033757
0.166 0.2368699 0.2197331
0.1665 0.2362872 0.21914725
0.167 0.2357023 0.21857943
0.1675 0.2351157 0.21802878
0.168 0.2345283 0.21749458
0.1685 0.2339406 0.21697624
0.169 0.2333529 0.21647297
0.1695 0.2327658 0.21598426
0.17 0.2321794 0.21550949
0.1705 0.2315941 0.21504807
0.171 0.2310101 0.21459949
0.1715 0.2304278 0.21416329
0.172 0.2298473 0.21373901
0.1725 0.229269 0.21332605
0.173 0.228693 0.21292408
0.1735 0.2281196 0.21253261
0.174 0.2275489 0.21215127
0.1745 0.2269812 0.21177973
0.175 0.2264166 0.21141759
0.1755 0.2258554 0.21106447
0.176 0.2252976 0.21072005
0.1765 0.2247435 0.21038409
0.177 0.2241931 0.21005617
0.1775 0.2236466 0.20973606
0.178 0.2231042 0.20942345
0.1785 0.2225659 0.20911825
0.179 0.2220318 0.20881997
0.1795 0.2215021 0.20852855
0.18 0.2209768 0.20824371
0.1805 0.220456 0.20796512
0.181 0.2199398 0.20769267
0.1815 0.2194283 0.20742618
0.182 0.2189215 0.20716543
0.1825 0.2184194 0.20691027
0.183 0.2179222 0.20666039
0.1835 0.2174298 0.20641588
0.184 0.2169424 0.20617628
0.1845 0.2164599 0.20594166
0.185 0.2159824 0.20571175
0.1855 0.2155099 0.20548652
0.186 0.2150424 0.20526567
0.1865 0.2145799 0.20504923
0.187 0.2141225 0.20483693
0.1875 0.2136701 0.20462884
0.188 0.2132228 0.20442475
0.1885 0.2127806 0.2042245
0.189 0.2123434 0.20402806
0.1895 0.2119113 0.20383535
0.19 0.2114843 0.20364614
0.1905 0.2110623 0.20346044
0.191 0.2106453 0.2032782
0.1915 0.2102334 0.20309922
0.192 0.2098264 0.20292349
0.1925 0.2094244 0.20275094
0.193 0.2090274 0.20258136
0.1935 0.2086353 0.20241491
0.194 0.2082481 0.20225134
0.1945 0.2078659 0.20209062
0.195 0.2074884 0.20193271
0.1955 0.2071158 0.20177759
0.196 0.206748 0.20162512
0.1965 0.206385 0.20147526
0.197 0.2060266 0.20132802
0.1975 0.205673 0.20118324
0.198 0.205324 0.20104097
0.1985 0.2049797 0.20090108
0.199 0.2046399 0.20076357
0.1995 0.2043047 0.2006283
0.2 0.203974 0.19905047
0.2005 0.2036289 0.19768159
0.201 0.2032426 0.19650096
0.2015 0.2028417 0.19548981
0.202 0.202441 0.19463095
0.2025 0.2020441 0.19390891
0.203 0.2016504 0.19330953
0.2035 0.2012586 0.19282003
0.204 0.2008677 0.19242889
0.2045 0.2004771 0.19212542
0.205 0.2000865 0.19190001
0.2055 0.199696 0.19174393
0.206 0.1993054 0.19164906
0.2065 0.1989148 0.19160837
0.207 0.1985242 0.19161515
0.2075 0.1981338 0.19166325
0.208 0.1977435 0.19174738
0.2085 0.1973535 0.19186251
0.209 0.1969639 0.19200413
0.2095 0.1965746 0.19216818
0.21 0.1961858 0.19235079
0.2105 0.1957975 0.19254872
0.211 0.1954098 0.19275889
0.2115 0.1950228 0.19297843
0.212 0.1946366 0.19320485
0.2125 0.1942511 0.19343595
0.213 0.1938665 0.19366963
0.2135 0.1934828 0.1939041
0.214 0.1931001 0.19413772
0.2145 0.1927185 0.19436897
0.215 0.1923379 0.19459653
0.2155 0.1919585 0.19481926
0.216 0.1915804 0.19503613
0.2165 0.1912034 0.19524625
0.217 0.1908278 0.19544877
0.2175 0.1904536 0.19564304
0.218 0.1900808 0.19582835
0.2185 0.1897094 0.19600445
0.219 0.1893396 0.19617061
0.2195 0.1889713 0.19632666
0.22 0.1886046 0.19647218
0.2205 0.1882395 0.19660713
0.221 0.1878762 0.19673109
0.2215 0.1875145 0.19684409
0.222 0.1871547 0.19694595
0.2225 0.1867966 0.19703668
0.223 0.1864404 0.19711629
0.2235 0.186086 0.19718474
0.224 0.1857335 0.19724216
0.2245 0.185383 0.1972886
0.225 0.1850345 0.19732422
0.2255 0.1846879 0.19734906
0.226 0.1843434 0.19736327
0.2265 0.1840009 0.19736715
0.227 0.1836605 0.19736075
0.2275 0.1833223 0.19734433
0.228 0.1829861 0.19731814
0.2285 0.1826521 0.1972823
0.229 0.1823202 0.1972371
0.2295 0.1819906 0.19718276
0.23 0.1816632 0.19711955
0.2305 0.181338 0.19704762
0.231 0.181015 0.19696729
0.2315 0.1806943 0.19687885
0.232 0.1803759 0.19678237
0.2325 0.1800597 0.19667828
0.233 0.1797459 0.19656676
0.2335 0.1794344 0.19644806
0.234 0.1791252 0.19632246
0.2345 0.1788183 0.19619022
0.235 0.1785138 0.19605146
0.2355 0.1782117 0.19590658
0.236 0.1779119 0.19575576
0.2365 0.1776144 0.19559923
0.237 0.1773193 0.19543721
0.2375 0.1770267 0.19526991
0.238 0.1767363 0.19509761
0.2385 0.1764484 0.1949205
0.239 0.1761629 0.19473876
0.2395 0.1758797 0.19455275
0.24 0.175599 0.1943624
0.2405 0.1753206 0.19416818
0.241 0.1750446 0.19397013
0.2415 0.174771 0.19376846
0.242 0.1744998 0.19356348
0.2425 0.1742309 0.19335519
0.243 0.1739645 0.19314383
0.2435 0.1737004 0.19292964
0.244 0.1734387 0.19271277
0.2445 0.1731794 0.19249333
0.245 0.1729224 0.19227158
0.2455 0.1726678 0.1920475
0.246 0.1724155 0.19182129
0.2465 0.1721656 0.19159314
0.247 0.171918 0.19136322
0.2475 0.1716728 0.19113153
0.248 0.1714299 0.19089836
0.2485 0.1711893 0.1906638
0.249 0.170951 0.19042784
0.2495 0.1707149 0.19019076
0.25 0.1704812 0.18995257
0.2505 0.1702498 0.18971337
0.251 0.1700206 0.1894733
0.2515 0.1697937 0.18923247
0.252 0.169569 0.18899095
0.2525 0.1693466 0.18874885
0.253 0.1691264 0.18850623
0.2535 0.1689084 0.18826322
0.254 0.1686926 0.18801986
0.2545 0.168479 0.1877762
0.255 0.1682675 0.18753242
0.2555 0.1680583 0.18728848
0.256 0.1678511 0.18704449
0.2565 0.1676461 0.18680061
0.257 0.1674433 0.18655679
0.2575 0.1672425 0.18631306
0.258 0.1670439 0.1860696
0.2585 0.1668473 0.18582635
0.259 0.1666528 0.18558346
0.2595 0.1664604 0.18534097
0.26 0.16627 0.18509895
0.2605 0.1660816 0.18485725
0.261 0.1658952 0.18461609
0.2615 0.1657108 0.18437552
0.262 0.1655285 0.18413547
0.2625 0.165348 0.18389611
0.263 0.1651696 0.18365738
0.2635 0.1649931 0.18341926
0.264 0.1648184 0.18318193
0.2645 0.1646458 0.18294537
0.265 0.164475 0.18270959
0.2655 0.164306 0.1824746
0.266 0.164139 0.18224044
0.2665 0.1639738 0.18200718
0.267 0.1638104 0.1817747
0.2675 0.1636488 0.18154317
0.268 0.1634891 0.18131258
0.2685 0.1633311 0.18108298
0.269 0.1631749 0.18085428
0.2695 0.1630204 0.18062659
0.27 0.1628677 0.18039985
0.2705 0.1627167 0.18017411
0.271 0.1625675 0.17994936
0.2715 0.1624199 0.17972568
0.272 0.162274 0.17950301
0.2725 0.1621298 0.17928137
0.273 0.1619872 0.17906083
0.2735 0.1618462 0.17884126
0.274 0.1617069 0.1786229
0.2745 0.1615691 0.17840555
0.275 0.161433 0.17818932
0.2755 0.1612984 0.1779742
0.276 0.1611654 0.17776015
0.2765 0.1610339 0.17754714
0.277 0.160904 0.17733537
0.2775 0.1607756 0.17712465
0.278 0.1606486 0.17691502
0.2785 0.1605232 0.17670654
0.279 0.1603992 0.17649907
0.2795 0.1602767 0.17629282
0.28 0.1601556 0.17608762
0.2805 0.1600359 0.17588359
0.281 0.1599177 0.1756807
0.2815 0.1598008 0.17547883
0.282 0.1596853 0.17527816
0.2825 0.1595712 0.17507856
0.283 0.1594585 0.1748801
0.2835 0.1593471 0.17468277
0.284 0.159237 0.17448649
0.2845 0.1591282 0.17429143
0.285 0.1590207 0.17409739
0.2855 0.1589145 0.17390446
0.286 0.1588096 0.17371264
0.2865 0.1587059 0.17352189
0.287 0.1586035 0.17333223
0.2875 0.1585023 0.1731436
0.288 0.1584023 0.17295606
0.2885 0.1583036 0.17276962
0.289 0.158206 0.17258427
0.2895 0.1581096 0.17239991
0.29 0.1580144 0.17221665
0.2905 0.1579203 0.17203446
0.291 0.1578273 0.17185335
0.2915 0.1577355 0.17167325
0.292 0.1576448 0.17149422
0.2925 0.1575552 0.17131622
0.293 0.1574667 0.17113923
0.2935 0.1573793 0.17096327
0.294 0.1572929 0.17078826
0.2945 0.1572076 0.17061433
0.295 0.1571234 0.17044137
0.2955 0.1570402 0.17026949
0.296 0.1569579 0.1700985
0.2965 0.1568767 0.1699285
0.297 0.1567965 0.16975953
0.2975 0.1567173 0.1695915
0.298 0.1566391 0.1694245
0.2985 0.1565618 0.16925839
0.299 0.1564855 0.16909328
0.2995 0.1564101 0.16892907
0.3 0.1563356 0.164847
0.3005 0.144905 0.16066122
0.301 0.1327835 0.15641531
0.3015 0.125168 0.15214929
0.302 0.1202516 0.1478994
0.3025 0.1166129 0.1436978
0.303 0.1135541 0.13957281
0.3035 0.1107672 0.1355483
0.304 0.1081194 0.13164437
0.3045 0.1055532 0.12787674
0.305 0.1030427 0.12425764
0.3055 0.1005762 0.120795354
0.306 0.09814786 0.11749472
0.3065 0.09575458 0.114357546
0.307 0.09339468 0.11138283
0.3075 0.09106708 0.108566746
0.308 0.08877105 0.10590355
0.3085 0.08650607 0.10338557
0.309 0.08427168 0.10100366
0.3095 0.08206751 0.09874734
0.31 0.07989323 0.09660548
0.3105 0.07774851 0.0945663
0.311 0.07563306 0.09261774
0.3115 0.07354657 0.090747684
0.312 0.07148875 0.08894413
0.3125 0.06945933 0.08719556
0.313 0.06745801 0.085490935
0.3135 0.06548451 0.08381979
0.314 0.06353855 0.0821724
0.3145 0.06161985 0.08054008
0.315 0.05972811 0.07891471
0.3155 0.05786306 0.07728935
0.316 0.05602441 0.075657785
0.3165 0.05421187 0.07401483
0.317 0.05242516 0.07235616
0.3175 0.050664 0.070678316
0.318 0.04892808 0.068978556
0.3185 0.04721714 0.067255095
0.319 0.04553088 0.065506645
0.3195 0.04386901 0.0637327
0.32 0.04223125 0.06193333
0.3205 0.04061732 0.060109027
0.321 0.03902692 0.058260858
0.3215 0.03745978 0.056390166
0.322 0.03591561 0.054498687
0.3225 0.03439412 0.052588448
0.323 0.03289503 0.05066163
0.3235 0.03141807 0.048720643
0.324 0.02996295 0.04676792
0.3245 0.0285294 0.044806108
0.325 0.02711713 0.042837784
0.3255 0.02572587 0.04086563
0.326 0.02435535 0.038892254
0.3265 0.0230053 0.036920153
0.327 0.02167544 0.03495188
0.3275 0.0203655 0.03298986
0.328 0.01907522 0.03103634
0.3285 0.01780433 0.029093593
0.329 0.01655258 0.02716367
0.3295 0.01531969 0.025248498
0.33 0.01410541 0.023349956
0.3305 0.01290948 0.021469712
0.331 0.01173166 0.019609362
0.3315 0.01057168 0.017770298
0.332 0.009429292 0.015953869
0.3325 0.008304255 0.014161289
0.333 0.007196322 0.012393542
0.3335 0.00610525 0.010651685
0.334 0.005030797 0.008936521
0.3345 0.003972727 0.007248752
0.335 0.002930804 0.005589027
0.3355 0.001904795 0.0039578974
0.336 0.0008944683 0.002355855
0.3365 -0.0001004025 0.00078326836
0.337 -0.001080043 -0.0007595867
0.3375 -0.002044677 -0.002272457
0.338 -0.002994523 -0.0037551709
0.3385 -0.003929801 -0.005207654
0.339 -0.004850725 -0.0066298842
0.3395 -0.005757507 -0.00802182
0.34 -0.006650358 -0.009383541
0.3405 -0.007529485 -0.010715075
0.341 -0.008395093 -0.0120165795
0.3415 -0.009247384 -0.013288267
0.342 -0.01008656 -0.014530331
0.3425 -0.01091281 -0.015742932
0.343 -0.01172635 -0.016926385
0.3435 -0.01252734 -0.018080987
0.344 -0.013316 -0.019206997
0.3445 -0.0140925 -0.020304758
0.345 -0.01485703 -0.021374658
0.3455 -0.01560977 -0.022417028
0.346 -0.0163509 -0.023432177
0.3465 -0.0170806 -0.02442057
0.347 -0.01779905 -0.02538256
0.3475 -0.01850641 -0.026318569
0.348 -0.01920286 -0.027229074
0.3485 -0.01988856 -0.028114412
0.349 -0.02056369 -0.028975077
0.3495 -0.02122839 -0.029811498
0.35 -0.02188284 -0.030624095
0.3505 -0.02252719 -0.031413317
0.351 -0.02316161 -0.03217967
0.3515 -0.02378623 -0.03292354
0.352 -0.02440122 -0.033645425
0.3525 -0.02500672 -0.03434579
0.353 -0.02560289 -0.035025083
0.3535 -0.02618986 -0.035683766
0.354 -0.02676778 -0.036322273
0.3545 -0.0273368 -0.036941096
0.355 -0.02789704 -0.037540667
0.3555 -0.02844865 -0.038121454
0.356 -0.02899177 -0.038683906
0.3565 -0.02952652 -0.039228477
0.357 -0.03005303 -0.039755598
0.3575 -0.03057145 -0.0402657
0.358 -0.03108188 -0.040759243
0.3585 -0.03158446 -0.041236643
0.359 -0.03207931 -0.041698344
0.3595 -0.03256655 -0.04214474
0.36 -0.0330463 -0.04257627
0.3605 -0.03351868 -0.042993337
0.361 -0.03398381 -0.04339634
0.3615 -0.03444179 -0.043785665
0.362 -0.03489275 -0.044161752
0.3625 -0.03533678 -0.044524938
0.363 -0.03577401 -0.044875592
0.3635 -0.03620453 -0.045214098
0.364 -0.03662846 -0.045540866
0.3645 -0.03704589 -0.045856178
0.365 -0.03745693 -0.0461604
0.3655 -0.03786169 -0.046453893
0.366 -0.03826025 -0.046737
0.3665 -0.03865271 -0.047010034
0.367 -0.03903918 -0.047273297
0.3675 -0.03941974 -0.047527097
0.368 -0.0397945 -0.04777178
0.3685 -0.04016354 -0.048007607
0.369 -0.04052694 -0.04823488
0.3695 -0.04088481 -0.048453875
0.37 -0.04123722 -0.048664868
0.3705 -0.04158427 -0.048868112
0.371 -0.04192604 -0.04906389
0.3715 -0.0422626 -0.049252443
0.372 -0.04259405 -0.04943401
0.3725 -0.04292046 -0.049608856
0.373 -0.04324192 -0.049777213
0.3735 -0.04355849 -0.049939264
0.374 -0.04387026 -0.05009526
0.3745 -0.04417731 -0.050245386
0.375 -0.0444797 -0.05038987
0.3755 -0.04477751 -0.050528944
0.376 -0.04507082 -0.05066272
0.3765 -0.04535969 -0.050791442
0.377 -0.04564419 -0.0509153
0.3775 -0.04592439 -0.051034436
0.378 -0.04620037 -0.05114902
0.3785 -0.04647217 -0.051259242
0.379 -0.04673988 -0.05136525
0.3795 -0.04700356 -0.051467184
0.38 -0.04726326 -0.05156521
0.3805 -0.04751905 -0.051659472
0.381 -0.047771 -0.051750116
0.3815 -0.04801915 -0.051837225
0.382 -0.04826358 -0.051920988
0.3825 -0.04850434 -0.052001506
0.383 -0.04874149 -0.052078936
0.3835 -0.04897508 -0.05215334
0.384 -0.04920517 -0.05222484
0.3845 -0.04943181 -0.052293565
0.385 -0.04965506 -0.05235962
0.3855 -0.04987497 -0.052423097
0.386 -0.0500916 -0.052484095
0.3865 -0.05030499 -0.05254271
0.387 -0.05051519 -0.052599046
0.3875 -0.05072226 -0.05265316
0.388 -0.05092624 -0.052705146
0.3885 -0.05112718 -0.0527551
0.389 -0.05132513 -0.052803077
0.3895 -0.05152014 -0.052849166
0.39 -0.05171225 -0.05289345
0.3905 -0.0519015 -0.052935995
0.391 -0.05208794 -0.052976858
0.3915 -0.05227161 -0.053016134
0.392 -0.05245257 -0.053053826
0.3925 -0.05263084 -0.05309006
0.393 -0.05280647 -0.053124867
0.3935 -0.0529795 -0.053158276
0.394 -0.05314997 -0.053190365
0.3945 -0.05331792 -0.053221185
0.395 -0.0534834 -0.05325079
0.3955 -0.05364643 -0.053279206
0.396 -0.05380705 -0.053306516
0.3965 -0.05396531 -0.053332698
0.397 -0.05412124 -0.053357877
0.3975 -0.05427487 -0.05338203
0.398 -0.05442625 -0.05340526
0.3985 -0.0545754 -0.05342756
0.399 -0.05472235 -0.053448964
0.3995 -0.05486715 -0.053469513
0.4 -0.05500983 -0.05348922
0.4005 -0.05515042 -0.053508185
0.401 -0.05528894 -0.05352638
0.4015 -0.05542544 -0.05354384
0.402 -0.05555994 -0.05356061
0.4025 -0.05569248 -0.053576693
0.403 -0.05582307 -0.05359215
0.4035 -0.05595177 -0.053606976
0.404 -0.05607858 -0.053621233
0.4045 -0.05620355 -0.053634916
0.405 -0.05632669 -0.05364805
0.4055 -0.05644805 -0.053660646
0.406 -0.05656763 -0.053672742
0.4065 -0.05668548 -0.053684354
0.407 -0.05680162 -0.053695507
0.4075 -0.05691607 -0.053706203
0.408 -0.05702885 -0.053716503
0.4085 -0.05714001 -0.05372637
0.409 -0.05724955 -0.05373583
0.4095 -0.05735751 -0.05374492
0.41 -0.0574639 -0.053753667
0.4105 -0.05756875 -0.053762037
0.411 -0.05767209 -0.053770088
0.4115 -0.05777394 -0.053777803
0.412 -0.05787432 -0.053785216
0.4125 -0.05797325 -0.053792328
0.413 -0.05807075 -0.053799175
0.4135 -0.05816685 -0.053805716
0.414 -0.05826156 -0.05381202
0.4145 -0.05835492 -0.053818066
0.415 -0.05844693 -0.053823844
0.4155 -0.05853762 -0.053829417
0.416 -0.058627 -0.053834744
0.4165 -0.05871511 -0.053839874
0.417 -0.05880195 -0.05384479
0.4175 -0.05888755 -0.053849503
0.418 -0.05897192 -0.053854037
0.4185 -0.05905508 -0.053858392
0.419 -0.05913705 -0.05386259
0.4195 -0.05921785 -0.053866584
0.42 -0.0592975 -0.053870443
0.4205 -0.05937601 -0.053874154
0.421 -0.0594534 -0.053877708
0.4215 -0.05952969 -0.05388111
0.422 -0.05960489 -0.053884357
0.4225 -0.05967902 -0.0538875
0.423 -0.0597521 -0.05389052
0.4235 -0.05982413 -0.053893406
0.424 -0.05989515 -0.053896192
0.4245 -0.05996515 -0.05389884
0.425 -0.06003416 -0.053901386
0.4255 -0.06010219 -0.053903833
0.426 -0.06016926 -0.05390619
0.4265 -0.06023537 -0.053908452
0.427 -0.06030055 -0.053910624
0.4275 -0.06036481 -0.053912707
0.428 -0.06042816 -0.05391472
0.4285 -0.06049062 -0.05391663
0.429 -0.06055219 -0.053918466
0.4295 -0.06061289 -0.05392026
0.43 -0.06067274 -0.05392193
0.4305 -0.06073174 -0.05392356
0.431 -0.06078991 -0.053925112
0.4315 -0.06084726 -0.053926613
0.432 -0.06090381 -0.05392805
0.4325 -0.06095956 -0.05392942
0.433 -0.06101452 -0.053930752
0.4335 -0.06106871 -0.05393203
0.434 -0.06112215 -0.053933248
0.4345 -0.06117483 -0.053934418
0.435 -0.06122677 -0.05393556
0.4355 -0.06127799 -0.053936634
0.436 -0.06132849 -0.053937655
0.4365 -0.06137828 -0.05393867
0.437 -0.06142737 -0.05393962
0.4375 -0.06147578 -0.053940523
0.438 -0.06152351 -0.05394139
0.4385 -0.06157058 -0.053942267
0.439 -0.06161698 -0.053943068
0.4395 -0.06166274 -0.05394385
0.44 -0.06170787 -0.05394461
0.4405 -0.06175236 -0.053945325
0.441 -0.06179623 -0.053945996
0.4415 -0.0618395 -0.053946655
0.442 -0.06188216 -0.053947292
0.4425 -0.06192422 -0.053947892
0.443 -0.06196571 -0.053948477
0.4435 -0.06200661 -0.053949032
0.444 -0.06204695 -0.05394959
0.4445 -0.06208673 -0.053950086
0.445 -0.06212596 -0.053950578
0.4455 -0.06216464 -0.053951077
0.446 -0.06220279 -0.05395151
0.4465 -0.06224041 -0.053951956
0.447 -0.06227751 -0.053952374
0.4475 -0.06231409 -0.05395276
0.448 -0.06235017 -0.053953175
0.4485 -0.06238575 -0.05395355
0.449 -0.06242084 -0.053953916
0.4495 -0.06245545 -0.053954255
0.45 -0.06248958 -0.0539546
0.4505 -0.06252323 -0.05395488
0.451 -0.06255643 -0.05395521
0.4515 -0.06258916 -0.053955514
0.452 -0.06262145 -0.053955767
0.4525 -0.06265329 -0.053956054
0.453 -0.06268469 -0.053956307
0.4535 -0.06271566 -0.053956557
0.454 -0.06274621 -0.05395678
0.4545 -0.06277634 -0.053957
0.455 -0.06280605 -0.053957216
0.4555 -0.06283536 -0.05395742
0.456 -0.06286426 -0.053957637
0.4565 -0.06289277 -0.053957827
0.457 -0.06292088 -0.05395801
0.4575 -0.06294861 -0.053958196
0.458 -0.06297597 -0.053958345
0.4585 -0.06300294 -0.0539585
0.459 -0.06302955 -0.053958677
0.4595 -0.0630558 -0.05395883
0.46 -0.06308169 -0.05395898
0.4605 -0.06310722 -0.053959094
0.461 -0.0631324 -0.05395923
0.4615 -0.06315725 -0.05395936
0.462 -0.06318175 -0.05395949
0.4625 -0.06320592 -0.05395959
0.463 -0.06322976 -0.053959705
0.4635 -0.06325327 -0.053959798
0.464 -0.06327647 -0.05395989
0.4645 -0.06329935 -0.05396
0.465 -0.06332191 -0.05396008
0.4655 -0.06334417 -0.053960178
0.466 -0.06336613 -0.05396028
0.4665 -0.06338779 -0.053960368
0.467 -0.06340916 -0.05396045
0.4675 -0.06343024 -0.05396054
0.468 -0.06345103 -0.053960614
0.4685 -0.06347154 -0.053960685
0.469 -0.06349177 -0.053960737
0.4695 -0.06351173 -0.053960823
0.47 -0.06353141 -0.05396089
0.4705 -0.06355083 -0.05396096
0.471 -0.06356999 -0.05396101
0.4715 -0.06358889 -0.053961087
0.472 -0.06360753 -0.05396113
0.4725 -0.06362592 -0.053961173
0.473 -0.06364407 -0.0539612
0.4735 -0.06366197 -0.053961255
0.474 -0.06367962 -0.05396129
0.4745 -0.06369704 -0.053961337
0.475 -0.06371422 -0.053961385
0.4755 -0.06373118 -0.053961437
0.476 -0.0637479 -0.053961474
0.4765 -0.0637644 -0.05396151
0.477 -0.06378067 -0.053961564
0.4775 -0.06379673 -0.053961594
0.478 -0.06381257 -0.053961612
0.4785 -0.0638282 -0.05396164
0.479 -0.06384362 -0.05396168
0.4795 -0.06385883 -0.053961694
0.48 -0.06387384 -0.053961705
0.4805 -0.06388864 -0.053961728
0.481 -0.06390325 -0.05396176
0.4815 -0.06391766 -0.05396179
0.482 -0.06393188 -0.05396182
0.4825 -0.06394591 -0.05396182
0.483 -0.06395974 -0.053961854
0.4835 -0.0639734 -0.053961873
0.484 -0.06398687 -0.053961907
0.4845 -0.06400016 -0.053961933
0.485 -0.06401327 -0.053961944
0.4855 -0.06402621 -0.05396197
0.486 -0.06403897 -0.05396199
0.4865 -0.06405157 -0.053962015
0.487 -0.06406399 -0.053962044
0.4875 -0.06407625 -0.05396205
0.488 -0.06408835 -0.053962056
0.4885 -0.06410028 -0.053962063
0.489 -0.06411206 -0.053962078
0.4895 -0.06412368 -0.053962093
0.49 -0.06413514 -0.053962093
0.4905 -0.06414645 -0.053962104
0.491 -0.06415761 -0.053962104
0.4915 -0.06416862 -0.053962145
0.492 -0.06417949 -0.053962164
0.4925 -0.06419021 -0.053962175
0.493 -0.06420079 -0.053962175
0.4935 -0.06421122 -0.053962182
0.494 -0.06422152 -0.05396219
0.4945 -0.06423168 -0.053962205
0.495 -0.06424171 -0.053962212
0.4955 -0.0642516 -0.0539622
0.496 -0.06426136 -0.053962216
0.4965 -0.064271 -0.053962216
0.497 -0.0642805 -0.053962212
0.4975 -0.06428988 -0.05396221
0.498 -0.06429913 -0.053962197
0.4985 -0.06430826 -0.0539622
0.499 -0.06431727 -0.053962205
0.4995 -0.06432617 -0.05396221
