0.0 -0.065 -0.065 -0.065 -0.065 -0.04718719
0.0005 -0.065 -0.065 -0.065 -0.065 -0.053826526
0.001 -0.065 -0.065 -0.065 -0.065 -0.059298173
0.0015 -0.065 -0.065 -0.065 -0.065 -0.06430356
0.002 -0.065 -0.065 -0.065 -0.065 -0.06889847
0.0025 -0.065 -0.065 -0.065 -0.065 -0.07303098
0.003 -0.065 -0.065 -0.065 -0.065 -0.076675385
0.0035 -0.065 -0.065 -0.065 -0.065 -0.079844356
0.004 -0.065 -0.065 -0.065 -0.065 -0.08257493
0.0045 -0.065 -0.065 -0.065 -0.065 -0.08491423
0.005 -0.065 -0.065 -0.065 -0.065 -0.08691065
0.0055 -0.065 -0.065 -0.065 -0.065 -0.0886092
0.006 -0.065 -0.065 -0.065 -0.065 -0.09004982
0.0065 -0.065 -0.065 -0.065 -0.065 -0.09126688
0.007 -0.065 -0.065 -0.065 -0.065 -0.09228967
0.0075 -0.065 -0.065 -0.065 -0.065 -0.093143016
0.008 -0.065 -0.065 -0.065 -0.065 -0.093847916
0.0085 -0.065 -0.065 -0.065 -0.065 -0.09442232
0.009 -0.065 -0.065 -0.065 -0.065 -0.09488145
0.0095 -0.065 -0.065 -0.065 -0.065 -0.095238514
0.01 -0.065 -0.065 -0.065 -0.065 -0.09550486
0.0105 -0.065 -0.065 -0.065 -0.065 -0.095690414
0.011 -0.065 -0.065 -0.065 -0.065 -0.09580384
0.0115 -0.065 -0.065 -0.065 -0.065 -0.09585282
0.012 -0.065 -0.065 -0.065 -0.065 -0.09584412
0.0125 -0.065 -0.065 -0.065 -0.065 -0.09578377
0.013 -0.065 -0.065 -0.065 -0.065 -0.09567707
0.0135 -0.065 -0.065 -0.065 -0.065 -0.095528945
0.014 -0.065 -0.065 -0.065 -0.065 -0.095343694
0.0145 -0.065 -0.065 -0.065 -0.065 -0.09512521
0.015 -0.065 -0.065 -0.065 -0.065 -0.09487703
0.0155 -0.065 -0.065 -0.065 -0.065 -0.09460238
0.016 -0.065 -0.065 -0.065 -0.065 -0.09430413
0.0165 -0.065 -0.065 -0.065 -0.065 -0.09398497
0.017 -0.065 -0.065 -0.065 -0.065 -0.09364725
0.0175 -0.065 -0.065 -0.065 -0.065 -0.09329315
0.018 -0.065 -0.065 -0.065 -0.065 -0.092924684
0.0185 -0.065 -0.065 -0.065 -0.065 -0.0925437
0.019 -0.065 -0.065 -0.065 -0.065 -0.09215183
0.0195 -0.065 -0.065 -0.065 -0.065 -0.09175062
0.02 -0.065 -0.065 -0.065 -0.065 -0.09134143
0.0205 -0.065 -0.065 -0.065 -0.065 -0.09092557
0.021 -0.065 -0.065 -0.065 -0.065 -0.09050418
0.0215 -0.065 -0.065 -0.065 -0.065 -0.09007831
0.022 -0.065 -0.065 -0.065 -0.065 -0.08964896
0.0225 -0.065 -0.065 -0.065 -0.065 -0.089217044
0.023 -0.065 -0.065 -0.065 -0.065 -0.08878332
0.0235 -0.065 -0.065 -0.065 -0.065 -0.08834855
0.024 -0.065 -0.065 -0.065 -0.065 -0.08791344
0.0245 -0.065 -0.065 -0.065 -0.065 -0.08747856
0.025 -0.065 -0.065 -0.065 -0.065 -0.087044515
0.0255 -0.065 -0.065 -0.065 -0.065 -0.0866118
0.026 -0.065 -0.065 -0.065 -0.065 -0.08618088
0.0265 -0.065 -0.065 -0.065 -0.065 -0.0857522
0.027 -0.065 -0.065 -0.065 -0.065 -0.08532612
0.0275 -0.065 -0.065 -0.065 -0.065 -0.08490298
0.028 -0.065 -0.065 -0.065 -0.065 -0.08448314
0.0285 -0.065 -0.065 -0.065 -0.065 -0.084066845
0.029 -0.065 -0.065 -0.065 -0.065 -0.08365434
0.0295 -0.065 -0.065 -0.065 -0.065 -0.08324587
0.03 -0.065 -0.065 -0.065 -0.065 -0.08284166
0.0305 -0.065 -0.065 -0.065 -0.065 -0.08244186
0.031 -0.065 -0.065 -0.065 -0.065 -0.082046606
0.0315 -0.065 -0.065 -0.065 -0.065 -0.0816561
0.032 -0.065 -0.065 -0.065 -0.065 -0.0812704
0.0325 -0.065 -0.065 -0.065 -0.065 -0.080889635
0.033 -0.065 -0.065 -0.065 -0.065 -0.08051389
0.0335 -0.065 -0.065 -0.065 -0.065 -0.08014326
0.034 -0.065 -0.065 -0.065 -0.065 -0.0797778
0.0345 -0.065 -0.065 -0.065 -0.065 -0.07941752
0.035 -0.065 -0.065 -0.065 -0.065 -0.079062544
0.0355 -0.065 -0.065 -0.065 -0.065 -0.07871282
0.036 -0.065 -0.065 -0.065 -0.065 -0.07836839
0.0365 -0.065 -0.065 -0.065 -0.065 -0.07802926
0.037 -0.065 -0.065 -0.065 -0.065 -0.07769545
0.0375 -0.065 -0.065 -0.065 -0.065 -0.07736694
0.038 -0.065 -0.065 -0.065 -0.065 -0.07704374
0.0385 -0.065 -0.065 -0.065 -0.065 -0.07672582
0.039 -0.065 -0.065 -0.065 -0.065 -0.07641317
0.0395 -0.065 -0.065 -0.065 -0.065 -0.076105766
0.04 -0.065 -0.065 -0.065 -0.065 -0.075803556
0.0405 -0.065 -0.065 -0.065 -0.065 -0.07550648
0.041 -0.065 -0.065 -0.065 -0.065 -0.07521456
0.0415 -0.065 -0.065 -0.065 -0.065 -0.074927695
0.042 -0.065 -0.065 -0.065 -0.065 -0.074645884
0.0425 -0.065 -0.065 -0.065 -0.065 -0.074369036
0.043 -0.065 -0.065 -0.065 -0.065 -0.074097134
0.0435 -0.065 -0.065 -0.065 -0.065 -0.073830105
0.044 -0.065 -0.065 -0.065 -0.065 -0.073567905
0.0445 -0.065 -0.065 -0.065 -0.065 -0.07331046
0.045 -0.065 -0.065 -0.065 -0.065 -0.07305774
0.0455 -0.065 -0.065 -0.065 -0.065 -0.07280967
0.046 -0.065 -0.065 -0.065 -0.065 -0.072566204
0.0465 -0.065 -0.065 -0.065 -0.065 -0.07232726
0.047 -0.065 -0.065 -0.065 -0.065 -0.07209277
0.0475 -0.065 -0.065 -0.065 -0.065 -0.07186268
0.048 -0.065 -0.065 -0.065 -0.065 -0.0716369
0.0485 -0.065 -0.065 -0.065 -0.065 -0.07141543
0.049 -0.065 -0.065 -0.065 -0.065 -0.07119816
0.0495 -0.065 -0.065 -0.065 -0.065 -0.070985064
0.05 -0.065 -0.065 -0.065 -0.065 -0.070776
0.0505 -0.065 -0.065 -0.065 -0.065 -0.07057094
0.051 -0.065 -0.065 -0.065 -0.065 -0.07036987
0.0515 -0.065 -0.065 -0.065 -0.065 -0.07017269
0.052 -0.065 -0.065 -0.065 -0.065 -0.0699793
0.0525 -0.065 -0.065 -0.065 -0.065 -0.0697897
0.053 -0.065 -0.065 -0.065 -0.065 -0.06960378
0.0535 -0.065 -0.065 -0.065 -0.065 -0.06942147
0.054 -0.065 -0.065 -0.065 -0.065 -0.06924275
0.0545 -0.065 -0.065 -0.065 -0.065 -0.06906757
0.055 -0.065 -0.065 -0.065 -0.065 -0.0688958
0.0555 -0.065 -0.065 -0.065 -0.065 -0.0687274
0.056 -0.065 -0.065 -0.065 -0.065 -0.06856232
0.0565 -0.065 -0.065 -0.065 -0.065 -0.06840055
0.057 -0.065 -0.065 -0.065 -0.065 -0.06824195
0.0575 -0.065 -0.065 -0.065 -0.065 -0.06808652
0.058 -0.065 -0.065 -0.065 -0.065 -0.06793419
0.0585 -0.065 -0.065 -0.065 -0.065 -0.067784876
0.059 -0.065 -0.065 -0.065 -0.065 -0.06763854
0.0595 -0.065 -0.065 -0.065 -0.065 -0.06749513
0.06 -0.065 -0.065 -0.065 -0.065 -0.06735461
0.0605 -0.065 -0.065 -0.065 -0.065 -0.06721689
0.061 -0.065 -0.065 -0.065 -0.065 -0.06708192
0.0615 -0.065 -0.065 -0.065 -0.065 -0.06694968
0.062 -0.065 -0.065 -0.065 -0.065 -0.066820085
0.0625 -0.065 -0.065 -0.065 -0.065 -0.06669313
0.063 -0.065 -0.065 -0.065 -0.065 -0.06656869
0.0635 -0.065 -0.065 -0.065 -0.065 -0.06644678
0.064 -0.065 -0.065 -0.065 -0.065 -0.06632731
0.0645 -0.065 -0.065 -0.065 -0.065 -0.06621026
0.065 -0.065 -0.065 -0.065 -0.065 -0.06609559
0.0655 -0.065 -0.065 -0.065 -0.065 -0.06598325
0.066 -0.065 -0.065 -0.065 -0.065 -0.06587318
0.0665 -0.065 -0.065 -0.065 -0.065 -0.06576534
0.067 -0.065 -0.065 -0.065 -0.065 -0.06565968
0.0675 -0.065 -0.065 -0.065 -0.065 -0.06555619
0.068 -0.065 -0.065 -0.065 -0.065 -0.0654548
0.0685 -0.065 -0.065 -0.065 -0.065 -0.065355465
0.069 -0.065 -0.065 -0.065 -0.065 -0.06525815
0.0695 -0.065 -0.065 -0.065 -0.065 -0.0651628
0.07 -0.065 -0.065 -0.065 -0.065 -0.06506941
0.0705 -0.065 -0.065 -0.065 -0.065 -0.06497792
0.071 -0.065 -0.065 -0.065 -0.065 -0.06488829
0.0715 -0.065 -0.065 -0.065 -0.065 -0.064800516
0.072 -0.065 -0.065 -0.065 -0.065 -0.06471449
0.0725 -0.065 -0.065 -0.065 -0.065 -0.06463027
0.073 -0.065 -0.065 -0.065 -0.065 -0.06454775
0.0735 -0.065 -0.065 -0.065 -0.065 -0.06446691
0.074 -0.065 -0.065 -0.065 -0.065 -0.064387746
0.0745 -0.065 -0.065 -0.065 -0.065 -0.06431019
0.075 -0.065 -0.065 -0.065 -0.065 -0.06423421
0.0755 -0.065 -0.065 -0.065 -0.065 -0.064159796
0.076 -0.065 -0.065 -0.065 -0.065 -0.064086914
0.0765 -0.065 -0.065 -0.065 -0.065 -0.06401553
0.077 -0.065 -0.065 -0.065 -0.065 -0.0639456
0.0775 -0.065 -0.065 -0.065 -0.065 -0.063877106
0.078 -0.065 -0.065 -0.065 -0.065 -0.06381
0.0785 -0.065 -0.065 -0.065 -0.065 -0.06374429
0.079 -0.065 -0.065 -0.065 -0.065 -0.06367995
0.0795 -0.065 -0.065 -0.065 -0.065 -0.06361689
0.08 -0.065 -0.065 -0.065 -0.065 -0.063555166
0.0805 -0.065 -0.065 -0.065 -0.065 -0.063494675
0.081 -0.065 -0.065 -0.065 -0.065 -0.06343544
0.0815 -0.065 -0.065 -0.065 -0.065 -0.063377425
0.082 -0.065 -0.065 -0.065 -0.065 -0.063320614
0.0825 -0.065 -0.065 -0.065 -0.065 -0.06326497
0.083 -0.065 -0.065 -0.065 -0.065 -0.06321045
0.0835 -0.065 -0.065 -0.065 -0.065 -0.06315706
0.084 -0.065 -0.065 -0.065 -0.065 -0.06310476
0.0845 -0.065 -0.065 -0.065 -0.065 -0.06305357
0.085 -0.065 -0.065 -0.065 -0.065 -0.0630034
0.0855 -0.065 -0.065 -0.065 -0.065 -0.06295427
0.086 -0.065 -0.065 -0.065 -0.065 -0.06290617
0.0865 -0.065 -0.065 -0.065 -0.065 -0.062859066
0.087 -0.065 -0.065 -0.065 -0.065 -0.06281293
0.0875 -0.065 -0.065 -0.065 -0.065 -0.062767714
0.088 -0.065 -0.065 -0.065 -0.065 -0.06272346
0.0885 -0.065 -0.065 -0.065 -0.065 -0.06268011
0.089 -0.065 -0.065 -0.065 -0.065 -0.06263765
0.0895 -0.065 -0.065 -0.065 -0.065 -0.062596075
0.09 -0.065 -0.065 -0.065 -0.065 -0.06255535
0.0905 -0.065 -0.065 -0.065 -0.065 -0.06251549
0.091 -0.065 -0.065 -0.065 -0.065 -0.06247644
0.0915 -0.065 -0.065 -0.065 -0.065 -0.062438197
0.092 -0.065 -0.065 -0.065 -0.065 -0.062400736
0.0925 -0.065 -0.065 -0.065 -0.065 -0.062364034
0.093 -0.065 -0.065 -0.065 -0.065 -0.06232813
0.0935 -0.065 -0.065 -0.065 -0.065 -0.06229295
0.094 -0.065 -0.065 -0.065 -0.065 -0.062258504
0.0945 -0.065 -0.065 -0.065 -0.065 -0.06222473
0.095 -0.065 -0.065 -0.065 -0.065 -0.062191688
0.0955 -0.065 -0.065 -0.065 -0.065 -0.062159307
0.096 -0.065 -0.065 -0.065 -0.065 -0.062127598
0.0965 -0.065 -0.065 -0.065 -0.065 -0.062096573
0.097 -0.065 -0.065 -0.065 -0.065 -0.062066168
0.0975 -0.065 -0.065 -0.065 -0.065 -0.062036403
0.098 -0.065 -0.065 -0.065 -0.065 -0.06200724
0.0985 -0.065 -0.065 -0.065 -0.065 -0.061978713
0.099 -0.065 -0.065 -0.065 -0.065 -0.061950758
0.0995 -0.065 -0.065 -0.065 -0.065 -0.061923347
0.1 -0.065 -0.065 -0.065 -0.065 -0.08434251
0.1005 -0.05364023 -0.06490283 -0.06393973 -0.05928345 -0.08917015
0.101 -0.04157442 -0.0645434 -0.06229162 -0.05417503 -0.08656232
0.1015 -0.03399742 -0.063925 -0.06095807 -0.05017674 -0.08162191
0.102 -0.02910543 -0.06306143 -0.05980025 -0.04654107 -0.076200806
0.1025 -0.02547948 -0.06195835 -0.05866356 -0.04304102 -0.070867665
0.103 -0.0224232 -0.06061755 -0.05747113 -0.03961788 -0.06576272
0.1035 -0.01962909 -0.05903965 -0.05618988 -0.03625471 -0.060896076
0.104 -0.01696454 -0.05722519 -0.05480591 -0.03294492 -0.05624228
0.1045 -0.0143766 -0.05517419 -0.05331385 -0.02968757 -0.05176895
0.105 -0.01185248 -0.05288624 -0.05171254 -0.02648395 -0.04744479
0.1055 -0.009373864 -0.05036459 -0.05000067 -0.02332968 -0.043241605
0.106 -0.006917896 -0.04761267 -0.04817635 -0.02021722 -0.03913472
0.1065 -0.004476812 -0.04463445 -0.04625566 -0.0171455 -0.035102405
0.107 -0.002054487 -0.04143758 -0.04426162 -0.01411872 -0.031125925
0.1075 0.000349272 -0.03802588 -0.04214916 -0.01113175 -0.027189001
0.108 0.002732798 -0.03440104 -0.0399083 -0.008180156 -0.02327738
0.1085 0.005087009 -0.03056448 -0.03754306 -0.005263348 -0.019379012
0.109 0.007420988 -0.0265204 -0.03505803 -0.00238198 -0.0154832825
0.1095 0.009741419 -0.02227287 -0.03245708 0.0004667019 -0.011581354
0.11 0.0120475 -0.0178258 -0.02974595 0.003284466 -0.007665552
0.1105 0.01433793 -0.01318304 -0.02692702 0.00607259 -0.003729336
0.111 0.01661243 -0.008348472 -0.02400054 0.00883208 0.00023257732
0.1115 0.01887011 -0.003326013 -0.02096785 0.01156379 0.0042248294
0.112 0.02111023 0.001882267 -0.01780116 0.01426877 0.008251049
0.1125 0.0233313 0.007264746 -0.01453417 0.01694871 0.012314193
0.113 0.0255316 0.01277531 -0.01119156 0.01960411 0.016416647
0.1135 0.02771385 0.01838568 -0.007765474 0.02223484 0.020560034
0.114 0.0298791 0.02411863 -0.004247924 0.0248409 0.0247458
0.1145 0.03202759 0.03000003 -0.0006337942 0.0274233 0.028974645
0.115 0.03415295 0.03604989 0.003076308 0.02997956 0.03324709
0.1155 0.03624133 0.04228006 0.006878648 0.03250492 0.037563153
0.116 0.03831053 0.04869519 0.01078039 0.03500817 0.041922696
0.1165 0.04037172 0.05529472 0.01478337 0.03749339 0.046325304
0.117 0.04242662 0.06207446 0.018886 0.0399617 0.05077023
0.1175 0.04447343 0.06902794 0.0230857 0.04241351 0.055256613
0.118 0.04650941 0.0761475 0.02737446 0.0448487 0.05978339
0.1185 0.04850918 0.0834238 0.03168912 0.04724992 0.064349405
0.119 0.05044703 0.09084697 0.0360578 0.04956213 0.06895328
0.1195 0.05235222 0.09840875 0.04052204 0.0518548 0.073593624
0.12 0.05425055 0.1061032 0.04509211 0.05414498 0.078269
0.1205 0.05613872 0.1139251 0.04976309 0.05642782 0.082977735
0.121 0.05803453 0.1218695 0.05454017 0.05871226 0.087718286
0.1215 0.05994227 0.1299325 0.05941987 0.06099947 0.09248886
0.122 0.06185704 0.1381106 0.06439576 0.06328727 0.097287826
0.1225 0.06377222 0.1464006 0.06946169 0.0655731 0.10211348
0.123 0.06568247 0.1547996 0.07461268 0.06785481 0.106964074
0.1235 0.06758414 0.1633046 0.0798449 0.0701307 0.11183784
0.124 0.06947489 0.1719129 0.08515541 0.07239947 0.11673314
0.1245 0.07135346 0.1806219 0.09054189 0.07466013 0.12164811
0.125 0.07321929 0.1894292 0.09600249 0.07691199 0.1265811
0.1255 0.07507222 0.1983319 0.1015356 0.07915454 0.13153043
0.126 0.07691236 0.2073272 0.1071399 0.08138746 0.13649449
0.1265 0.07873999 0.2164125 0.1128142 0.08361063 0.14147156
0.127 0.0805555 0.2255859 0.1185571 0.08582405 0.14646012
0.1275 0.08235927 0.2348456 0.1243677 0.08802774 0.15145862
0.128 0.08415151 0.2441898 0.1302449 0.09022156 0.15646547
0.1285 0.08593244 0.253617 0.1361877 0.09240564 0.1614792
0.129 0.08770255 0.2631256 0.1421949 0.09458027 0.16649848
0.1295 0.08946236 0.2727143 0.1482654 0.09674593 0.17152184
0.13 0.09121223 0.2823817 0.1543986 0.09890285 0.176548
0.1305 0.09295239 0.2921264 0.1605936 0.1010511 0.18157548
0.131 0.09468304 0.301947 0.1668494 0.103191 0.18660322
0.1315 0.09639811 0.3118419 0.1731644 0.1053175 0.19162995
0.132 0.09808528 0.321809 0.1795351 0.1074259 0.19665459
0.1325 0.09976075 0.3318468 0.1859625 0.1095216 0.2016758
0.133 0.1014324 0.3419533 0.1924454 0.1115997 0.20669279
0.1335 0.1031025 0.3521275 0.1989848 0.1136639 0.21170434
0.134 0.104771 0.3623685 0.205581 0.1157241 0.21670964
0.1345 0.1064366 0.372675 0.2122332 0.1177859 0.22170776
0.135 0.1080843 0.3830455 0.2189381 0.1198334 0.2266978
0.1355 0.1097097 0.3934783 0.2256927 0.1218676 0.23167878
0.136 0.1113303 0.4039722 0.2324991 0.1239022 0.23665014
0.1365 0.1129533 0.4145262 0.239358 0.1259399 0.24161097
0.137 0.1145783 0.4251392 0.2462687 0.1279799 0.24656066
0.1375 0.1162028 0.4358099 0.2532297 0.1300206 0.25149852
0.138 0.1178134 0.4465365 0.2602375 0.1320446 0.25642386
0.1385 0.1193989 0.4573171 0.2672881 0.1340486 0.26133615
0.139 0.1209777 0.4681507 0.2743848 0.1360522 0.26623484
0.1395 0.1225593 0.4790366 0.2815293 0.1380599 0.27111945
0.14 0.1241443 0.4899739 0.288721 0.1400712 0.27598938
0.1405 0.1257301 0.5009617 0.2959585 0.1420843 0.2808443
0.141 0.1273139 0.5119989 0.3032404 0.1440979 0.28568378
0.1415 0.128894 0.5230844 0.3105655 0.1461112 0.2905074
0.142 0.1304692 0.5342171 0.3179328 0.1481233 0.2953148
0.1425 0.1320387 0.5453959 0.3253413 0.1501336 0.30010572
0.143 0.1336023 0.5566198 0.3327903 0.1521322 0.30487975
0.1435 0.1351565 0.5678875 0.3402788 0.1538732 0.30963668
0.144 0.1366825 0.5791977 0.3478037 0.1554906 0.31437626
0.1445 0.1381735 0.5905469 0.3553601 0.1571727 0.31909823
0.145 0.1396525 0.6019346 0.3629506 0.1589382 0.32380247
0.1455 0.1411414 0.6133612 0.3705799 0.1607389 0.32848874
0.146 0.1426437 0.6248254 0.3782489 0.1624355 0.33315685
0.1465 0.1441543 0.6363275 0.3859562 0.1641999 0.3378067
0.147 0.145668 0.6478673 0.3937003 0.1660497 0.3424381
0.1475 0.1471817 0.6594446 0.4014798 0.167966 0.34705105
0.148 0.1486936 0.6710587 0.4092938 0.1699305 0.35164535
0.1485 0.1502025 0.682709 0.4171414 0.1719291 0.356221
0.149 0.1517079 0.6943946 0.4250217 0.1739509 0.36077788
0.1495 0.1532094 0.7061146 0.4329341 0.1759878 0.365316
0.15 0.1547065 0.717868 0.4408773 0.1780306 0.36983803
0.1505 0.1561976 0.7295483 0.4487806 0.1800685 0.37463132
0.151 0.1576826 0.7409745 0.4565543 0.1821041 0.37944666
0.1515 0.1591622 0.7520799 0.4642125 0.1841361 0.38419595
0.152 0.1606332 0.7628304 0.4717704 0.1861622 0.38884878
0.1525 0.1620923 0.7732073 0.4792353 0.1881801 0.3933955
0.153 0.1635369 0.7831991 0.4866091 0.1901821 0.39783403
0.1535 0.164952 0.7927976 0.4938882 0.1921469 0.40216509
0.154 0.1663545 0.8020007 0.5010733 0.1940948 0.40638992
0.1545 0.1677413 0.8108017 0.5077879 0.1960244 0.41051063
0.155 0.1690961 0.8191624 0.5136604 0.1979424 0.41452911
0.1555 0.1704584 0.8270924 0.5197199 0.1998558 0.41844714
0.156 0.1718437 0.8346078 0.5255025 0.2017623 0.42226663
0.1565 0.1732297 0.8416954 0.5310332 0.2036437 0.4259894
0.157 0.1746068 0.8483872 0.5370235 0.2055043 0.42961708
0.1575 0.1759914 0.8547188 0.5434249 0.2073631 0.43315136
0.158 0.1773879 0.8607122 0.5500513 0.2092182 0.43659392
0.1585 0.1787898 0.8663784 0.5567431 0.2110558 0.4399462
0.159 0.1801925 0.8717244 0.5633975 0.2128893 0.44320986
0.1595 0.1815946 0.8767538 0.5699562 0.2147242 0.44638613
0.16 0.1829944 0.8814683 0.5763884 0.2165597 0.4494765
0.1605 0.1843902 0.8858696 0.5826809 0.2183938 0.45248243
0.161 0.1857808 0.8899597 0.5888304 0.2202245 0.4554051
0.1615 0.1871651 0.8937411 0.5948388 0.2220504 0.4582459
0.162 0.1885428 0.8972156 0.600711 0.2238701 0.46100602
0.1625 0.1899136 0.9003873 0.6064526 0.2256827 0.46368673
0.163 0.1912774 0.9032626 0.6120695 0.2274878 0.46628907
0.1635 0.1926344 0.9058476 0.6175671 0.2292846 0.46881428
0.164 0.1939845 0.9081484 0.6229505 0.2310729 0.47126356
0.1645 0.1953279 0.9101708 0.628224 0.2328524 0.47363785
0.165 0.1966532 0.9119166 0.6333883 0.2345899 0.47593835
0.1655 0.1979404 0.9133914 0.6384406 0.2362715 0.47816613
0.166 0.1992145 0.9146044 0.6433907 0.2379448 0.48032203
0.1665 0.2004934 0.9155633 0.648246 0.2396253 0.48240724
0.167 0.2016793 0.9162753 0.6530098 0.2413137 0.4844226
0.1675 0.2027028 0.9167464 0.6576823 0.2430069 0.48636916
0.168 0.2037968 0.9169825 0.6622644 0.2447019 0.48824778
0.1685 0.2049954 0.916989 0.6667577 0.2463965 0.49005952
0.169 0.2062708 0.9167716 0.6711628 0.2480886 0.49180523
0.1695 0.2075625 0.916334 0.6754387 0.2497584 0.49348578
0.17 0.2088527 0.9156798 0.6796093 0.2514077 0.49510196
0.1705 0.2101532 0.9148149 0.6837138 0.2530542 0.4966549
0.171 0.2114617 0.9137457 0.6877563 0.2547016 0.49814525
0.1715 0.2127716 0.9124781 0.6917319 0.2563491 0.49957386
0.172 0.2140768 0.9110173 0.6956352 0.257995 0.5009418
0.1725 0.2153736 0.9093683 0.6994626 0.2596378 0.50224954
0.173 0.2166599 0.9075354 0.7032124 0.2612763 0.5034982
0.1735 0.2179342 0.9055231 0.706884 0.2629094 0.50468844
0.174 0.2191955 0.9033354 0.7104775 0.2645359 0.505821
0.1745 0.2204448 0.9009765 0.7139935 0.2661558 0.50689685
0.175 0.2216839 0.8984503 0.7174331 0.2677691 0.5079166
0.1755 0.2229137 0.8957606 0.7207972 0.2693757 0.5088812
0.176 0.2241349 0.8929114 0.724087 0.2709746 0.5097913
0.1765 0.2253479 0.8899063 0.7273035 0.2725657 0.51064765
0.177 0.226553 0.8867491 0.7304479 0.2741495 0.5114512
0.1775 0.2277508 0.8834433 0.7335213 0.2757259 0.5122024
0.178 0.2289416 0.8799923 0.7365247 0.2772952 0.5129022
0.1785 0.2301257 0.8763997 0.7394593 0.2788574 0.51355135
0.179 0.2313031 0.8726684 0.7423251 0.2804121 0.5141505
0.1795 0.2324442 0.8687985 0.7450735 0.2819454 0.5147005
0.18 0.2335623 0.8647906 0.7477352 0.2834666 0.5152019
0.1805 0.2346642 0.860646 0.7503488 0.2849514 0.5156557
0.181 0.2357556 0.8563713 0.7529168 0.2864145 0.5160623
0.1815 0.2368571 0.8519733 0.7554393 0.2878799 0.5164227
0.182 0.2379732 0.8474571 0.7579127 0.2893519 0.5167374
0.1825 0.2391 0.8428266 0.7603332 0.290829 0.5170073
0.183 0.2402318 0.8380847 0.7626977 0.292309 0.51723295
0.1835 0.2413637 0.8332339 0.7650047 0.2937896 0.51741517
0.184 0.2424925 0.8282766 0.7672535 0.2952691 0.5175546
0.1845 0.2436158 0.8232147 0.7694441 0.2967449 0.517652
0.185 0.2447322 0.8180503 0.7715771 0.2982167 0.517708
0.1855 0.2458419 0.8127854 0.7736532 0.2996843 0.51772326
0.186 0.2469448 0.8074193 0.7756723 0.3011474 0.5176985
0.1865 0.2480389 0.8019527 0.777634 0.302599 0.5176346
0.187 0.2490974 0.7963844 0.7795316 0.3039955 0.51753193
0.1875 0.2501325 0.7907199 0.7813699 0.3053751 0.51739144
0.188 0.2511683 0.784965 0.7831585 0.3067495 0.51721364
0.1885 0.2521913 0.7791229 0.7848651 0.3081258 0.5169993
0.189 0.2531938 0.7731938 0.7864887 0.3094921 0.516749
0.1895 0.2542076 0.7671804 0.7880842 0.3108561 0.5164636
0.19 0.2552376 0.761086 0.7896588 0.3122259 0.5161435
0.1905 0.2562772 0.7549134 0.791206 0.3136015 0.5157895
0.191 0.2573201 0.7486645 0.7927182 0.3149812 0.5154024
0.1915 0.258363 0.742341 0.7941903 0.3163636 0.51498264
0.192 0.2594034 0.7359436 0.7956195 0.3177474 0.5145309
0.1925 0.2604392 0.7294695 0.796992 0.3191307 0.5140479
0.193 0.2614199 0.7228817 0.7969046 0.3204907 0.5135343
0.1935 0.2623496 0.7161467 0.7965749 0.3218368 0.5129907
0.194 0.2632889 0.7093042 0.7968767 0.3231856 0.5124178
0.1945 0.2642541 0.7023944 0.7977516 0.3245388 0.51181614
0.195 0.2652409 0.6954417 0.7989789 0.3258945 0.5111864
0.1955 0.2662402 0.6884567 0.8003733 0.3272509 0.5105292
0.196 0.2672447 0.6814407 0.8017943 0.3286069 0.50984526
0.1965 0.2682486 0.6743839 0.8030558 0.3299611 0.5091351
0.197 0.2692482 0.6672793 0.8041373 0.3313131 0.5083993
0.1975 0.2702422 0.6601231 0.8050972 0.3326614 0.50763863
0.198 0.2712301 0.6529142 0.805988 0.3339915 0.50685364
0.1985 0.2722112 0.645653 0.8068423 0.335316 0.5060448
0.199 0.2731857 0.6383409 0.8076767 0.336641 0.5052129
0.1995 0.2741542 0.6309794 0.8084974 0.337966 0.50435835
0.2 0.275117 0.6235697 0.8093049 0.3392898 0.52474374
0.2005 0.2631447 0.6157 0.7937732 0.3227557 0.52293366
0.201 0.2488361 0.6071657 0.7771444 0.3081375 0.5143319
0.2015 0.2394025 0.5983214 0.7637656 0.2974181 0.50387937
0.202 0.2332454 0.5894186 0.7525202 0.2881541 0.49322906
0.2025 0.2287225 0.5805968 0.7422964 0.2795257 0.48291543
0.203 0.2249523 0.5719316 0.7324943 0.2713028 0.4730831
0.2035 0.2215244 0.5634664 0.722843 0.2634133 0.46374455
0.204 0.2182567 0.5552286 0.7132332 0.2558258 0.45487234
0.2045 0.215069 0.5472369 0.7036269 0.2485208 0.44643098
0.205 0.211926 0.5395045 0.694016 0.2414823 0.43838695
0.2055 0.2088119 0.5320415 0.6844038 0.2346966 0.43071127
0.206 0.2057198 0.5248549 0.6747979 0.2281508 0.4233785
0.2065 0.2026467 0.51795 0.6652071 0.2218329 0.4163669
0.207 0.1995914 0.51133 0.6556402 0.2157319 0.40965718
0.2075 0.1965538 0.504997 0.6461056 0.2098372 0.40323162
0.208 0.193534 0.4989519 0.6366111 0.2041389 0.39707425
0.2085 0.1905324 0.4931944 0.6271641 0.1986279 0.39117026
0.209 0.1875496 0.4877236 0.6177713 0.1932953 0.38550583
0.2095 0.1845862 0.4825378 0.6084387 0.1881329 0.38006788
0.21 0.1816427 0.4776349 0.599172 0.183133 0.37484434
0.2105 0.1787196 0.4730122 0.5899764 0.1782883 0.36982375
0.211 0.1758176 0.4686665 0.5808566 0.1735919 0.36499524
0.2115 0.1729371 0.4645946 0.5718169 0.1690372 0.36034867
0.212 0.1700786 0.4607928 0.5628612 0.1646183 0.3558745
0.2125 0.1672425 0.4572573 0.5539931 0.1603292 0.35156372
0.213 0.1644295 0.4539841 0.5452156 0.1561646 0.3474079
0.2135 0.1616397 0.4509692 0.5365318 0.1521193 0.34339908
0.214 0.1588736 0.4482084 0.5279442 0.1481884 0.33952984
0.2145 0.1561315 0.4456973 0.5194552 0.1443674 0.3357932
0.215 0.1534138 0.4434319 0.5110669 0.1406518 0.33218268
0.2155 0.1507208 0.4414076 0.5027811 0.1370376 0.3286921
0.216 0.1480527 0.4396203 0.4945994 0.1335208 0.32531586
0.2165 0.1454097 0.4380655 0.4865233 0.1300978 0.3220487
0.217 0.1427922 0.4367391 0.478554 0.1267651 0.3188857
0.2175 0.1402002 0.4356368 0.4706926 0.1235193 0.31582224
0.218 0.1376339 0.4347544 0.4629399 0.1203574 0.31285414
0.2185 0.1350936 0.4340876 0.4552968 0.1172763 0.30997747
0.219 0.1325793 0.4336324 0.4477638 0.1142731 0.30718866
0.2195 0.1300912 0.4333846 0.4403414 0.1113452 0.30448422
0.22 0.1276293 0.4333403 0.4330299 0.1084901 0.3018613
0.2205 0.1251938 0.4334954 0.4258296 0.1057052 0.29931694
0.221 0.1227847 0.4338462 0.4187407 0.1029883 0.29684854
0.2215 0.120402 0.4343886 0.411763 0.1003372 0.2944537
0.222 0.1180458 0.435119 0.4048966 0.09774966 0.29213038
0.2225 0.1157161 0.4360336 0.3981412 0.09522378 0.28987643
0.223 0.1134129 0.4371287 0.3914968 0.09275761 0.28769007
0.2235 0.1111362 0.4384009 0.3849628 0.09034931 0.28556976
0.224 0.1088859 0.4398465 0.378539 0.08799714 0.2835138
0.2245 0.1066621 0.4414621 0.3722249 0.08569942 0.28152105
0.225 0.1044647 0.4432443 0.36602 0.08345455 0.27959007
0.2255 0.1022935 0.4451898 0.3599237 0.08126101 0.27771983
0.226 0.1001487 0.4472952 0.3539354 0.07911731 0.27590922
0.2265 0.09803003 0.4495575 0.3480544 0.07702206 0.27415743
0.227 0.09593746 0.4519734 0.34228 0.07497391 0.27246347
0.2275 0.09387089 0.45454 0.3366115 0.07297156 0.27082673
0.228 0.09183021 0.457254 0.3310481 0.07101378 0.26924643
0.2285 0.08981531 0.4601127 0.3255889 0.06909938 0.26772192
0.229 0.08782607 0.463113 0.320233 0.0672272 0.26625264
0.2295 0.08586236 0.4662522 0.3149797 0.06539615 0.26483807
0.23 0.08392405 0.4695275 0.3098279 0.06360516 0.26347765
0.2305 0.08201101 0.472936 0.3047768 0.06185323 0.2621711
0.231 0.08012307 0.4764753 0.2998254 0.06013937 0.26091775
0.2315 0.0782601 0.4801425 0.2949726 0.05846263 0.25971738
0.232 0.07642194 0.4839353 0.2902175 0.0568221 0.2585695
0.2325 0.07460842 0.4878509 0.2855591 0.05521691 0.2574738
0.233 0.07281937 0.4918871 0.2809963 0.05364621 0.25642988
0.2335 0.07105463 0.4960413 0.2765282 0.05210918 0.25543752
0.234 0.06931403 0.5003112 0.2721536 0.05060503 0.25449628
0.2345 0.06759737 0.5046944 0.2678715 0.049133 0.2536058
0.235 0.06590449 0.5091888 0.2636808 0.04769236 0.2527658
0.2355 0.06423519 0.5137921 0.2595804 0.04628238 0.2519759
0.236 0.0625893 0.518502 0.2555693 0.04490238 0.25123572
0.2365 0.06096661 0.5233166 0.2516463 0.04355169 0.25054502
0.237 0.05936694 0.5282336 0.2478105 0.04222967 0.24990332
0.2375 0.05779008 0.533251 0.2440606 0.04093569 0.24931031
0.238 0.05623585 0.5383669 0.2403956 0.03966915 0.24876562
0.2385 0.05470405 0.5435792 0.2368144 0.03842945 0.24826881
0.239 0.05319446 0.548886 0.233316 0.03721603 0.24781945
0.2395 0.0517069 0.5542855 0.2298991 0.03602834 0.24741724
0.24 0.05024116 0.5597758 0.2265628 0.03486584 0.24706158
0.2405 0.04879703 0.5653551 0.2233059 0.03372801 0.24675211
0.241 0.0473743 0.5710216 0.2201274 0.03261434 0.2464883
0.2415 0.04597278 0.5767735 0.2170261 0.03152435 0.24626976
0.242 0.04459225 0.5826093 0.2140011 0.03045756 0.24609593
0.2425 0.0432325 0.5885272 0.2110513 0.02941349 0.24596623
0.243 0.04189334 0.5945256 0.2081755 0.02839172 0.24588016
0.2435 0.04057454 0.6006029 0.2053727 0.02739178 0.2458373
0.244 0.03927591 0.6067575 0.2026419 0.02641327 0.24583688
0.2445 0.03799723 0.6129879 0.1999821 0.02545576 0.24587846
0.245 0.0367383 0.6192926 0.1973922 0.02451885 0.2459614
0.2455 0.0354989 0.6256701 0.1948711 0.02360214 0.24608508
0.246 0.03427883 0.632119 0.192418 0.02270527 0.24624884
0.2465 0.03307789 0.6386379 0.1900317 0.02182784 0.2464521
0.247 0.03189586 0.6452254 0.1877112 0.0209695 0.2466942
0.2475 0.03073254 0.6518801 0.1854557 0.02012989 0.24697444
0.248 0.02958772 0.6586008 0.183264 0.01930867 0.24729222
0.2485 0.0284612 0.6653861 0.1811353 0.01850549 0.24764672
0.249 0.02735277 0.6722347 0.1790685 0.01772004 0.24803734
0.2495 0.02626224 0.6791454 0.1770627 0.01695199 0.24846336
0.25 0.02518939 0.686117 0.175117 0.01620103 0.24892923
0.2505 0.02413647 0.6930458 0.1732306 0.01549282 0.2497795
0.251 0.02311324 0.6997567 0.1714015 0.01485946 0.2508306
0.2515 0.02212127 0.7061878 0.1696219 0.01428479 0.25196728
0.252 0.02115741 0.7123083 0.1678852 0.01375934 0.2531175
0.2525 0.02021898 0.7181014 0.1661865 0.01327898 0.25423667
0.253 0.01930439 0.7235576 0.164523 0.01284124 0.25529727
0.2535 0.01841274 0.7286716 0.1628921 0.01244419 0.25628266
0.254 0.01754348 0.7334412 0.1612919 0.01208607 0.25718278
0.2545 0.01669624 0.7378659 0.1597208 0.01176525 0.25799194
0.255 0.01587071 0.7419472 0.1581773 0.01148021 0.2587072
0.2555 0.01506664 0.7456877 0.1566598 0.01122948 0.25932696
0.256 0.01428377 0.7490912 0.1551672 0.01101172 0.25985095
0.2565 0.01352185 0.7521621 0.1536981 0.01082561 0.26027963
0.257 0.01278064 0.7549056 0.1522515 0.01066993 0.2606136
0.2575 0.01205991 0.7573274 0.1508262 0.01054351 0.26085395
0.258 0.0113594 0.7594335 0.1494213 0.01044525 0.2610021
0.2585 0.01067887 0.7612305 0.1480358 0.0103741 0.2610593
0.259 0.01001808 0.7627247 0.1466687 0.01032906 0.26102722
0.2595 0.00937678 0.7639231 0.1453193 0.01030919 0.2609075
0.26 0.008754727 0.7648323 0.1439867 0.01031358 0.26070186
0.2605 0.008151674 0.7654592 0.1426701 0.01034137 0.26041204
0.261 0.007567374 0.7658107 0.1413687 0.01039176 0.26003993
0.2615 0.00700158 0.7658935 0.1400819 0.01046396 0.25958732
0.262 0.006454048 0.7657145 0.138809 0.01055723 0.2590562
0.2625 0.00592453 0.7652804 0.1375494 0.01067086 0.25844845
0.263 0.005412781 0.7645976 0.1363023 0.01080418 0.25776604
0.2635 0.004918557 0.7636727 0.1350673 0.01095656 0.25701088
0.264 0.004441614 0.7625121 0.1338437 0.01112736 0.25618497
0.2645 0.003981709 0.761122 0.132631 0.011316 0.2552902
0.265 0.0035386 0.7595084 0.1314286 0.01152193 0.25432858
0.2655 0.003112047 0.7576774 0.1302361 0.01174459 0.2533021
0.266 0.00270181 0.7556347 0.129053 0.01198349 0.25221255
0.2665 0.002307652 0.7533861 0.1278788 0.01223812 0.25106198
0.267 0.001929336 0.7509371 0.126713 0.01250801 0.24985221
0.2675 0.001566628 0.7482931 0.1255553 0.0127927 0.24858505
0.268 0.001219294 0.7454593 0.1244051 0.01309177 0.24726245
0.2685 0.0008871022 0.742441 0.1232622 0.01340479 0.24588606
0.269 0.0005698243 0.7392431 0.1221261 0.01373137 0.24445775
0.2695 0.000267232 0.7358704 0.1209964 0.01407111 0.24297923
0.27 -2.090016e-05 0.7323277 0.1198728 0.01442365 0.24145216
0.2705 -0.000294796 0.7286195 0.118755 0.01478863 0.2398783
0.271 -0.000554677 0.7247504 0.1176426 0.0151657 0.23825926
0.2715 -0.0008007629 0.7207247 0.1165353 0.01555454 0.23659655
0.272 -0.001033271 0.7165467 0.1154328 0.01595483 0.2348918
0.2725 -0.001252416 0.7122203 0.1143349 0.01636626 0.23314658
0.273 -0.001458411 0.7077497 0.1132411 0.01678854 0.23136234
0.2735 -0.001651468 0.7031387 0.1121513 0.01722138 0.22954056
0.274 -0.001833015 0.698391 0.1110631 0.01766342 0.22768268
0.2745 -0.002007568 0.6935098 0.109971 0.01811044 0.22579005
0.275 -0.002170448 0.6884987 0.1088826 0.01856606 0.22386411
0.2755 -0.00231908 0.6833616 0.1078008 0.01903235 0.22190616
0.276 -0.00245341 0.6781019 0.1067247 0.01950941 0.21991754
0.2765 -0.002574205 0.6727232 0.1056532 0.01999684 0.21789953
0.277 -0.002682315 0.6672287 0.1045852 0.02049416 0.21585336
0.2775 -0.002778448 0.6616214 0.1035197 0.02100092 0.21378028
0.278 -0.002863138 0.6559044 0.1024564 0.02151671 0.21168154
0.2785 -0.002936785 0.6500805 0.1013949 0.02204119 0.20955828
0.279 -0.002999687 0.6441525 0.1003348 0.02257403 0.20741162
0.2795 -0.003052086 0.6381232 0.09927596 0.02311495 0.20524278
0.28 -0.003094182 0.6319952 0.09821825 0.02366369 0.20305282
0.2805 -0.003126155 0.6257712 0.0971615 0.02422002 0.2008428
0.281 -0.00314817 0.6194536 0.0961056 0.02478373 0.19861388
0.2815 -0.003160387 0.6130449 0.0950504 0.0253546 0.19636708
0.282 -0.003162962 0.6065476 0.09399581 0.02593245 0.19410342
0.2825 -0.00315605 0.5999639 0.09294171 0.0265171 0.1918239
0.283 -0.003139803 0.5932961 0.09188799 0.02710838 0.1895296
0.2835 -0.003114373 0.5865464 0.09083453 0.02770613 0.18722141
0.284 -0.003079913 0.5797169 0.08978125 0.02831021 0.18490037
0.2845 -0.003036572 0.5728099 0.08872804 0.02892045 0.18256742
0.285 -0.002984502 0.5658272 0.0876748 0.02953673 0.1802235
0.2855 -0.002923851 0.5587709 0.08662145 0.0301589 0.17786947
0.286 -0.002854766 0.5516429 0.08556788 0.03078684 0.1755063
0.2865 -0.002777393 0.544445 0.08451402 0.03142041 0.17313483
0.287 -0.002691876 0.5371791 0.08345978 0.0320595 0.17075604
0.2875 -0.002598359 0.529847 0.08240508 0.03270399 0.1683707
0.288 -0.002496981 0.5224504 0.08134985 0.03335375 0.16597968
0.2885 -0.002387882 0.5149909 0.08029401 0.03400869 0.16358387
0.289 -0.002271198 0.5074702 0.07923749 0.03466868 0.16118401
0.2895 -0.00214732 0.4990303 0.07816658 0.035331 0.15878099
0.29 -0.002017351 0.4895339 0.07704775 0.03599493 0.15637556
0.2905 -0.001880732 0.4799613 0.07590002 0.03666481 0.15396854
0.291 -0.001737005 0.4706986 0.07474844 0.03734067 0.15156066
0.2915 -0.0015861 0.4618558 0.07360822 0.03802207 0.14915267
0.292 -0.001428104 0.453413 0.07248563 0.03870866 0.14674541
0.2925 -0.001263162 0.4452974 0.07138134 0.03940014 0.14433947
0.293 -0.001091435 0.4374228 0.07029322 0.04009629 0.14193574
0.2935 -0.0009130811 0.4297083 0.06921807 0.0407969 0.1395348
0.294 -0.0007282552 0.422085 0.06815252 0.04150183 0.13713741
0.2945 -0.0005371033 0.4144985 0.06709358 0.04221094 0.1347442
0.295 -0.000339764 0.4069076 0.0660387 0.04292409 0.13235593
0.2955 -0.0001363691 0.3992826 0.06498589 0.0436412 0.12997314
0.296 7.295643e-05 0.3916031 0.06393361 0.04436215 0.1275965
0.2965 0.0002881103 0.383856 0.06288073 0.04508686 0.1252267
0.297 0.0005090074 0.3760336 0.06182645 0.04581527 0.12286437
0.2975 0.0007355334 0.3681323 0.06077021 0.04654729 0.12051002
0.298 0.0009675626 0.3601514 0.05971164 0.04728284 0.11816431
0.2985 0.001204973 0.352092 0.05865052 0.04802185 0.11582781
0.299 0.001447651 0.3439567 0.05758673 0.04876423 0.11350105
0.2995 0.001695489 0.3357488 0.05652022 0.04950993 0.111184634
0.3 0.001948387 0.3274721 0.05545099 0.05025886 0.10887683
0.3005 0.002206351 0.3192331 0.05438081 0.05101225 0.106364645
0.301 0.00246979 0.31121 0.05331706 0.05177246 0.103950165
0.3015 0.002738815 0.3034678 0.05226568 0.05253933 0.10174162
0.302 0.003013367 0.2960403 0.05123036 0.05331282 0.09977103
0.3025 0.003293388 0.2889468 0.05021351 0.05409304 0.0980408
0.303 0.003578829 0.2821989 0.04921684 0.05488001 0.096542306
0.3035 0.003867874 0.275804 0.04824081 0.05566464 0.095263205
0.304 0.00415894 0.269766 0.04728582 0.05644886 0.09419041
0.3045 0.004454633 0.2640866 0.04635417 0.05724172 0.09331111
0.305 0.004756812 0.2587656 0.04544737 0.05804553 0.09261308
0.3055 0.00506587 0.2538013 0.04456614 0.05886013 0.09208495
0.306 0.005381452 0.2491911 0.04371079 0.05968483 0.09171621
0.3065 0.005703049 0.2449313 0.04288158 0.06051979 0.09149695
0.307 0.006030186 0.2410174 0.04207865 0.06136467 0.091418125
0.3075 0.006363328 0.2374443 0.04130234 0.06221796 0.09147137
0.308 0.006702472 0.234206 0.04055296 0.06307951 0.0916489
0.3085 0.007047296 0.2312964 0.03983069 0.06394926 0.09194351
0.309 0.007397496 0.2287093 0.03913569 0.06482714 0.09234852
0.3095 0.007752886 0.2264379 0.03846808 0.06571308 0.09285792
0.31 0.008113383 0.2244757 0.03782796 0.066607 0.09346596
0.3105 0.008478964 0.2228159 0.0372154 0.06750885 0.09416736
0.311 0.008849637 0.2214515 0.03663044 0.06841857 0.0949573
0.3115 0.009225422 0.2203759 0.03607313 0.06933611 0.09583128
0.312 0.00960634 0.2195821 0.03554345 0.07026143 0.096785195
0.3125 0.009992406 0.2190634 0.03504141 0.07119447 0.097815074
0.313 0.01038363 0.2188131 0.03456696 0.0721352 0.09891734
0.3135 0.01078001 0.2188246 0.03412005 0.07308357 0.10008883
0.314 0.01118156 0.2190914 0.03370063 0.07403954 0.10132644
0.3145 0.01158826 0.219607 0.03330861 0.07500213 0.102627225
0.315 0.01199999 0.2203654 0.03294388 0.07596347 0.103988625
0.3155 0.01241662 0.2213602 0.03260635 0.07693198 0.10540814
0.316 0.01283822 0.2225854 0.03229589 0.07791048 0.10688347
0.3165 0.01326489 0.2240353 0.03201238 0.07889861 0.10841256
0.317 0.0136967 0.2257039 0.03175568 0.0798958 0.10999329
0.3175 0.01413366 0.2275859 0.03152566 0.08090158 0.11162379
0.318 0.01457577 0.2296755 0.03132215 0.08191556 0.11330242
0.3185 0.01502301 0.2319676 0.031145 0.08293745 0.115027525
0.319 0.01547528 0.2344569 0.03099404 0.083967 0.116797544
0.3195 0.01593249 0.2371383 0.0308691 0.08500399 0.118611015
0.32 0.01639465 0.240007 0.03076998 0.08604825 0.12046654
0.3205 0.0168618 0.243058 0.03069651 0.08709964 0.12236295
0.321 0.01733395 0.2462868 0.0306485 0.08815805 0.12429897
0.3215 0.0178111 0.2496888 0.03062575 0.08922338 0.12627342
0.322 0.01829322 0.2532595 0.03062807 0.09029554 0.12828523
0.3225 0.01878028 0.2569945 0.03065525 0.09137445 0.13033333
0.323 0.01927229 0.2608899 0.03070709 0.09246005 0.13241684
0.3235 0.01976931 0.2649413 0.03078338 0.09355231 0.13453469
0.324 0.02027131 0.269145 0.03088391 0.09465116 0.13668603
0.3245 0.02077819 0.2734969 0.03100846 0.09575652 0.13887
0.325 0.02128986 0.2779934 0.03115683 0.09686831 0.14108571
0.3255 0.0218063 0.2826308 0.03132878 0.09798646 0.14333251
0.326 0.02232754 0.2874054 0.03152411 0.09911092 0.14560947
0.3265 0.02285355 0.2923138 0.03174258 0.1002416 0.14791596
0.327 0.02338424 0.2973526 0.03198397 0.1013785 0.15025115
0.3275 0.02391955 0.3025186 0.03224806 0.1025215 0.15261444
0.328 0.02445943 0.3078085 0.03253463 0.1036705 0.15500513
0.3285 0.02500386 0.3132193 0.03284344 0.1048255 0.15742254
0.329 0.02555283 0.3187478 0.03317426 0.1059864 0.15986603
0.3295 0.02610633 0.3243912 0.03352688 0.1071532 0.16233504
0.33 0.02666434 0.3301465 0.03390106 0.1083257 0.1648289
0.3305 0.02722685 0.3360111 0.03429657 0.109504 0.16734707
0.331 0.02779384 0.3419821 0.03471319 0.1106879 0.16988894
0.3315 0.02836202 0.3480567 0.03514896 0.1118604 0.17245394
0.332 0.0289279 0.354232 0.0356021 0.1130233 0.17504156
0.3325 0.02949683 0.3605054 0.03607552 0.1141943 0.1776512
0.333 0.03007248 0.366875 0.0365706 0.1153778 0.18028235
0.3335 0.03065566 0.3733383 0.03708719 0.1165731 0.18293452
0.334 0.03124585 0.3798934 0.03762469 0.1177789 0.1856072
0.3345 0.03184221 0.386538 0.03818243 0.1189941 0.18829983
0.335 0.03244399 0.3932699 0.03875987 0.1202174 0.191012
0.3355 0.03304807 0.4000868 0.03935561 0.121443 0.19374317
0.336 0.0336536 0.4069864 0.03996922 0.1226738 0.19649279
0.3365 0.03426371 0.4139669 0.04060166 0.123912 0.19926062
0.337 0.03487958 0.4210265 0.04125303 0.1251574 0.20204598
0.3375 0.03550114 0.4281633 0.04192303 0.1264095 0.20484856
0.338 0.03612792 0.4353755 0.0426113 0.1276679 0.20766783
0.3385 0.03675947 0.4426613 0.04331747 0.128932 0.21050337
0.339 0.03739527 0.4500187 0.04404125 0.1302014 0.21335477
0.3395 0.03803504 0.4574462 0.04478234 0.1314759 0.21622154
0.34 0.03867876 0.4649418 0.04554052 0.1327553 0.21910337
0.3405 0.03932646 0.4725041 0.04631558 0.1340395 0.2219998
0.341 0.03997816 0.4801313 0.0471073 0.1353284 0.22491038
0.3415 0.04063356 0.4878218 0.04791516 0.1366171 0.22783467
0.342 0.04128826 0.4955732 0.04873542 0.1378825 0.2307725
0.3425 0.04193647 0.5033835 0.04956634 0.1391211 0.23372325
0.343 0.04258142 0.51125 0.05041088 0.1403595 0.23668659
0.3435 0.04323196 0.5191701 0.05127333 0.1416154 0.23966214
0.344 0.04389185 0.5271423 0.05215451 0.1428904 0.24264953
0.3445 0.04456106 0.5351658 0.05305358 0.144182 0.24564853
0.345 0.04523824 0.5432401 0.05396938 0.1454874 0.2486586
0.3455 0.04591633 0.5513643 0.05489122 0.1468006 0.25167945
0.346 0.04658915 0.5595365 0.05581274 0.1481192 0.2547107
0.3465 0.04726871 0.5677571 0.05675377 0.1494471 0.2577521
0.347 0.04795804 0.5760263 0.05771794 0.1507836 0.2608032
0.3475 0.04865601 0.5843442 0.05870303 0.1521277 0.2638637
0.348 0.04936078 0.5927103 0.05970622 0.1534781 0.2669333
0.3485 0.05007087 0.6011238 0.06072524 0.1548342 0.27001166
0.349 0.05078528 0.6095838 0.06175869 0.1561955 0.2730985
0.3495 0.05150339 0.6180892 0.06280573 0.1575614 0.27619335
0.35 0.05222482 0.6266391 0.06386584 0.1589314 0.26077023
0.3505 0.05139498 0.6350897 0.06382675 0.1481527 0.25211844
0.351 0.04897318 0.6431947 0.06319711 0.1386275 0.24742505
0.3515 0.04694712 0.6509261 0.06306623 0.131845 0.24496987
0.352 0.04550984 0.6582873 0.06330383 0.1261198 0.24373537
0.3525 0.04443691 0.6652792 0.06371096 0.1208626 0.24313596
0.353 0.04354453 0.6719006 0.06417989 0.1159036 0.24284351
0.3535 0.04273161 0.67815 0.06466285 0.1111886 0.24268013
0.354 0.04194937 0.6840271 0.06514002 0.1066935 0.24255297
0.3545 0.04117564 0.6895327 0.06560325 0.1024025 0.2424168
0.355 0.04040076 0.6946693 0.06604906 0.09830302 0.24225172
0.3555 0.03962075 0.69944 0.06647583 0.09438351 0.24205062
0.356 0.03883419 0.7038492 0.06688272 0.09063349 0.24181274
0.3565 0.03804087 0.7079021 0.06726921 0.08704319 0.24153936
0.357 0.03724105 0.7116043 0.06763494 0.08360348 0.24123234
0.3575 0.03643528 0.714962 0.06797966 0.08030581 0.24089319
0.358 0.03562417 0.7179817 0.06830318 0.07714221 0.24052247
0.3585 0.03480837 0.7206703 0.06860534 0.07410518 0.24012008
0.359 0.03398855 0.7230347 0.06888604 0.07118771 0.23968521
0.3595 0.03316534 0.7250821 0.0691452 0.06838323 0.23921639
0.36 0.03233936 0.7268198 0.06938277 0.06568559 0.2387118
0.3605 0.03151119 0.7282549 0.06959873 0.063089 0.23816943
0.361 0.03068139 0.7293947 0.06979307 0.06058804 0.23758692
0.3615 0.02985048 0.7302463 0.06996581 0.05817765 0.23696199
0.362 0.02901897 0.7308169 0.07011698 0.05585304 0.23629242
0.3625 0.02818734 0.7311135 0.07024664 0.05360974 0.23557603
0.363 0.02735602 0.731143 0.07035485 0.05144354 0.2348108
0.3635 0.02652544 0.7309123 0.07044169 0.04935049 0.23399481
0.364 0.025696 0.730428 0.07050724 0.04732688 0.2331264
0.3645 0.02486808 0.7296966 0.0705516 0.04536922 0.23220417
0.365 0.02404201 0.7287247 0.07057488 0.04347421 0.23122686
0.3655 0.02321815 0.7275185 0.0705772 0.04163878 0.2301935
0.366 0.02239679 0.726084 0.07055869 0.03986 0.22910312
0.3665 0.02157823 0.7244274 0.07051946 0.03813514 0.22795528
0.367 0.02076274 0.7225544 0.07045967 0.03646161 0.22674957
0.3675 0.01995059 0.7204707 0.07037945 0.03483698 0.22548568
0.368 0.01914201 0.7181819 0.07027896 0.03325896 0.22416362
0.3685 0.01833722 0.7156934 0.07015835 0.03172536 0.2227836
0.369 0.01753643 0.7130105 0.07001777 0.03023416 0.22134587
0.3695 0.01673984 0.7101382 0.06985739 0.02878341 0.21985081
0.37 0.01594762 0.7070816 0.06967737 0.0273713 0.21829906
0.3705 0.01515995 0.7038456 0.06947788 0.02599609 0.21669123
0.371 0.01437698 0.7004348 0.06925911 0.02465615 0.21502808
0.3715 0.01359884 0.6968539 0.06902121 0.02334994 0.21331063
0.372 0.01282567 0.6931073 0.06876436 0.022076 0.21153969
0.3725 0.01205759 0.6891994 0.06848875 0.02083294 0.20971632
0.373 0.01129471 0.6851344 0.06819456 0.01961945 0.20784163
0.3735 0.01053713 0.6809165 0.06788197 0.01843428 0.20591673
0.374 0.009784924 0.6765496 0.06755116 0.01727625 0.20394278
0.3745 0.009038188 0.6720377 0.06720232 0.01614425 0.20192105
0.375 0.008296988 0.6673846 0.06683564 0.01503721 0.19985273
0.3755 0.007561388 0.6625938 0.0664513 0.01395412 0.1977391
0.376 0.006831443 0.6576691 0.06604949 0.01289402 0.19558144
0.3765 0.006107202 0.6526139 0.06563039 0.011856 0.19338101
0.377 0.005388705 0.6474315 0.06519421 0.01083918 0.19113904
0.3775 0.004675987 0.6421254 0.06474113 0.009842758 0.18885693
0.378 0.003969076 0.6366987 0.06427133 0.00886593 0.18653584
0.3785 0.003267993 0.6311545 0.06378501 0.007907951 0.18417701
0.379 0.002572755 0.6254958 0.06328235 0.006968108 0.1817818
0.3795 0.001883372 0.6197257 0.06276355 0.00604572 0.17935133
0.38 0.001199851 0.613847 0.0622288 0.005140138 0.17688689
0.3805 0.0005221929 0.6078625 0.06167828 0.004250743 0.17438963
0.381 -0.0001496069 0.6017749 0.06111218 0.003376944 0.1718607
0.3815 -0.0008155559 0.5955868 0.06053069 0.002518176 0.1693013
0.382 -0.001475666 0.5893009 0.059934 0.0016739 0.1667125
0.3825 -0.002129953 0.5829196 0.05932229 0.0008436014 0.16409534
0.383 -0.002778437 0.5764454 0.05869576 2.678618e-05 0.16145098
0.3835 -0.00342114 0.5698807 0.05805457 -0.0007770168 0.15878043
0.384 -0.004058088 0.5632277 0.05739893 -0.001568259 0.15608463
0.3845 -0.004689311 0.5564888 0.056729 -0.002347372 0.15336469
0.385 -0.005314839 0.549666 0.05604498 -0.00311477 0.15062141
0.3855 -0.005934708 0.5427616 0.05534705 -0.003870848 0.14785585
0.386 -0.006548954 0.5357776 0.05463537 -0.004615988 0.1450688
0.3865 -0.007157616 0.528716 0.05391014 -0.005350554 0.14226118
0.387 -0.007760736 0.5215787 0.05317153 -0.006074894 0.13943383
0.3875 -0.008358356 0.5143678 0.05241972 -0.006789344 0.13658759
0.388 -0.008950521 0.5070851 0.05165487 -0.007494227 0.1337232
0.3885 -0.009537279 0.4997323 0.05087718 -0.008189851 0.1308415
0.389 -0.01011868 0.4923112 0.0500868 -0.008876512 0.12794316
0.3895 -0.01069477 0.4848236 0.0492839 -0.009554498 0.12502894
0.39 -0.0112656 0.4772711 0.04846867 -0.01022408 0.12209947
0.3905 -0.01183122 0.4696554 0.04764126 -0.01088552 0.119155504
0.391 -0.01239169 0.4619779 0.04680184 -0.01153908 0.11619767
0.3915 -0.01294706 0.4542404 0.04595058 -0.012185 0.1132266
0.392 -0.01349739 0.4464443 0.04508764 -0.01282352 0.110242896
0.3925 -0.01404273 0.438591 0.04421319 -0.01345485 0.10724718
0.393 -0.01458313 0.4306819 0.04332738 -0.01407922 0.10423999
0.3935 -0.01511867 0.4227185 0.04243037 -0.01469684 0.10122191
0.394 -0.01564939 0.4147022 0.04152232 -0.01530791 0.09819346
0.3945 -0.01617535 0.4066341 0.04060339 -0.01591263 0.09515513
0.395 -0.01669661 0.3985157 0.03967373 -0.01651118 0.09210751
0.3955 -0.01721323 0.3903481 0.03873349 -0.01710374 0.089051045
0.396 -0.01772527 0.3821326 0.03778283 -0.0176905 0.08598621
0.3965 -0.0182328 0.3738703 0.0368219 -0.01827161 0.082913496
0.397 -0.01873586 0.3655625 0.03585083 -0.01884725 0.07983333
0.3975 -0.01923452 0.3572102 0.03486979 -0.01941756 0.07674613
0.398 -0.01972884 0.3488145 0.03387891 -0.01998271 0.073652364
0.3985 -0.02021887 0.3403766 0.03287833 -0.02054283 0.07055246
0.399 -0.02070469 0.3318974 0.03186821 -0.02109808 0.067446776
0.3995 -0.02118635 0.3233779 0.03084867 -0.02164858 0.06433571
0.4 -0.0216639 0.3148192 0.02981987 -0.02219448 0.061222434
0.4005 -0.02213482 0.3062735 0.02878474 -0.022708 0.058126003
0.401 -0.02258844 0.2978294 0.02775313 -0.02315323 0.055107966
0.4015 -0.02302276 0.2895188 0.02672737 -0.02354632 0.052197553
0.402 -0.02344075 0.281358 0.02570702 -0.02389653 0.049406767
0.4025 -0.02384489 0.2733559 0.02469201 -0.02420759 0.04673878
0.403 -0.02423658 0.2655177 0.02368269 -0.02448149 0.04419197
0.4035 -0.02461651 0.2578463 0.02267955 -0.02471975 0.041762576
0.404 -0.02498498 0.2503434 0.02168313 -0.02492368 0.039445683
0.4045 -0.02534213 0.2430094 0.02069394 -0.02509449 0.03723602
0.405 -0.02568804 0.2358439 0.01971243 -0.02523335 0.035128355
0.4055 -0.02602272 0.2288459 0.01873902 -0.02534132 0.033117495
0.406 -0.02634561 0.2220146 0.01777416 -0.02541834 0.031198569
0.4065 -0.02665647 0.2153479 0.01681827 -0.02546547 0.029366985
0.407 -0.02695617 0.208843 0.01587154 -0.02548467 0.027618386
0.4075 -0.0272451 0.2024971 0.01493416 -0.0254771 0.02594874
0.408 -0.02752329 0.1963072 0.01400636 -0.02544364 0.024354234
0.4085 -0.02779069 0.1902703 0.01308835 -0.02538509 0.022831373
0.409 -0.02804722 0.1843834 0.01218034 -0.02530217 0.021376833
0.4095 -0.02829283 0.1786434 0.0112825 -0.02519561 0.019987576
0.41 -0.0285275 0.1730472 0.01039501 -0.02506606 0.018660739
0.4105 -0.02875125 0.1675915 0.009517988 -0.02491418 0.017393693
0.411 -0.0289641 0.1622731 0.008651569 -0.02474059 0.016183898
0.4115 -0.02916608 0.1570889 0.007795857 -0.02454587 0.015029047
0.412 -0.02935725 0.1520357 0.006950948 -0.02433059 0.013926964
0.4125 -0.02953765 0.1471103 0.006116921 -0.02409529 0.012875583
0.413 -0.02970735 0.1423096 0.005293845 -0.02384051 0.011872973
0.4135 -0.02986639 0.1376305 0.004481779 -0.02356675 0.0109173395
0.414 -0.03001485 0.13307 0.003680772 -0.02327448 0.010007024
0.4145 -0.03015279 0.1286252 0.002890863 -0.02296419 0.009140372
0.415 -0.03028027 0.1242931 0.002112083 -0.0226363 0.008315861
0.4155 -0.03039736 0.1200708 0.001344455 -0.02229127 0.00753209
0.416 -0.03050413 0.1159556 0.000587996 -0.0219295 0.006787725
0.4165 -0.03060066 0.1119448 -0.0001572861 -0.02155139 0.0060813874
0.417 -0.03068701 0.1080357 -0.0008913883 -0.02115734 0.00541196
0.4175 -0.03076326 0.1042256 -0.001614314 -0.02074772 0.004778236
0.418 -0.03082949 0.1005121 -0.002326073 -0.02032289 0.004179083
0.4185 -0.03088576 0.09689273 -0.003026678 -0.0198832 0.0036134794
0.419 -0.03093217 0.09336503 -0.00371615 -0.01942899 0.003080316
0.4195 -0.03096878 0.08992668 -0.004394513 -0.01896058 0.002578728
0.42 -0.03099568 0.0865754 -0.005061795 -0.01847828 0.0021077022
0.4205 -0.03101295 0.08330896 -0.005718029 -0.01798242 0.0016664267
0.421 -0.03102066 0.08012522 -0.006363252 -0.01747327 0.0012539402
0.4215 -0.03101891 0.07702205 -0.006997504 -0.01695112 0.0008694753
0.422 -0.03100777 0.07399743 -0.007620828 -0.01641626 0.00051221997
0.4225 -0.03098732 0.07104935 -0.008233272 -0.01586895 0.00018136948
0.423 -0.03095765 0.06817588 -0.008834887 -0.01530945 -0.00012382865
0.4235 -0.03091884 0.06537514 -0.009425725 -0.01473802 -0.00040411204
0.424 -0.03087098 0.06264528 -0.01000584 -0.0141549 -0.00066013634
0.4245 -0.03081416 0.05998453 -0.0105753 -0.01356032 -0.00089263916
0.425 -0.03074845 0.05739115 -0.01113415 -0.01295453 -0.0011022091
0.4255 -0.03067394 0.05486345 -0.01168246 -0.01233773 -0.0012895539
0.426 -0.03059072 0.05239979 -0.01222031 -0.01171016 -0.0014552921
0.4265 -0.03049887 0.04999857 -0.01274774 -0.01107201 -0.0016000196
0.427 -0.03039848 0.04765824 -0.01326484 -0.0104235 -0.0017243177
0.4275 -0.03028963 0.04537728 -0.01377167 -0.009764831 -0.0018287674
0.428 -0.03017242 0.04315422 -0.01426831 -0.009096196 -0.0019139424
0.4285 -0.03004691 0.04098762 -0.01475482 -0.008417786 -0.0019804016
0.429 -0.02991321 0.03887609 -0.01523129 -0.007729788 -0.0020286515
0.4295 -0.02977139 0.03681827 -0.0156978 -0.007032383 -0.002059199
0.43 -0.02962154 0.03481283 -0.01615441 -0.006325746 -0.0020725876
0.4305 -0.02946375 0.0328585 -0.01660121 -0.00561005 -0.00206922
0.431 -0.02929809 0.03095403 -0.01703828 -0.004885461 -0.0020496994
0.4315 -0.02912464 0.02909825 -0.01746569 -0.004152128 -0.0020144358
0.432 -0.02894347 0.02729 -0.01788352 -0.003410205 -0.0019638687
0.4325 -0.02875465 0.02552812 -0.01829186 -0.002659846 -0.0018984675
0.433 -0.02855854 0.02381111 -0.01870998 -0.001902083 -0.0018186122
0.4335 -0.02835925 0.02213293 -0.01920593 -0.001147157 -0.0017248318
0.434 -0.02815623 0.02049279 -0.01967412 -0.0003885191 -0.001617454
0.4345 -0.02794612 0.018893 -0.02008919 0.0003798456 -0.0014968812
0.435 -0.02772719 0.01733504 -0.02046149 0.001159099 -0.0013635233
0.4355 -0.02749885 0.01581921 -0.02080487 0.001948927 -0.0012178048
0.436 -0.02726142 0.01434491 -0.02112963 0.002748602 -0.0010600165
0.4365 -0.02701554 0.01291109 -0.02144222 0.00355744 -0.00089057535
0.437 -0.02676189 0.01151647 -0.02174624 0.004374876 -0.0007098317
0.4375 -0.02650098 0.01015975 -0.02204352 0.005200449 -0.0005180985
0.438 -0.02623319 0.008839639 -0.0223348 0.006033776 -0.00031573325
0.4385 -0.02595879 0.007554952 -0.02262029 0.006874535 -0.00010307133
0.439 -0.02567793 0.006304584 -0.02289989 0.007722437 0.00011958927
0.4395 -0.02539075 0.005087541 -0.02317339 0.008577179 0.00035190582
0.44 -0.02509734 0.003902876 -0.02344053 0.009438561 0.00059360266
0.4405 -0.02479773 0.002749696 -0.0237011 0.01030644 0.00084438175
0.441 -0.02449197 0.001627164 -0.0239549 0.01118066 0.0011039376
0.4415 -0.0241801 0.0005344934 -0.02420176 0.0120611 0.0013720095
0.442 -0.02386217 -0.0005290777 -0.02444158 0.01294764 0.0016483217
0.4425 -0.02353825 -0.00156425 -0.02467429 0.01384014 0.001932621
0.443 -0.02320841 -0.002571576 -0.02489984 0.01473804 0.0022246242
0.4435 -0.0228737 -0.003550432 -0.0251189 0.01563405 0.0025241002
0.444 -0.02253483 -0.004502022 -0.02533155 0.01653192 0.0028308108
0.4445 -0.02219059 -0.005427693 -0.02553696 0.01743669 0.0031444728
0.445 -0.02184181 -0.006327343 -0.02573674 0.01834261 0.0034648702
0.4455 -0.02148916 -0.00720204 -0.02593066 0.01925059 0.0037918016
0.446 -0.02113065 -0.008053124 -0.0261167 0.02016662 0.0041250587
0.4465 -0.0207652 -0.008881376 -0.0262944 0.02109191 0.0044643655
0.447 -0.02039276 -0.009687316 -0.02646404 0.02202594 0.0048095956
0.4475 -0.0200137 -0.01047135 -0.02662607 0.02296789 0.0051604956
0.448 -0.01962848 -0.01123386 -0.02678087 0.02391702 0.0055168793
0.4485 -0.01923751 -0.0119752 -0.02692874 0.02487272 0.0058785677
0.449 -0.01884107 -0.01269574 -0.02706988 0.02583449 0.006245345
0.4495 -0.01843941 -0.01339586 -0.02720445 0.02680191 0.006617084
0.45 -0.01803268 -0.01407595 -0.02733256 0.02777466 0.006993562
0.4505 -0.01762099 -0.01473641 -0.0274543 0.02875247 0.0073746145
0.451 -0.01720444 -0.01537764 -0.02756975 0.02973511 0.007760115
0.4515 -0.0167831 -0.01600003 -0.02767898 0.0307224 0.008149855
0.452 -0.01635705 -0.01660398 -0.02778205 0.03171419 0.00854367
0.4525 -0.01592632 -0.01718989 -0.02787904 0.03271034 0.0089414865
0.453 -0.015491 -0.01775815 -0.02797 0.0337107 0.009343125
0.4535 -0.01505115 -0.01830915 -0.02805502 0.03471516 0.009748399
0.454 -0.01460679 -0.01884327 -0.02813415 0.03572364 0.010157198
0.4545 -0.01415799 -0.01936088 -0.02820746 0.0367361 0.010569364
0.455 -0.01370478 -0.01986233 -0.02827501 0.03775245 0.010984808
0.4555 -0.01324722 -0.020348 -0.02833688 0.03877263 0.011403382
0.456 -0.01278537 -0.02081822 -0.02839312 0.03979659 0.011824921
0.4565 -0.01231927 -0.02127334 -0.02844381 0.04082426 0.012249388
0.457 -0.011849 -0.02171369 -0.02848901 0.04185558 0.012676641
0.4575 -0.01137459 -0.02213959 -0.02852879 0.0428905 0.013106488
0.458 -0.01089605 -0.02250079 -0.02856217 0.04392966 0.013538942
0.4585 -0.01041334 -0.02281009 -0.02858781 0.04497268 0.013973832
0.459 -0.009926691 -0.02310548 -0.02860703 0.04601878 0.01441104
0.4595 -0.009436208 -0.02340325 -0.02862108 0.04706793 0.014850475
0.46 -0.008941928 -0.02370882 -0.02863068 0.04812018 0.015292093
0.4605 -0.008443874 -0.02402216 -0.02863616 0.04917555 0.015735716
0.461 -0.007942071 -0.02434079 -0.0286376 0.05023405 0.016181357
0.4615 -0.007436555 -0.02466145 -0.02863498 0.05129568 0.016628832
0.462 -0.006927362 -0.02498086 -0.02862823 0.05236042 0.01707808
0.4625 -0.006414715 -0.02529593 -0.02861732 0.05342656 0.017528988
0.463 -0.005901469 -0.02560305 -0.02860336 0.05448253 0.017981604
0.4635 -0.005387573 -0.02590127 -0.02858608 0.05553722 0.018435739
0.464 -0.00487019 -0.02619004 -0.02856412 0.05659783 0.018891312
0.4645 -0.004347883 -0.02646869 -0.02853698 0.05766556 0.019348271
0.465 -0.003820508 -0.02673668 -0.02850475 0.05873987 0.019806527
0.4655 -0.003288447 -0.02699365 -0.02846765 0.05981998 0.020266041
0.466 -0.002752249 -0.02723877 -0.02842594 0.0609063 0.020726778
0.4665 -0.002212257 -0.02747162 -0.02837985 0.06199805 0.021188602
0.467 -0.001668242 -0.02769305 -0.02832943 0.06309318 0.021651462
0.4675 -0.001120464 -0.02790364 -0.02827472 0.06419144 0.022115372
0.468 -0.0005693609 -0.02810374 -0.02821582 0.06529272 0.02258017
0.4685 -1.526606e-05 -0.02829364 -0.0281528 0.06639692 0.023045853
0.469 0.0005416468 -0.02847354 -0.02808575 0.06750394 0.023512349
0.4695 0.001101344 -0.02864365 -0.02801471 0.0686137 0.023979627
0.47 0.00166382 -0.02880418 -0.02793975 0.06972613 0.024447612
0.4705 0.002229067 -0.02895538 -0.02786092 0.07084112 0.024916299
0.471 0.002797074 -0.0290975 -0.02777828 0.07195862 0.025385655
0.4715 0.003367834 -0.02923081 -0.02769186 0.07307855 0.025855511
0.472 0.003941334 -0.02935555 -0.02760174 0.07420086 0.026325889
0.4725 0.00451756 -0.02947198 -0.02750795 0.07532549 0.02679675
0.473 0.005096493 -0.02958033 -0.02741054 0.07645239 0.02726809
0.4735 0.005678109 -0.02968084 -0.02730957 0.07758153 0.027739853
0.474 0.006262382 -0.02977372 -0.02720508 0.07871287 0.028211996
0.4745 0.006849284 -0.02985918 -0.02709712 0.07984636 0.02868446
0.475 0.007438783 -0.02993743 -0.02698573 0.08098198 0.029157147
0.4755 0.008030848 -0.03000865 -0.02687098 0.08211969 0.029630154
0.476 0.008625445 -0.03007303 -0.02675289 0.08325946 0.030103281
0.4765 0.009222528 -0.03013072 -0.02663152 0.08439825 0.030576691
0.477 0.00982192 -0.03018191 -0.02650692 0.08553144 0.031050228
0.4775 0.01042353 -0.03022674 -0.02637914 0.08666793 0.031523854
0.478 0.01102743 -0.03026536 -0.02624822 0.08780894 0.03199766
0.4785 0.01163367 -0.03029792 -0.0261142 0.08895396 0.03247139
0.479 0.01224224 -0.03032456 -0.02597714 0.09010244 0.03294521
0.4795 0.0128531 -0.03034542 -0.02583708 0.09125394 0.033419102
0.48 0.01346627 -0.03036063 -0.02569406 0.09240816 0.033892907
0.4805 0.01408168 -0.03037029 -0.0255481 0.09356484 0.034366734
0.481 0.01469944 -0.03037448 -0.02539924 0.09472383 0.034840494
0.4815 0.01531956 -0.03037332 -0.02524752 0.09588499 0.03531407
0.482 0.01594198 -0.03036692 -0.02509296 0.09704818 0.035787605
0.4825 0.0165666 -0.03035542 -0.02493563 0.09821331 0.036261015
0.483 0.01719336 -0.03033891 -0.02477555 0.09938029 0.036734223
0.4835 0.01782221 -0.03031751 -0.02461277 0.1005491 0.037207365
0.484 0.01845309 -0.03029133 -0.02444732 0.1017196 0.03768026
0.4845 0.01908596 -0.03026046 -0.02427925 0.1028917 0.038152978
0.485 0.0197208 -0.03022501 -0.02410859 0.1040655 0.03862545
0.4855 0.02035763 -0.03018505 -0.02393537 0.105241 0.039097667
0.486 0.02099648 -0.03014069 -0.02375964 0.106418 0.0395697
0.4865 0.02163729 -0.03009201 -0.02358142 0.1075966 0.04004135
0.487 0.02227996 -0.03003909 -0.02340076 0.1087767 0.0405128
0.4875 0.02292444 -0.02998202 -0.02321768 0.1099584 0.040983953
0.488 0.02357069 -0.02992087 -0.02303223 0.1111415 0.041454762
0.4885 0.02421867 -0.02985572 -0.02284443 0.1123261 0.04192528
0.489 0.02486837 -0.02978666 -0.02265432 0.1135121 0.042395487
0.4895 0.02551979 -0.02971375 -0.02246192 0.1146995 0.042865306
0.49 0.02617291 -0.02963707 -0.02226729 0.1158883 0.043334804
0.4905 0.02682769 -0.02955669 -0.02207043 0.1170785 0.043803893
0.491 0.02748391 -0.02947271 -0.02187143 0.1182697 0.04427261
0.4915 0.0281414 -0.02938521 -0.02167034 0.119462 0.044740967
0.492 0.02880031 -0.02929426 -0.02146717 0.1206553 0.0452089
0.4925 0.0294608 -0.02919993 -0.02126192 0.1218499 0.045676477
0.493 0.03012295 -0.02910226 -0.0210546 0.1230458 0.046143577
0.4935 0.03078675 -0.02900132 -0.02084523 0.124243 0.046610318
0.494 0.0314522 -0.02889716 -0.02063384 0.1254415 0.047076687
0.4945 0.03211925 -0.02878983 -0.02042046 0.1266412 0.047542535
0.495 0.03278788 -0.02867938 -0.02020512 0.1278422 0.048007973
0.4955 0.03345805 -0.02856587 -0.01998784 0.1290445 0.048472993
0.496 0.03412974 -0.02844935 -0.01976866 0.1302481 0.04893755
0.4965 0.03480291 -0.02832988 -0.0195476 0.1314528 0.049401708
0.497 0.03547754 -0.02820751 -0.0193247 0.1326588 0.049865358
0.4975 0.03615361 -0.0280823 -0.01909997 0.133866 0.050328635
0.498 0.03683108 -0.02795428 -0.01887345 0.1350744 0.05079136
0.4985 0.03750995 -0.02782352 -0.01864515 0.1362839 0.051253714
0.499 0.03819019 -0.02769006 -0.01841511 0.1374947 0.051715493
0.4995 0.03887177 -0.02755395 -0.01818335 0.1387065 0.052176863
