0.0 -0.065 -0.033857435
0.0005 -0.065 -0.049165733
0.001 -0.065 -0.05868168
0.0015 -0.065 -0.06476876
0.002 -0.065 -0.068750635
0.0025 -0.065 -0.07138991
0.003 -0.065 -0.073142484
0.0035 -0.065 -0.07429191
0.004 -0.065 -0.07502154
0.0045 -0.065 -0.07545399
0.005 -0.065 -0.07567363
0.0055 -0.065 -0.07573981
0.006 -0.065 -0.07569502
0.0065 -0.065 -0.075570114
0.007 -0.065 -0.075387634
0.0075 -0.065 -0.07516434
0.008 -0.065 -0.07491257
0.0085 -0.065 -0.07464162
0.009 -0.065 -0.07435843
0.0095 -0.065 -0.07406819
0.01 -0.065 -0.07377478
0.0105 -0.065 -0.073481135
0.011 -0.065 -0.07318942
0.0115 -0.065 -0.072901264
0.012 -0.065 -0.07261783
0.0125 -0.065 -0.07233997
0.013 -0.065 -0.07206829
0.0135 -0.065 -0.07180319
0.014 -0.065 -0.07154493
0.0145 -0.065 -0.071293645
0.015 -0.065 -0.0710494
0.0155 -0.065 -0.07081216
0.016 -0.065 -0.07058188
0.0165 -0.065 -0.070358455
0.017 -0.065 -0.07014174
0.0175 -0.065 -0.069931604
0.018 -0.065 -0.06972789
0.0185 -0.065 -0.06953041
0.019 -0.065 -0.06933901
0.0195 -0.065 -0.06915348
0.02 -0.065 -0.068973646
0.0205 -0.065 -0.06879933
0.021 -0.065 -0.06863035
0.0215 -0.065 -0.06846652
0.022 -0.065 -0.06830769
0.0225 -0.065 -0.06815368
0.023 -0.065 -0.06800432
0.0235 -0.065 -0.06785948
0.024 -0.065 -0.06771897
0.0245 -0.065 -0.06758265
0.025 -0.065 -0.0674504
0.0255 -0.065 -0.06732205
0.026 -0.065 -0.06719751
0.0265 -0.065 -0.06707661
0.027 -0.065 -0.06695924
0.0275 -0.065 -0.06684528
0.028 -0.065 -0.066734634
0.0285 -0.065 -0.06662716
0.029 -0.065 -0.06652279
0.0295 -0.065 -0.0664214
0.03 -0.065 -0.06632288
0.0305 -0.065 -0.06622717
0.031 -0.065 -0.06613415
0.0315 -0.065 -0.06604374
0.032 -0.065 -0.06595587
0.0325 -0.065 -0.06587045
0.033 -0.065 -0.06578739
0.0335 -0.065 -0.06570664
0.034 -0.065 -0.065628126
0.0345 -0.065 -0.06555175
0.035 -0.065 -0.065477476
0.0355 -0.065 -0.06540523
0.036 -0.065 -0.06533494
0.0365 -0.065 -0.06526656
0.037 -0.065 -0.065200016
0.0375 -0.065 -0.06513528
0.038 -0.065 -0.065072276
0.0385 -0.065 -0.06501094
0.039 -0.065 -0.06495126
0.0395 -0.065 -0.06489318
0.04 -0.065 -0.06483663
0.0405 -0.065 -0.06478158
0.041 -0.065 -0.06472796
0.0415 -0.065 -0.06467579
0.042 -0.065 -0.064624965
0.0425 -0.065 -0.06457548
0.043 -0.065 -0.06452729
0.0435 -0.065 -0.06448035
0.044 -0.065 -0.06443463
0.0445 -0.065 -0.06439011
0.045 -0.065 -0.064346746
0.0455 -0.065 -0.06430449
0.046 -0.065 -0.06426332
0.0465 -0.065 -0.06422322
0.047 -0.065 -0.06418415
0.0475 -0.065 -0.064146094
0.048 -0.065 -0.064109
0.0485 -0.065 -0.064072855
0.049 -0.065 -0.06403762
0.0495 -0.065 -0.0640033
0.05 -0.065 -0.063969865
0.0505 -0.065 -0.06393728
0.051 -0.065 -0.06390551
0.0515 -0.065 -0.06387453
0.052 -0.065 -0.06384435
0.0525 -0.065 -0.06381492
0.053 -0.065 -0.06378623
0.0535 -0.065 -0.06375829
0.054 -0.065 -0.06373104
0.0545 -0.065 -0.06370447
0.055 -0.065 -0.06367856
0.0555 -0.065 -0.06365331
0.056 -0.065 -0.06362869
0.0565 -0.065 -0.0636047
0.057 -0.065 -0.06358129
0.0575 -0.065 -0.063558474
0.058 -0.065 -0.06353622
0.0585 -0.065 -0.06351452
0.059 -0.065 -0.063493356
0.0595 -0.065 -0.063472725
0.06 -0.065 -0.06345261
0.0605 -0.065 -0.063432984
0.061 -0.065 -0.06341385
0.0615 -0.065 -0.06339519
0.062 -0.065 -0.063377
0.0625 -0.065 -0.063359246
0.063 -0.065 -0.06334194
0.0635 -0.065 -0.063325055
0.064 -0.065 -0.06330859
0.0645 -0.065 -0.06329254
0.065 -0.065 -0.06327687
0.0655 -0.065 -0.06326158
0.066 -0.065 -0.06324669
0.0665 -0.065 -0.06323215
0.067 -0.065 -0.06321797
0.0675 -0.065 -0.06320415
0.068 -0.065 -0.06319065
0.0685 -0.065 -0.063177474
0.069 -0.065 -0.06316464
0.0695 -0.065 -0.063152105
0.07 -0.065 -0.063139886
0.0705 -0.065 -0.06312796
0.071 -0.065 -0.06311633
0.0715 -0.065 -0.06310499
0.072 -0.065 -0.06309392
0.0725 -0.065 -0.063083135
0.073 -0.065 -0.06307258
0.0735 -0.065 -0.063062295
0.074 -0.065 -0.06305228
0.0745 -0.065 -0.06304249
0.075 -0.065 -0.063032955
0.0755 -0.065 -0.06302363
0.076 -0.065 -0.063014545
0.0765 -0.065 -0.06300568
0.077 -0.065 -0.06299702
0.0775 -0.065 -0.06298859
0.078 -0.065 -0.06298035
0.0785 -0.065 -0.06297232
0.079 -0.065 -0.06296448
0.0795 -0.065 -0.06295682
0.08 -0.065 -0.06294935
0.0805 -0.065 -0.062942065
0.081 -0.065 -0.06293497
0.0815 -0.065 -0.06292803
0.082 -0.065 -0.06292126
0.0825 -0.065 -0.06291467
0.083 -0.065 -0.06290823
0.0835 -0.065 -0.06290195
0.084 -0.065 -0.06289582
0.0845 -0.065 -0.062889814
0.085 -0.065 -0.06288398
0.0855 -0.065 -0.06287828
0.086 -0.065 -0.06287274
0.0865 -0.065 -0.0628673
0.087 -0.065 -0.062861994
0.0875 -0.065 -0.06285682
0.088 -0.065 -0.06285178
0.0885 -0.065 -0.06284685
0.089 -0.065 -0.06284205
0.0895 -0.065 -0.06283736
0.09 -0.065 -0.06283281
0.0905 -0.065 -0.06282833
0.091 -0.065 -0.06282397
0.0915 -0.065 -0.06281973
0.092 -0.065 -0.062815584
0.0925 -0.065 -0.06281153
0.093 -0.065 -0.06280758
0.0935 -0.065 -0.06280373
0.094 -0.065 -0.06279997
0.0945 -0.065 -0.06279631
0.095 -0.065 -0.06279272
0.0955 -0.065 -0.06278922
0.096 -0.065 -0.06278583
0.0965 -0.065 -0.06278248
0.097 -0.065 -0.062779225
0.0975 -0.065 -0.06277605
0.098 -0.065 -0.06277296
0.0985 -0.065 -0.062769935
0.099 -0.065 -0.06276697
0.0995 -0.065 -0.06276411
0.1 -0.065 -0.062748864
0.1005 -0.06494761 -0.062127743
0.101 -0.06473782 -0.061281856
0.1015 -0.06439992 -0.06045414
0.102 -0.06397623 -0.059764083
0.1025 -0.06349078 -0.059250623
0.103 -0.06295507 -0.058908153
0.1035 -0.06237442 -0.05871061
0.104 -0.06175127 -0.058624953
0.1045 -0.06108685 -0.05861821
0.105 -0.06038183 -0.0586606
0.1055 -0.05963665 -0.058726516
0.106 -0.05884941 -0.058794625
0.1065 -0.05801833 -0.058847394
0.107 -0.05714869 -0.058870558
0.1075 -0.05624245 -0.05885272
0.108 -0.05529956 -0.05878469
0.1085 -0.05431948 -0.05865914
0.109 -0.05330176 -0.058470365
0.1095 -0.05224614 -0.058213923
0.11 -0.05115262 -0.057886463
0.1105 -0.05002133 -0.05748551
0.111 -0.04885252 -0.057009365
0.1115 -0.04764648 -0.05645698
0.112 -0.04640353 -0.055827763
0.1125 -0.04512382 -0.05512167
0.113 -0.04380529 -0.054338966
0.1135 -0.04244963 -0.05348033
0.114 -0.04105945 -0.05254655
0.1145 -0.03963534 -0.051538784
0.115 -0.03817725 -0.050458346
0.1155 -0.03668506 -0.04930653
0.116 -0.03515878 -0.04808495
0.1165 -0.03359878 -0.046795223
0.117 -0.03200773 -0.04543907
0.1175 -0.0303851 -0.04401814
0.118 -0.02872922 -0.042534236
0.1185 -0.02704341 -0.040989134
0.119 -0.02532789 -0.039384637
0.1195 -0.0235804 -0.037722427
0.12 -0.02180001 -0.036004324
0.1205 -0.0199867 -0.034231994
0.121 -0.01813975 -0.032407302
0.1215 -0.01625946 -0.030531663
0.122 -0.01434701 -0.028606955
0.1225 -0.01240944 -0.026634563
0.123 -0.0104471 -0.024616186
0.1235 -0.008463332 -0.02255321
0.124 -0.006456354 -0.020447168
0.1245 -0.004417142 -0.018299494
0.125 -0.002343218 -0.016111512
0.1255 -0.0002425777 -0.013884579
0.126 0.001875091 -0.01161996
0.1265 0.004021204 -0.009318923
0.127 0.006203786 -0.006982629
0.1275 0.008423155 -0.0046123015
0.128 0.01067145 -0.002209072
0.1285 0.0129432 0.00022613537
0.129 0.01524392 0.0026921285
0.1295 0.01757546 0.005187805
0.13 0.01993689 0.0077122105
0.1305 0.02232646 0.010264571
0.131 0.02474259 0.012843813
0.1315 0.02718407 0.015449132
0.132 0.02965003 0.018079605
0.1325 0.03213992 0.020734336
0.133 0.03465353 0.023412552
0.1335 0.03718376 0.026113596
0.134 0.0397233 0.028836455
0.1345 0.0422838 0.031580623
0.135 0.04487206 0.034345206
0.1355 0.04748887 0.037129518
0.136 0.05013269 0.039933052
0.1365 0.05280156 0.042754974
0.137 0.05549383 0.04559463
0.1375 0.05820829 0.04845142
0.138 0.06094405 0.05132472
0.1385 0.0637004 0.054213997
0.139 0.06647679 0.05711847
0.1395 0.06927262 0.060037848
0.14 0.07207516 0.062971346
0.1405 0.07488636 0.06591841
0.141 0.0777195 0.06887864
0.1415 0.0805789 0.071851395
0.142 0.08345116 0.07483616
0.1425 0.0863235 0.07783251
0.143 0.08921314 0.080839865
0.1435 0.09213138 0.08385771
0.144 0.09507975 0.08688565
0.1445 0.09805558 0.089923196
0.145 0.1010554 0.09296986
0.1455 0.1040761 0.09602519
0.146 0.1071154 0.09908884
0.1465 0.110172 0.10216009
0.147 0.1132381 0.10523888
0.1475 0.1162957 0.10832437
0.148 0.1193632 0.11141648
0.1485 0.1224547 0.1145147
0.149 0.1255719 0.11761858
0.1495 0.1286954 0.12072765
0.15 0.131829 0.1238425
0.1505 0.1348813 0.12703276
0.151 0.1376447 0.12996739
0.1515 0.1401745 0.1325703
0.152 0.1425519 0.134862
0.1525 0.1448223 0.13689196
0.153 0.1470076 0.13871175
0.1535 0.1491178 0.14036575
0.154 0.1511571 0.14188904
0.1545 0.1531272 0.14330855
0.155 0.1550272 0.1446442
0.1555 0.1568554 0.14591041
0.156 0.1585942 0.14711812
0.1565 0.1602565 0.14827487
0.157 0.1618421 0.14938599
0.1575 0.1633532 0.15045539
0.158 0.1647847 0.15148571
0.1585 0.1661462 0.1524787
0.159 0.1674605 0.15343556
0.1595 0.1687323 0.15435696
0.16 0.1699345 0.15524301
0.1605 0.1710704 0.15609393
0.161 0.1721576 0.15690938
0.1615 0.1731995 0.1576893
0.162 0.1741926 0.15843323
0.1625 0.1751326 0.15914077
0.163 0.1760158 0.15981144
0.1635 0.17684 0.1604448
0.164 0.1776039 0.16104043
0.1645 0.1783072 0.16159776
0.165 0.1789498 0.16211641
0.1655 0.1795322 0.16259587
0.166 0.1800548 0.16303599
0.1665 0.1805182 0.16343603
0.167 0.1809229 0.16379589
0.1675 0.1812676 0.1641151
0.168 0.1815247 0.16439354
0.1685 0.1817145 0.16463077
0.169 0.1818588 0.16482666
0.1695 0.1819616 0.16498098
0.17 0.1820207 0.16509345
0.1705 0.1820328 0.16516414
0.171 0.1819951 0.16519266
0.1715 0.181906 0.16517907
0.172 0.1817409 0.16512331
0.1725 0.1813172 0.16502523
0.173 0.1808496 0.16488487
0.1735 0.1804269 0.16470218
0.174 0.1800385 0.16447711
0.1745 0.1796547 0.16420966
0.175 0.1792504 0.16390008
0.1755 0.1788088 0.16354826
0.176 0.1783198 0.16315421
0.1765 0.1777778 0.16271815
0.177 0.177181 0.1622401
0.1775 0.1765301 0.16172014
0.178 0.1758264 0.16115844
0.1785 0.1750713 0.16055511
0.179 0.174266 0.15991035
0.1795 0.173412 0.1592243
0.18 0.1725103 0.15849704
0.1805 0.1715619 0.15772876
0.181 0.170568 0.15691975
0.1815 0.1695293 0.15606998
0.182 0.1684468 0.15517983
0.1825 0.1673211 0.15424946
0.183 0.166153 0.1532791
0.1835 0.1649432 0.15226881
0.184 0.1636923 0.15121889
0.1845 0.1624009 0.15012962
0.185 0.1610696 0.14900109
0.1855 0.159699 0.14783354
0.186 0.1582895 0.14662722
0.1865 0.1568416 0.14538217
0.187 0.155356 0.1440988
0.1875 0.153833 0.14277719
0.188 0.1522731 0.14141753
0.1885 0.1506769 0.14002004
0.189 0.1490447 0.1385848
0.1895 0.147377 0.13711195
0.19 0.1456744 0.13560173
0.1905 0.1439371 0.13405417
0.191 0.1421658 0.13246933
0.1915 0.1403607 0.13084728
0.192 0.1385223 0.12918809
0.1925 0.136651 0.12749174
0.193 0.1347474 0.12575814
0.1935 0.1328116 0.123987265
0.194 0.1308443 0.122178935
0.1945 0.1288457 0.12033316
0.195 0.1268164 0.118449636
0.1955 0.1247566 0.1165281
0.196 0.1226667 0.114568256
0.1965 0.1205472 0.1125698
0.197 0.1183985 0.11053229
0.1975 0.1162209 0.108455256
0.198 0.1140147 0.10633822
0.1985 0.1117804 0.10418063
0.199 0.1095184 0.101981916
0.1995 0.1072289 0.09974124
0.2 0.1049124 0.097462334
0.2005 0.102674 0.09558215
0.201 0.100724 0.09400501
0.2015 0.09900424 0.09265039
0.202 0.09743039 0.09145113
0.2025 0.09595474 0.09035391
0.203 0.09455461 0.08931874
0.2035 0.09321974 0.088316984
0.204 0.09194552 0.08732974
0.2045 0.09072982 0.08634572
0.205 0.08957164 0.085359395
0.2055 0.08847043 0.084369496
0.206 0.08742586 0.08337754
0.2065 0.0864377 0.082387276
0.207 0.08550576 0.08140352
0.2075 0.08462984 0.08043187
0.208 0.08380975 0.07947815
0.2085 0.0830453 0.078548275
0.209 0.08233628 0.07764777
0.2095 0.08168244 0.07678201
0.21 0.08108356 0.0759559
0.2105 0.08053938 0.0751738
0.211 0.08004962 0.07443971
0.2115 0.07961402 0.073757015
0.212 0.07923226 0.07312877
0.2125 0.07890405 0.07255745
0.213 0.07862907 0.07204519
0.2135 0.07840699 0.07159368
0.214 0.07823746 0.07120431
0.2145 0.07812014 0.07087811
0.215 0.07805468 0.07061585
0.2155 0.0780407 0.07041813
0.216 0.07807783 0.07028509
0.2165 0.07816569 0.07021686
0.217 0.07830389 0.070213355
0.2175 0.07849204 0.070274346
0.218 0.07872974 0.070399426
0.2185 0.07901657 0.070588194
0.219 0.07935214 0.07084001
0.2195 0.07973603 0.07115414
0.22 0.08016781 0.07152999
0.2205 0.08064707 0.071966745
0.221 0.08117337 0.07246349
0.2215 0.0817463 0.07301947
0.222 0.08236542 0.07363371
0.2225 0.08303029 0.07430532
0.223 0.08374048 0.0750333
0.2235 0.08449534 0.07581677
0.224 0.08529429 0.076654784
0.2245 0.08613699 0.07754625
0.225 0.0870232 0.07849028
0.2255 0.08795263 0.079485916
0.226 0.0889249 0.080532126
0.2265 0.08993957 0.08162796
0.227 0.09099618 0.08277238
0.2275 0.09209427 0.08396455
0.228 0.09323337 0.08520339
0.2285 0.09441301 0.086488135
0.229 0.09563276 0.08781768
0.2295 0.09689215 0.08919116
0.23 0.09819075 0.09060771
0.2305 0.09952812 0.09206622
0.231 0.1009038 0.09356619
0.2315 0.1023174 0.095106296
0.232 0.103768 0.09668591
0.2325 0.1052553 0.098304115
0.233 0.106779 0.099960126
0.2335 0.1083382 0.10165296
0.234 0.1099314 0.103381865
0.2345 0.1115443 0.10514604
0.235 0.1131808 0.10694461
0.2355 0.1148549 0.10877686
0.236 0.1165711 0.11064189
0.2365 0.1183271 0.112539105
0.237 0.1201215 0.11446758
0.2375 0.1219531 0.116426565
0.238 0.1238203 0.11841544
0.2385 0.1257216 0.12043326
0.239 0.1276557 0.12247955
0.2395 0.1296149 0.124553435
0.24 0.1315733 0.12665415
0.2405 0.1335374 0.1287812
0.241 0.1355371 0.1309337
0.2415 0.1375848 0.13311112
0.242 0.1396798 0.13531277
0.2425 0.1418168 0.1375378
0.243 0.1439907 0.13978583
0.2435 0.1461976 0.14205605
0.244 0.1484347 0.14434782
0.2445 0.1507001 0.1466606
0.245 0.1529926 0.1489937
0.2455 0.1553115 0.1513465
0.246 0.1576562 0.15371844
0.2465 0.1600264 0.15610904
0.247 0.1624218 0.1585173
0.2475 0.1648422 0.16094318
0.248 0.1672872 0.16338581
0.2485 0.1697448 0.16584465
0.249 0.1721196 0.16831917
0.2495 0.1743618 0.17080888
0.25 0.176684 0.1733135
0.2505 0.1790243 0.17586377
0.251 0.1811549 0.1781801
0.2515 0.1831057 0.18019411
0.252 0.1849371 0.1819219
0.2525 0.1866801 0.18340686
0.253 0.1883473 0.1846956
0.2535 0.1899435 0.18582967
0.254 0.1914706 0.1868422
0.2545 0.1929188 0.18775928
0.255 0.1942738 0.1886003
0.2555 0.1955587 0.18937993
0.256 0.1967892 0.1901086
0.2565 0.1979689 0.19079426
0.257 0.1990959 0.19144231
0.2575 0.2001678 0.19205675
0.258 0.2011828 0.19264013
0.2585 0.20214 0.19319436
0.259 0.2030388 0.19372064
0.2595 0.2038792 0.19421926
0.26 0.2046613 0.19469056
0.2605 0.2053853 0.19513452
0.261 0.2060486 0.19555083
0.2615 0.2066303 0.1959391
0.262 0.2071431 0.19629872
0.2625 0.2076063 0.19662926
0.263 0.2080256 0.19692993
0.2635 0.2083999 0.19720007
0.264 0.2087219 0.19743904
0.2645 0.2089603 0.19764623
0.265 0.2091431 0.1978208
0.2655 0.2092871 0.19796222
0.266 0.2093918 0.19806986
0.2665 0.2094528 0.19814318
0.267 0.2094665 0.19818151
0.2675 0.2094307 0.1981844
0.268 0.2093442 0.19815136
0.2685 0.2092063 0.19808179
0.269 0.2090171 0.19797534
0.2695 0.2087768 0.1978316
0.27 0.2084859 0.19765028
0.2705 0.2081446 0.19743097
0.271 0.2077535 0.1971733
0.2715 0.2073058 0.19687702
0.272 0.20678 0.19654197
0.2725 0.2062077 0.1961678
0.273 0.2056021 0.19575457
0.2735 0.2049622 0.19530177
0.274 0.2042728 0.19480953
0.2745 0.2035222 0.1942774
0.275 0.2027285 0.19370568
0.2755 0.2019004 0.19309403
0.276 0.2010381 0.19244249
0.2765 0.2001391 0.19175094
0.277 0.1992006 0.19101945
0.2775 0.1982211 0.19024803
0.278 0.1971996 0.18943667
0.2785 0.1961358 0.1885854
0.279 0.1950297 0.18769437
0.2795 0.1938818 0.1867635
0.28 0.1926925 0.18579304
0.2805 0.1914623 0.184783
0.281 0.1901918 0.18373348
0.2815 0.1888815 0.18264464
0.282 0.187532 0.18151674
0.2825 0.1861438 0.18034974
0.283 0.1847174 0.17914401
0.2835 0.1832533 0.17789957
0.284 0.1817521 0.17661677
0.2845 0.180214 0.1752957
0.285 0.1786398 0.17393655
0.2855 0.1770297 0.17253965
0.286 0.1753842 0.1711051
0.2865 0.1737037 0.16963321
0.287 0.1719888 0.1681242
0.2875 0.1702398 0.16657823
0.288 0.1684571 0.16499573
0.2885 0.1666411 0.16337681
0.289 0.1647923 0.1617217
0.2895 0.162911 0.16003066
0.29 0.1609977 0.15830386
0.2905 0.1590527 0.15654154
0.291 0.1570765 0.1547439
0.2915 0.1550694 0.15291102
0.292 0.1530318 0.15104318
0.2925 0.1509641 0.14914046
0.293 0.1488667 0.14720306
0.2935 0.1467399 0.14523089
0.294 0.1445841 0.14322409
0.2945 0.1423998 0.14118266
0.295 0.1401871 0.13910654
0.2955 0.1379466 0.13699566
0.296 0.1356785 0.13484997
0.2965 0.1333832 0.13266914
0.297 0.1310611 0.13045311
0.2975 0.1287125 0.12820151
0.298 0.1263378 0.12591389
0.2985 0.1239372 0.123589925
0.299 0.1215111 0.121229164
0.2995 0.1190599 0.118831016
0.3 0.1165838 0.11639905
0.3005 0.1141881 0.11435675
0.301 0.1120829 0.11261047
0.3015 0.1102101 0.11108624
0.302 0.1084853 0.10972333
0.3025 0.1068608 0.108472645
0.303 0.1053139 0.10729606
0.3035 0.1038342 0.10616537
0.304 0.1024171 0.10506069
0.3045 0.1010606 0.10396914
0.305 0.09976347 0.1028831
0.3055 0.09852524 0.10179923
0.306 0.09734552 0.100717075
0.3065 0.09622407 0.099638455
0.307 0.09516066 0.09856668
0.3075 0.09415508 0.09750591
0.308 0.0932071 0.09646097
0.3085 0.09231651 0.09543685
0.309 0.09148307 0.094438486
0.3095 0.09070653 0.093470946
0.31 0.08998661 0.092538856
0.3105 0.08932305 0.091646396
0.311 0.08871556 0.09079759
0.3115 0.08816381 0.08999606
0.312 0.08766751 0.08924484
0.3125 0.08722632 0.08854673
0.313 0.08683989 0.08790418
0.3135 0.08650789 0.087318994
0.314 0.08622994 0.086793035
0.3145 0.08600568 0.086327635
0.315 0.08583473 0.08592375
0.3155 0.08571671 0.08558234
0.316 0.08565122 0.08530387
0.3165 0.08563785 0.085088775
0.317 0.0856762 0.08493714
0.3175 0.08576586 0.08484901
0.318 0.08590641 0.08482424
0.3185 0.08609742 0.0848626
0.319 0.08633847 0.08496366
0.3195 0.08662912 0.0851269
0.32 0.08696894 0.08535185
0.3205 0.08735748 0.08563789
0.321 0.0877943 0.08598421
0.3215 0.08827896 0.086390086
0.322 0.08881101 0.08685488
0.3225 0.08939 0.08737754
0.323 0.09001548 0.087957405
0.3235 0.09068699 0.088593476
0.324 0.09140409 0.08928486
0.3245 0.09216631 0.09003072
0.325 0.0929732 0.09083014
0.3255 0.09382431 0.09168207
0.326 0.09471918 0.092585735
0.3265 0.09565727 0.093540005
0.327 0.09663785 0.094544135
0.3275 0.09766052 0.095597126
0.328 0.09872508 0.09669798
0.3285 0.09983126 0.0978458
0.329 0.1009786 0.099039815
0.3295 0.1021668 0.10027894
0.33 0.1033951 0.10156233
0.3305 0.1046618 0.10288904
0.331 0.1059664 0.10425826
0.3315 0.1073101 0.105669044
0.332 0.1086929 0.107120596
0.3325 0.1101145 0.108611934
0.333 0.1115742 0.11014237
0.3335 0.1130656 0.11171093
0.334 0.1145765 0.113316886
0.3345 0.1161199 0.11495923
0.335 0.1177048 0.11663737
0.3355 0.1193298 0.11835041
0.336 0.1209932 0.120097496
0.3365 0.1226946 0.12187799
0.337 0.1244201 0.123690985
0.3375 0.1261735 0.12553574
0.338 0.1279657 0.12741162
0.3385 0.1297995 0.1293178
0.339 0.131673 0.13125351
0.3395 0.1335835 0.13321811
0.34 0.1355284 0.13521072
0.3405 0.1375061 0.13723078
0.341 0.1395151 0.13927764
0.3415 0.1415545 0.14135057
0.342 0.1436238 0.14344865
0.3425 0.1457223 0.14557165
0.343 0.1478497 0.14771855
0.3435 0.1500056 0.1498889
0.344 0.1521898 0.1520819
0.3445 0.1544019 0.15429711
0.345 0.1566416 0.15653372
0.3455 0.1589084 0.15879118
0.346 0.1612022 0.16106886
0.3465 0.1635059 0.16336623
0.347 0.1658065 0.16568252
0.3475 0.1681301 0.16801727
0.348 0.1704905 0.17037001
0.3485 0.1728903 0.17273998
0.349 0.1753269 0.17512667
0.3495 0.1777966 0.17752948
0.35 0.1802959 0.17994839
0.3505 0.1827176 0.18240649
0.351 0.1848499 0.18463394
0.3515 0.1867502 0.18656385
0.352 0.1885022 0.18821135
0.3525 0.1901451 0.18961921
0.353 0.1916819 0.1908333
0.3535 0.1931433 0.19189423
0.354 0.1945507 0.19283527
0.3545 0.1959097 0.19368204
0.355 0.1972189 0.19445416
0.3555 0.1984757 0.19516605
0.356 0.1996778 0.19582826
0.3565 0.2008236 0.19644886
0.357 0.2019124 0.19703326
0.3575 0.2029435 0.19758528
0.358 0.2039146 0.19810775
0.3585 0.2048037 0.19860226
0.359 0.2056206 0.19907007
0.3595 0.206386 0.19951174
0.36 0.2071065 0.19992742
0.3605 0.207781 0.20031711
0.361 0.2083925 0.20068046
0.3615 0.2089237 0.20101708
0.362 0.2094071 0.20132634
0.3625 0.2098511 0.20160758
0.363 0.2102526 0.20186028
0.3635 0.210607 0.20208365
0.364 0.2109111 0.20227705
0.3645 0.2111629 0.20243952
0.365 0.2113615 0.2025706
0.3655 0.2115064 0.20266959
0.366 0.2115977 0.20273581
0.3665 0.2116189 0.20276862
0.367 0.2115664 0.20276749
0.3675 0.2114632 0.20273167
0.368 0.2113194 0.20266086
0.3685 0.2111253 0.20255435
0.369 0.2108601 0.20241185
0.3695 0.2105534 0.20223272
0.37 0.2102135 0.20201676
0.3705 0.2098377 0.20176344
0.371 0.2094217 0.20147249
0.3715 0.2089622 0.20114356
0.372 0.2084569 0.20077649
0.3725 0.2079048 0.20037091
0.373 0.2073047 0.19992656
0.3735 0.2066557 0.1994434
0.374 0.2059591 0.19892108
0.3745 0.2052164 0.19835961
0.375 0.2044286 0.19775876
0.3755 0.2035965 0.19711839
0.376 0.2027206 0.19643858
0.3765 0.2018013 0.1957192
0.377 0.2008382 0.19496019
0.3775 0.1998315 0.19416147
0.378 0.198782 0.19332318
0.3785 0.1976906 0.19244528
0.379 0.196558 0.1915278
0.3795 0.1953847 0.19057077
0.38 0.1941712 0.18957439
0.3805 0.1929179 0.18853863
0.381 0.1916251 0.18746363
0.3815 0.1902934 0.18634948
0.382 0.1889231 0.18519638
0.3825 0.1875147 0.18400446
0.383 0.1860687 0.18277386
0.3835 0.1845855 0.18150479
0.384 0.1830655 0.18019752
0.3845 0.1814919 0.17885208
0.385 0.1798596 0.17746872
0.3855 0.1781983 0.1760478
0.386 0.1765159 0.1745894
0.3865 0.1748108 0.17309384
0.387 0.1730794 0.17156132
0.3875 0.1713184 0.16999203
0.388 0.1695261 0.16838628
0.3885 0.1677012 0.16674435
0.389 0.1658435 0.16506648
0.3895 0.1639528 0.16335277
0.39 0.1620296 0.1616036
0.3905 0.1600741 0.15981911
0.391 0.1580869 0.15799958
0.3915 0.1560685 0.15614524
0.392 0.1540192 0.15425615
0.3925 0.1519396 0.15233259
0.393 0.1498302 0.15037459
0.3935 0.1476913 0.14838237
0.394 0.1455234 0.14635593
0.3945 0.143327 0.1442953
0.395 0.1411023 0.14220056
0.3955 0.1388498 0.14007163
0.396 0.1365699 0.1379084
0.3965 0.1342629 0.13571079
0.397 0.1319291 0.13347855
0.3975 0.1295691 0.13121149
0.398 0.127183 0.12890917
0.3985 0.1247712 0.12657137
0.399 0.1223341 0.12419752
0.3995 0.1198719 0.12178718
0.4 0.1173851 0.11933977
0.4005 0.1149263 0.11707231
0.401 0.1126009 0.11494342
0.4015 0.1103799 0.11291904
0.402 0.1082212 0.11097019
0.4025 0.1061012 0.10907275
0.403 0.1040087 0.10720721
0.4035 0.1019385 0.10535874
0.404 0.09988872 0.10351621
0.4045 0.09785825 0.10167185
0.405 0.09584675 0.09982048
0.4055 0.09385409 0.09795899
0.406 0.09188022 0.09608596
0.4065 0.08992516 0.09420126
0.407 0.08798893 0.09230568
0.4075 0.08607156 0.09040072
0.408 0.08417307 0.08848844
0.4085 0.0822935 0.08657119
0.409 0.08043284 0.08465151
0.4095 0.0785911 0.08273221
0.41 0.07676828 0.08081603
0.4105 0.07496436 0.07890562
0.411 0.07317932 0.07700372
0.4115 0.07141313 0.07511277
0.412 0.06966576 0.07323521
0.4125 0.06793716 0.071373254
0.413 0.06622728 0.06952892
0.4135 0.06453605 0.06770405
0.414 0.06286342 0.06590023
0.4145 0.06120932 0.064119
0.415 0.05957366 0.062361564
0.4155 0.05795637 0.060628977
0.416 0.05635735 0.05892207
0.4165 0.05477652 0.05724163
0.417 0.05321377 0.055588204
0.4175 0.05166902 0.053962145
0.418 0.05014214 0.052363712
0.4185 0.04863304 0.050793085
0.419 0.04714159 0.04925022
0.4195 0.04566769 0.047735065
0.42 0.04421121 0.046247445
0.4205 0.04277203 0.04478705
0.421 0.04135003 0.04335358
0.4215 0.03994508 0.041946564
0.422 0.03855705 0.040565614
0.4225 0.0371858 0.039210163
0.423 0.0358312 0.037879646
0.4235 0.03449311 0.036573574
0.424 0.03317141 0.035291266
0.4245 0.03186594 0.034032144
0.425 0.03057657 0.0327955
0.4255 0.02930315 0.031580716
0.426 0.02804555 0.030387182
0.4265 0.02680361 0.029214196
0.427 0.02557719 0.028061144
0.4275 0.02436615 0.026927289
0.428 0.02317034 0.025812097
0.4285 0.02198961 0.024714887
0.429 0.02082381 0.02363509
0.4295 0.0196728 0.02257206
0.43 0.01853643 0.021525241
0.4305 0.01741455 0.020494062
0.431 0.01630701 0.019477963
0.4315 0.01521366 0.0184764
0.432 0.01413436 0.017488867
0.4325 0.01306895 0.01651492
0.433 0.01201729 0.015554036
0.4335 0.01097924 0.01460576
0.434 0.009954629 0.013669721
0.4345 0.008943329 0.012745391
0.435 0.007945187 0.011832478
0.4355 0.006960059 0.010930561
0.436 0.005987798 0.010039273
0.4365 0.00502826 0.009158312
0.437 0.004081299 0.008287308
0.4375 0.003146773 0.0074259983
0.438 0.002224539 0.0065740803
0.4385 0.001314455 0.0057312967
0.439 0.0004163788 0.0048973085
0.4395 -0.0004698295 0.0040719854
0.44 -0.001344309 0.003255018
0.4405 -0.0022072 0.0024462035
0.441 -0.003058638 0.0016454039
0.4415 -0.003898762 0.00085232314
0.442 -0.004727706 6.6879205e-05
0.4425 -0.005545606 -0.00071115885
0.443 -0.006352596 -0.0014819475
0.4435 -0.007148807 -0.0022455687
0.444 -0.007934373 -0.003002218
0.4445 -0.008709423 -0.0037520016
0.445 -0.009474088 -0.004495074
0.4455 -0.01022849 -0.0052314634
0.446 -0.01097277 -0.0059613353
0.4465 -0.01170705 -0.0066847904
0.447 -0.01243144 -0.007401862
0.4475 -0.01314608 -0.008112707
0.448 -0.01385109 -0.008817363
0.4485 -0.01454659 -0.009515877
0.449 -0.0152327 -0.010208364
0.4495 -0.01590953 -0.01089484
0.45 -0.01657722 -0.0115754055
0.4505 -0.01723587 -0.012250117
0.451 -0.0178856 -0.012918931
0.4515 -0.01852653 -0.013581988
0.452 -0.01915877 -0.014239321
0.4525 -0.01978242 -0.014890925
0.453 -0.02039761 -0.015536883
0.4535 -0.02100445 -0.016177163
0.454 -0.02160303 -0.016811825
0.4545 -0.02219347 -0.017440937
0.455 -0.02277588 -0.01806448
0.4555 -0.02335035 -0.01868248
0.456 -0.023917 -0.01929498
0.4565 -0.02447593 -0.019901998
0.457 -0.02502724 -0.020503532
0.4575 -0.02557103 -0.02109962
0.458 -0.02610739 -0.021690242
0.4585 -0.02663643 -0.022275459
0.459 -0.02715825 -0.022855267
0.4595 -0.02767294 -0.023429684
0.46 -0.02818059 -0.023998737
0.4605 -0.02868131 -0.024562385
0.461 -0.02917517 -0.025120698
0.4615 -0.02966228 -0.025673639
0.462 -0.03014272 -0.026221264
0.4625 -0.03061659 -0.026763536
0.463 -0.03108396 -0.027300488
0.4635 -0.03154494 -0.027832143
0.464 -0.0319996 -0.028358478
0.4645 -0.03244804 -0.028879542
0.465 -0.03289032 -0.0293953
0.4655 -0.03332655 -0.0299058
0.466 -0.03375679 -0.030411065
0.4665 -0.03418114 -0.030911036
0.467 -0.03459966 -0.031405766
0.4675 -0.03501244 -0.031895254
0.468 -0.03541957 -0.032379538
0.4685 -0.0358211 -0.0328586
0.469 -0.03621713 -0.03333244
0.4695 -0.03660772 -0.0338011
0.47 -0.03699295 -0.034264565
0.4705 -0.0373729 -0.034722865
0.471 -0.03774763 -0.035176
0.4715 -0.03811721 -0.03562396
0.472 -0.03848172 -0.0360668
0.4725 -0.03884123 -0.036504526
0.473 -0.0391958 -0.036937118
0.4735 -0.0395455 -0.037364617
0.474 -0.03989041 -0.037787035
0.4745 -0.04023057 -0.03820437
0.475 -0.04056607 -0.038616665
0.4755 -0.04089696 -0.039023913
0.476 -0.04122331 -0.039426144
0.4765 -0.04154517 -0.039823387
0.477 -0.04186262 -0.040215623
0.4775 -0.04217571 -0.040602885
0.478 -0.0424845 -0.04098522
0.4785 -0.04278906 -0.041362625
0.479 -0.04308943 -0.041735146
0.4795 -0.04338568 -0.042102747
0.48 -0.04367786 -0.04246549
0.4805 -0.04396604 -0.04282339
0.481 -0.04425026 -0.043176483
0.4815 -0.04453058 -0.043524772
0.482 -0.04480705 -0.043868314
0.4825 -0.04507973 -0.044207107
0.483 -0.04534867 -0.044541184
0.4835 -0.04561393 -0.044870574
0.484 -0.04587554 -0.045195308
0.4845 -0.04613357 -0.045515407
0.485 -0.04638806 -0.045830917
0.4855 -0.04663906 -0.046141837
0.486 -0.04688662 -0.04644825
0.4865 -0.04713078 -0.04675011
0.487 -0.0473716 -0.047047522
0.4875 -0.04760912 -0.047340494
0.488 -0.04784339 -0.04762904
0.4885 -0.04807445 -0.04791322
0.489 -0.04830234 -0.04819304
0.4895 -0.04852712 -0.048468564
0.49 -0.04874881 -0.048739813
0.4905 -0.04896748 -0.04900684
0.491 -0.04918315 -0.049269676
0.4915 -0.04939586 -0.049528334
0.492 -0.04960567 -0.04978286
0.4925 -0.04981261 -0.050033312
0.493 -0.05001672 -0.050279707
0.4935 -0.05021803 -0.050522093
0.494 -0.0504166 -0.05076051
0.4945 -0.05061245 -0.050995007
0.495 -0.05080562 -0.051225614
0.4955 -0.05099616 -0.051452354
0.496 -0.05118409 -0.05167534
0.4965 -0.05136946 -0.051894516
0.497 -0.05155229 -0.05210996
0.4975 -0.05173263 -0.05232175
0.498 -0.05191051 -0.05252989
0.4985 -0.05208596 -0.052734423
0.499 -0.05225902 -0.05293541
0.4995 -0.05242971 -0.053132888
