0.0 -0.065 -0.0053794878
0.0005 -0.05362171 -0.019741256
0.001 -0.04150363 -0.028012652
0.0015 -0.03387331 -0.032650705
0.002 -0.02893887 -0.035151247
0.0025 -0.02528174 -0.036165792
0.003 -0.02220731 -0.036040787
0.0035 -0.01941029 -0.035018045
0.004 -0.01674892 -0.0332917
0.0045 -0.01416073 -0.031023655
0.005 -0.0116308 -0.028348047
0.0055 -0.009157847 -0.02537397
0.006 -0.006718963 -0.02218901
0.0065 -0.004300547 -0.01886234
0.007 -0.001899593 -0.015448262
0.0075 0.0004797185 -0.011989062
0.008 0.002824759 -0.008517151
0.0085 0.005143493 -0.0050573396
0.009 0.007441548 -0.0016282843
0.0095 0.009709161 0.001755829
0.01 0.0119513 0.005084689
0.0105 0.01417489 0.008350934
0.011 0.01637923 0.011549245
0.0115 0.01855985 0.014676238
0.012 0.02071801 0.017729934
0.0125 0.0228536 0.020709198
0.013 0.02496572 0.023613777
0.0135 0.02705368 0.026444089
0.014 0.02911699 0.029201072
0.0145 0.03115541 0.0318858
0.015 0.03316886 0.0344997
0.0155 0.03515738 0.03704455
0.016 0.03712117 0.039522033
0.0165 0.03906051 0.041934084
0.017 0.04097569 0.044282567
0.0175 0.04286704 0.04656942
0.018 0.04473485 0.048796576
0.0185 0.04657942 0.050966036
0.019 0.04840102 0.053079676
0.0195 0.05019991 0.0551393
0.02 0.05197633 0.05714671
0.0205 0.05373051 0.059103798
0.021 0.05545158 0.061012115
0.0215 0.05711745 0.06287343
0.022 0.05875715 0.064689286
0.0225 0.0603806 0.06646129
0.023 0.06199219 0.06819094
0.0235 0.06359662 0.06987963
0.024 0.06519169 0.07152874
0.0245 0.06677389 0.073139705
0.025 0.06834028 0.074713625
0.0255 0.06988891 0.07625186
0.026 0.07141863 0.07775552
0.0265 0.07292885 0.0792259
0.027 0.07441867 0.08066382
0.0275 0.07586508 0.08207052
0.028 0.07727638 0.08344705
0.0285 0.07867564 0.084794134
0.029 0.08006896 0.08611281
0.0295 0.08145444 0.08740406
0.03 0.08282852 0.08866859
0.0305 0.08418824 0.08990734
0.031 0.08553136 0.09112089
0.0315 0.08685447 0.09231027
0.032 0.0881423 0.093476
0.0325 0.08940456 0.094618805
0.033 0.09065491 0.09573936
0.0335 0.09189594 0.09683834
0.034 0.09311094 0.09791638
0.0345 0.09430383 0.09897397
0.035 0.09548754 0.10001179
0.0355 0.09666509 0.10103038
0.036 0.09783464 0.10203016
0.0365 0.09899341 0.10301169
0.037 0.1001392 0.10397553
0.0375 0.1012705 0.10492207
0.038 0.1023866 0.10585182
0.0385 0.1034872 0.10676512
0.039 0.1045723 0.10766255
0.0395 0.1056418 0.10854439
0.04 0.1066962 0.10941103
0.0405 0.1077357 0.11026295
0.041 0.1087509 0.11110041
0.0415 0.1097372 0.111923784
0.042 0.1107117 0.11273348
0.0425 0.1116718 0.11352979
0.043 0.1126129 0.114313014
0.0435 0.113549 0.11508349
0.044 0.114482 0.11584147
0.0445 0.1154097 0.11658735
0.045 0.1163291 0.11732123
0.0455 0.117238 0.118043534
0.046 0.1181352 0.11875447
0.0465 0.1190199 0.11945429
0.047 0.1198915 0.1201432
0.0475 0.1207497 0.12082151
0.048 0.1215948 0.12148943
0.0485 0.1224274 0.12214721
0.049 0.123248 0.12279501
0.0495 0.1240571 0.123433046
0.05 0.1248549 0.12406155
0.0505 0.1256417 0.12468072
0.051 0.1264175 0.12529072
0.0515 0.1271824 0.12589185
0.052 0.1279364 0.12648404
0.0525 0.1286799 0.12706763
0.053 0.129413 0.12764287
0.0535 0.130136 0.1282098
0.054 0.130849 0.12876871
0.0545 0.1315521 0.12931955
0.055 0.1322456 0.12986253
0.0555 0.1329292 0.13039805
0.056 0.1336025 0.130926
0.0565 0.1342615 0.13144657
0.057 0.1348946 0.13195992
0.0575 0.1355069 0.13246617
0.058 0.1361144 0.1329655
0.0585 0.1367224 0.13345805
0.059 0.1373304 0.13394383
0.0595 0.1379361 0.13442302
0.06 0.1385365 0.1348958
0.0605 0.1391264 0.13536221
0.061 0.1397076 0.13582236
0.0615 0.1402821 0.13627645
0.062 0.1408494 0.13672447
0.0625 0.1413926 0.13716662
0.063 0.1419167 0.13760293
0.0635 0.1424384 0.13803345
0.064 0.142963 0.13845836
0.0645 0.1434892 0.13887781
0.065 0.1440142 0.1392918
0.0655 0.1445355 0.13970049
0.066 0.1450515 0.14010394
0.0665 0.145561 0.14050223
0.067 0.1460634 0.14089549
0.0675 0.1465586 0.14128369
0.068 0.1470464 0.14166701
0.0685 0.147527 0.14204542
0.069 0.1480004 0.14241907
0.0695 0.1484668 0.14278817
0.07 0.1489263 0.14315262
0.0705 0.1493792 0.14351247
0.071 0.1498254 0.14386794
0.0715 0.150265 0.14421901
0.072 0.1506979 0.1445657
0.0725 0.1511201 0.14490816
0.073 0.1515156 0.14524652
0.0735 0.1518999 0.14558068
0.074 0.152286 0.14591075
0.0745 0.1526766 0.14623694
0.075 0.1530696 0.14655915
0.0755 0.1534623 0.14687742
0.076 0.1538524 0.14719188
0.0765 0.1542385 0.14750251
0.077 0.1546197 0.1478095
0.0775 0.1549956 0.1481129
0.078 0.1553658 0.1484126
0.0785 0.1557294 0.14870873
0.079 0.1560691 0.14900148
0.0795 0.1563912 0.14929071
0.08 0.1567129 0.14957653
0.0805 0.1570396 0.14985904
0.081 0.1573702 0.15013823
0.0815 0.1577021 0.15041415
0.082 0.1580328 0.15068695
0.0825 0.1583606 0.15095645
0.083 0.1586752 0.15122291
0.0835 0.1589658 0.15148634
0.084 0.1592508 0.15174666
0.0845 0.15954 0.15200408
0.085 0.1598341 0.15225847
0.0855 0.1601308 0.15251005
0.086 0.1604274 0.15275866
0.0865 0.1607182 0.1530045
0.087 0.1608334 0.1532476
0.0875 0.1609213 0.15348792
0.088 0.1610855 0.15372542
0.0885 0.1613074 0.1539604
0.089 0.1615616 0.15419264
0.0895 0.1618462 0.15442225
0.09 0.1621492 0.1546494
0.0905 0.1624588 0.15487397
0.091 0.1627667 0.155096
0.0915 0.1630684 0.15531555
0.092 0.1633614 0.15553272
0.0925 0.1636452 0.15574747
0.093 0.1639198 0.1559599
0.0935 0.1641671 0.15616989
0.094 0.1643688 0.15637764
0.0945 0.164562 0.15658306
0.095 0.1647668 0.15678632
0.0955 0.1649849 0.15698731
0.096 0.1652122 0.15718609
0.0965 0.1654435 0.15738276
0.097 0.1656753 0.15757725
0.0975 0.165905 0.15776958
0.098 0.1661312 0.15795994
0.0985 0.1663533 0.15814808
0.099 0.1665711 0.15833434
0.0995 0.1667834 0.15851855
0.1 0.1669894 0.15846197
0.1005 0.1558382 0.15070099
0.101 0.1439953 0.14357866
0.1015 0.1366672 0.1382772
0.102 0.1320546 0.13440911
0.1025 0.128736 0.13147478
0.103 0.1260115 0.12912166
0.1035 0.1235713 0.12713028
0.104 0.1212814 0.12536554
0.1045 0.1190835 0.123741515
0.105 0.1169519 0.1222009
0.1055 0.1148745 0.120704524
0.106 0.1128455 0.11922542
0.1065 0.110862 0.11774547
0.107 0.1089224 0.11625322
0.1075 0.1070256 0.11474258
0.108 0.1051711 0.11321112
0.1085 0.1033583 0.11165933
0.109 0.1015869 0.11008973
0.1095 0.09985657 0.108506106
0.11 0.09816697 0.105193585
0.1105 0.09650123 0.101965934
0.111 0.09485423 0.09924688
0.1115 0.09324428 0.096885845
0.112 0.09167309 0.09474119
0.1125 0.09013965 0.09274529
0.113 0.08864287 0.09087703
0.1135 0.08718199 0.08913321
0.114 0.08575648 0.087512776
0.1145 0.08436597 0.08601084
0.115 0.08301015 0.08461782
0.1155 0.08168874 0.083320595
0.116 0.08040148 0.08210436
0.1165 0.0791481 0.08095431
0.117 0.07792836 0.079856776
0.1175 0.07674198 0.07880014
0.118 0.07558871 0.0777747
0.1185 0.07446827 0.076773204
0.119 0.0733804 0.0757904
0.1195 0.07232483 0.07482292
0.12 0.07130128 0.073868826
0.1205 0.07030949 0.0729276
0.121 0.06934923 0.071999595
0.1215 0.06842021 0.07108588
0.122 0.06752213 0.07018807
0.1225 0.06665467 0.069308
0.123 0.06581754 0.06844777
0.1235 0.06501044 0.067609474
0.124 0.06423308 0.066795155
0.1245 0.06348517 0.06600683
0.125 0.06276643 0.06524616
0.1255 0.06207657 0.06451497
0.126 0.06141529 0.063814625
0.1265 0.06078232 0.063146375
0.127 0.06017737 0.06251127
0.1275 0.05960015 0.06191012
0.128 0.05905036 0.06134368
0.1285 0.05852773 0.060812544
0.129 0.05803196 0.060316842
0.1295 0.05756277 0.059856977
0.13 0.05711988 0.05943298
0.1305 0.05670299 0.059044834
0.131 0.05631182 0.058692466
0.1315 0.05594608 0.058375638
0.132 0.05560551 0.05809402
0.1325 0.0552898 0.05784739
0.133 0.05499869 0.057635304
0.1335 0.0547319 0.05745734
0.134 0.05448914 0.05731299
0.1345 0.05427013 0.05720189
0.135 0.05407462 0.0571233
0.1355 0.05390231 0.057076853
0.136 0.05375295 0.05706198
0.1365 0.05362626 0.057078104
0.137 0.05352197 0.057124685
0.1375 0.05343982 0.057201143
0.138 0.05337954 0.057306882
0.1385 0.05334088 0.057441425
0.139 0.05332356 0.057604175
0.1395 0.05332733 0.057794597
0.14 0.05335194 0.058012184
0.1405 0.05339714 0.05825634
0.141 0.05346266 0.058526617
0.1415 0.05354826 0.058822434
0.142 0.05365369 0.05914342
0.1425 0.05377871 0.059489038
0.143 0.05392306 0.05985872
0.1435 0.05408652 0.060252126
0.144 0.05426884 0.060668778
0.1445 0.05446978 0.06110811
0.145 0.05468911 0.061569896
0.1455 0.0549266 0.062053587
0.146 0.05518201 0.06255878
0.1465 0.05545512 0.06308509
0.147 0.0557457 0.06363223
0.1475 0.05605352 0.06419965
0.148 0.0563783 0.06478708
0.1485 0.05671984 0.065394126
0.149 0.05707798 0.06602051
0.1495 0.05745256 0.066665806
0.15 0.05784335 0.06732922
0.1505 0.05823996 0.06794936
0.151 0.05860031 0.068410866
0.1515 0.05891632 0.0687074
0.152 0.05919946 0.06886967
0.1525 0.0594593 0.06893513
0.153 0.05970109 0.068936534
0.1535 0.05992723 0.068898715
0.154 0.06013865 0.068839036
0.1545 0.06033515 0.06876863
0.155 0.06051319 0.06869415
0.1555 0.06067496 0.068618916
0.156 0.06082319 0.06854392
0.1565 0.06095838 0.06846868
0.157 0.06108001 0.06839224
0.1575 0.06118731 0.06831253
0.158 0.06127963 0.068227835
0.1585 0.06135648 0.068136
0.159 0.06141752 0.0680353
0.1595 0.06146251 0.067923866
0.16 0.06149128 0.067800276
0.1605 0.06150373 0.06766305
0.161 0.06149977 0.067511134
0.1615 0.06147936 0.06734366
0.162 0.06144244 0.067159705
0.1625 0.06138899 0.06695897
0.163 0.061319 0.06674076
0.1635 0.06123245 0.06650513
0.164 0.06112936 0.06625179
0.1645 0.06100973 0.06598068
0.165 0.06087359 0.065692
0.1655 0.06072095 0.06538581
0.166 0.06055186 0.065062545
0.1665 0.06036635 0.06472225
0.167 0.06016448 0.0643655
0.1675 0.0599463 0.06399249
0.168 0.05971187 0.06360375
0.1685 0.05946126 0.06319968
0.169 0.05919455 0.062780835
0.1695 0.05891182 0.062347572
0.17 0.05861315 0.061900463
0.1705 0.05829864 0.061440077
0.171 0.05796838 0.060966622
0.1715 0.05762246 0.06048095
0.172 0.057261 0.059983324
0.1725 0.0568841 0.05947421
0.173 0.05649188 0.058954176
0.1735 0.05608444 0.058423515
0.174 0.05566192 0.057882857
0.1745 0.05522442 0.057332467
0.175 0.05477207 0.05677284
0.1755 0.05430501 0.056204285
0.176 0.05382335 0.055627193
0.1765 0.05332723 0.05504192
0.177 0.05281678 0.05444881
0.1775 0.05229213 0.05384813
0.178 0.05175343 0.05324022
0.1785 0.0512008 0.052625295
0.179 0.0506344 0.052003678
0.1795 0.05005434 0.051375534
0.18 0.04946079 0.050741043
0.1805 0.04885387 0.05010053
0.181 0.04823373 0.04945409
0.1815 0.04760051 0.04880182
0.182 0.04695435 0.048143905
0.1825 0.04629541 0.047480535
0.183 0.04562381 0.04681171
0.1835 0.04493971 0.046137568
0.184 0.04424324 0.045458253
0.1845 0.04353455 0.04477374
0.185 0.04281379 0.044084165
0.1855 0.04208109 0.043389563
0.186 0.0413366 0.042689938
0.1865 0.04058046 0.04198536
0.187 0.03981282 0.04127578
0.1875 0.0390338 0.040561322
0.188 0.03824356 0.03984182
0.1885 0.03744224 0.039117467
0.189 0.03662997 0.038388196
0.1895 0.03580688 0.037653964
0.19 0.03497313 0.036914837
0.1905 0.03412884 0.03617077
0.191 0.03327416 0.0354218
0.1915 0.03240921 0.034667905
0.192 0.03153413 0.033909183
0.1925 0.03064906 0.033145543
0.193 0.02975412 0.032377083
0.1935 0.02884945 0.031603824
0.194 0.02793518 0.03082582
0.1945 0.02701144 0.030043166
0.195 0.02607834 0.029255915
0.1955 0.02513603 0.02846418
0.196 0.02418463 0.027668055
0.1965 0.02322425 0.02686771
0.197 0.02225503 0.02606327
0.1975 0.02127709 0.025254928
0.198 0.02029054 0.024442855
0.1985 0.01929551 0.02362733
0.199 0.01829211 0.022808578
0.1995 0.01728046 0.021986876
0.2 0.01626068 0.021162588
0.2005 0.01523797 0.02029102
0.201 0.01423338 0.019422218
0.2015 0.01325095 0.01856687
0.202 0.01228494 0.017721608
0.2025 0.01133057 0.016880132
0.203 0.01038524 0.016037285
0.2035 0.009447742 0.015189915
0.204 0.008517615 0.014336835
0.2045 0.00759473 0.013478282
0.205 0.006679107 0.012615428
0.2055 0.005770831 0.0117497025
0.206 0.004870009 0.010882872
0.2065 0.003976755 0.010016537
0.207 0.003091178 0.009152199
0.2075 0.002213382 0.008291199
0.208 0.001343463 0.0074345944
0.2085 0.0004815077 0.006583332
0.209 -0.0003724039 0.0057381047
0.2095 -0.001218202 0.004899475
0.21 -0.002055824 0.0040679136
0.2105 -0.002885216 0.003243682
0.211 -0.00370633 0.002427048
0.2115 -0.004519128 0.0016181571
0.212 -0.005323576 0.00081705954
0.2125 -0.006119648 2.38223e-05
0.213 -0.006907323 -0.000761603
0.2135 -0.007686588 -0.0015391922
0.214 -0.008457434 -0.0023090662
0.2145 -0.009219857 -0.0030712476
0.215 -0.009973859 -0.0038259001
0.2155 -0.01071945 -0.004573024
0.216 -0.01145663 -0.0053128386
0.2165 -0.01218543 -0.0060453815
0.217 -0.01290585 -0.0067708166
0.2175 -0.01361794 -0.0074892147
0.218 -0.0143217 -0.008200682
0.2185 -0.01501717 -0.008905408
0.219 -0.01570439 -0.009603419
0.2195 -0.01638339 -0.010294841
0.22 -0.01705422 -0.010979791
0.2205 -0.0177169 -0.0116583565
0.221 -0.0183715 -0.012330611
0.2215 -0.01901804 -0.012996652
0.222 -0.0196566 -0.013656613
0.2225 -0.0202872 -0.014310489
0.223 -0.02090992 -0.014958409
0.2235 -0.0215248 -0.015600425
0.224 -0.0221319 -0.016236588
0.2245 -0.02273129 -0.016866978
0.225 -0.02332301 -0.017491639
0.2255 -0.02390713 -0.018110614
0.226 -0.02448371 -0.018723965
0.2265 -0.02505282 -0.019331723
0.227 -0.02561453 -0.019933958
0.2275 -0.02616889 -0.020530663
0.228 -0.02671597 -0.021121904
0.2285 -0.02725584 -0.021707684
0.229 -0.02778857 -0.022288043
0.2295 -0.02831423 -0.022863016
0.23 -0.02883289 -0.023432642
0.2305 -0.02934461 -0.02399692
0.231 -0.02984947 -0.024555858
0.2315 -0.03034753 -0.025109526
0.232 -0.03083887 -0.025657892
0.2325 -0.03132356 -0.026200995
0.233 -0.03180167 -0.026738834
0.2335 -0.03227327 -0.02727145
0.234 -0.03273843 -0.02779885
0.2345 -0.03319722 -0.02832099
0.235 -0.03364971 -0.028837983
0.2355 -0.03409598 -0.029349796
0.236 -0.0345361 -0.029856395
0.2365 -0.03497014 -0.03035786
0.237 -0.03539816 -0.030854166
0.2375 -0.03582024 -0.031345334
0.238 -0.03623645 -0.031831346
0.2385 -0.03664686 -0.032312218
0.239 -0.03705154 -0.032788023
0.2395 -0.03745056 -0.03325872
0.24 -0.03784399 -0.033724338
0.2405 -0.03823189 -0.03418486
0.241 -0.03861434 -0.034640305
0.2415 -0.0389914 -0.0350907
0.242 -0.03936315 -0.035536062
0.2425 -0.03972964 -0.035976388
0.243 -0.04009095 -0.03641171
0.2435 -0.04044714 -0.036842022
0.244 -0.04079827 -0.037267353
0.2445 -0.04114442 -0.03768771
0.245 -0.04148565 -0.038103096
0.2455 -0.04182202 -0.03851355
0.246 -0.04215359 -0.03891905
0.2465 -0.04248043 -0.039319664
0.247 -0.0428026 -0.03971535
0.2475 -0.04312017 -0.040106196
0.248 -0.04343318 -0.04049216
0.2485 -0.04374172 -0.040873285
0.249 -0.04404583 -0.041249547
0.2495 -0.04434557 -0.041621044
0.25 -0.04464101 -0.04198775
0.2505 -0.0449322 -0.042349685
0.251 -0.0452192 -0.04270688
0.2515 -0.04550207 -0.043059353
0.252 -0.04578087 -0.043407116
0.2525 -0.04605564 -0.043750215
0.253 -0.04632645 -0.04408865
0.2535 -0.04659336 -0.04442248
0.254 -0.0468564 -0.0447517
0.2545 -0.04711565 -0.04507633
0.255 -0.04737115 -0.045396414
0.2555 -0.04762295 -0.045711968
0.256 -0.04787111 -0.046023052
0.2565 -0.04811568 -0.04632968
0.257 -0.0483567 -0.04663183
0.2575 -0.04859423 -0.04692958
0.258 -0.04882832 -0.047222964
0.2585 -0.04905902 -0.04751199
0.259 -0.04928637 -0.047796715
0.2595 -0.04951042 -0.04807716
0.26 -0.04973122 -0.04835335
0.2605 -0.04994881 -0.048625324
0.261 -0.05016325 -0.048893098
0.2615 -0.05037457 -0.04915673
0.262 -0.05058283 -0.04941623
0.2625 -0.05078806 -0.04967166
0.263 -0.0509903 -0.049923055
0.2635 -0.05118961 -0.050170448
0.264 -0.05138603 -0.05041385
0.2645 -0.05157958 -0.050653335
0.265 -0.05177033 -0.050888915
0.2655 -0.0519583 -0.05112062
0.266 -0.05214354 -0.05134852
0.2665 -0.05232609 -0.051572632
0.267 -0.05250599 -0.051793005
0.2675 -0.05268327 -0.05200969
0.268 -0.05285797 -0.0522227
0.2685 -0.05303014 -0.052432075
0.269 -0.0531998 -0.05263788
0.2695 -0.053367 -0.052840132
0.27 -0.05353176 -0.053038877
0.2705 -0.05369414 -0.05323418
0.271 -0.05385415 -0.05342604
0.2715 -0.05401184 -0.05361453
0.272 -0.05416724 -0.05379969
0.2725 -0.05432038 -0.053981546
0.273 -0.0544713 -0.054160144
0.2735 -0.05462003 -0.054335523
0.274 -0.0547666 -0.054507755
0.2745 -0.05491104 -0.054676834
0.275 -0.05505339 -0.054842826
0.2755 -0.05519367 -0.055005778
0.276 -0.05533191 -0.05516571
0.2765 -0.05546816 -0.055322703
0.277 -0.05560242 -0.05547675
0.2775 -0.05573474 -0.055627912
0.278 -0.05586514 -0.055776235
0.2785 -0.05599366 -0.05592176
0.279 -0.05612031 -0.056064535
0.2795 -0.05624513 -0.05620458
0.28 -0.05636814 -0.05634197
0.2805 -0.05648937 -0.0564767
0.281 -0.05660885 -0.05660881
0.2815 -0.0567266 -0.056738388
0.282 -0.05684265 -0.05686544
0.2825 -0.05695702 -0.056990005
0.283 -0.05706973 -0.05711214
0.2835 -0.05718082 -0.05723187
0.284 -0.05729031 -0.05734924
0.2845 -0.05739821 -0.057464268
0.285 -0.05750456 -0.057577036
0.2855 -0.05760938 -0.05768754
0.286 -0.05771268 -0.05779583
0.2865 -0.05781449 -0.057901952
0.287 -0.05791484 -0.058005936
0.2875 -0.05801374 -0.058107793
0.288 -0.05811122 -0.058207616
0.2885 -0.0582073 -0.058305394
0.289 -0.05830199 -0.05840117
0.2895 -0.05839532 -0.058494996
0.29 -0.05848731 -0.058586888
0.2905 -0.05857798 -0.058676876
0.291 -0.05866735 -0.058765013
0.2915 -0.05875543 -0.058851324
0.292 -0.05884225 -0.058935832
0.2925 -0.05892782 -0.0590186
0.293 -0.05901217 -0.059099633
0.2935 -0.05909531 -0.05917896
0.294 -0.05917725 -0.059256602
0.2945 -0.05925803 -0.059332635
0.295 -0.05933764 -0.059407044
0.2955 -0.05941612 -0.059479892
0.296 -0.05949348 -0.059551183
0.2965 -0.05956973 -0.059620965
0.297 -0.05964489 -0.059689257
0.2975 -0.05971897 -0.059756104
0.298 -0.059792 -0.05982149
0.2985 -0.05986399 -0.059885483
0.299 -0.05993495 -0.059948105
0.2995 -0.0600049 -0.060009368
0.3 -0.06007385 -0.0600693
0.3005 -0.06014182 -0.060127944
0.301 -0.06020882 -0.06018533
0.3015 -0.06027487 -0.06024145
0.302 -0.06033998 -0.060296346
0.3025 -0.06040417 -0.060350046
0.303 -0.06046744 -0.060402576
0.3035 -0.06052981 -0.060453936
0.304 -0.0605913 -0.060504187
0.3045 -0.06065192 -0.06055333
0.305 -0.06071167 -0.06060138
0.3055 -0.06077058 -0.06064837
0.306 -0.06082866 -0.06069434
0.3065 -0.06088591 -0.060739283
0.307 -0.06094235 -0.060783226
0.3075 -0.06099799 -0.060826205
0.308 -0.06105285 -0.060868207
0.3085 -0.06110693 -0.060909297
0.309 -0.06116025 -0.06094944
0.3095 -0.06121281 -0.060988713
0.31 -0.06126464 -0.0610271
0.3105 -0.06131573 -0.061064612
0.311 -0.0613661 -0.06110129
0.3115 -0.06141576 -0.061137125
0.312 -0.06146472 -0.061172184
0.3125 -0.06151299 -0.061206434
0.313 -0.06156059 -0.061239924
0.3135 -0.06160751 -0.061272655
0.314 -0.06165377 -0.061304625
0.3145 -0.06169939 -0.061335873
0.315 -0.06174436 -0.061366435
0.3155 -0.0617887 -0.06139627
0.316 -0.06183242 -0.06142545
0.3165 -0.06187553 -0.06145396
0.317 -0.06191803 -0.061481822
0.3175 -0.06195994 -0.06150906
0.318 -0.06200126 -0.061535668
0.3185 -0.062042 -0.06156167
0.319 -0.06208217 -0.06158707
0.3195 -0.06212178 -0.06161186
0.32 -0.06216084 -0.061636124
0.3205 -0.06219935 -0.061659813
0.321 -0.06223732 -0.061682962
0.3215 -0.06227477 -0.061705574
0.322 -0.06231169 -0.061727673
0.3225 -0.06234809 -0.06174926
0.323 -0.06238399 -0.061770357
0.3235 -0.06241939 -0.061790954
0.324 -0.0624543 -0.061811075
0.3245 -0.06248872 -0.061830748
0.325 -0.06252266 -0.061849944
0.3255 -0.06255613 -0.061868716
0.326 -0.06258914 -0.061887044
0.3265 -0.06262168 -0.061904956
0.327 -0.06265378 -0.061922427
0.3275 -0.06268543 -0.06193952
0.328 -0.06271664 -0.061956193
0.3285 -0.06274742 -0.06197248
0.329 -0.06277777 -0.061988402
0.3295 -0.0628077 -0.062003948
0.33 -0.06283722 -0.06201913
0.3305 -0.06286633 -0.062033962
0.331 -0.06289503 -0.062048454
0.3315 -0.06292334 -0.06206261
0.332 -0.06295126 -0.062076416
0.3325 -0.06297879 -0.062089924
0.333 -0.06300595 -0.062103093
0.3335 -0.06303273 -0.062115952
0.334 -0.06305913 -0.062128533
0.3345 -0.06308518 -0.06214081
0.335 -0.06311087 -0.062152788
0.3355 -0.0631362 -0.062164497
0.336 -0.06316118 -0.062175926
0.3365 -0.06318582 -0.062187087
0.337 -0.06321012 -0.062198
0.3375 -0.06323409 -0.06220864
0.338 -0.06325773 -0.062219027
0.3385 -0.06328104 -0.062229183
0.339 -0.06330403 -0.0622391
0.3395 -0.06332671 -0.062248763
0.34 -0.06334908 -0.062258217
0.3405 -0.06337114 -0.06226745
0.341 -0.0633929 -0.062276464
0.3415 -0.06341436 -0.062285278
0.342 -0.06343552 -0.062293857
0.3425 -0.0634564 -0.062302254
0.343 -0.06347699 -0.06231043
0.3435 -0.0634973 -0.062318444
0.344 -0.06351733 -0.06232625
0.3445 -0.06353709 -0.06233387
0.345 -0.06355658 -0.062341314
0.3455 -0.0635758 -0.06234859
0.346 -0.06359476 -0.06235567
0.3465 -0.06361347 -0.0623626
0.347 -0.06363191 -0.062369388
0.3475 -0.06365011 -0.062375974
0.348 -0.06366806 -0.062382434
0.3485 -0.06368576 -0.062388714
0.349 -0.06370322 -0.06239486
0.3495 -0.06372045 -0.062400874
0.35 -0.06373744 -0.062406737
0.3505 -0.0637542 -0.06241246
0.351 -0.06377073 -0.06241805
0.3515 -0.06378704 -0.062423494
0.352 -0.06380313 -0.062428813
0.3525 -0.06381899 -0.06243402
0.353 -0.06383465 -0.06243909
0.3535 -0.06385009 -0.062444054
0.354 -0.06386532 -0.062448885
0.3545 -0.06388034 -0.06245361
0.355 -0.06389517 -0.062458213
0.3555 -0.06390979 -0.062462717
0.356 -0.06392421 -0.062467117
0.3565 -0.06393844 -0.062471405
0.357 -0.06395248 -0.06247559
0.3575 -0.06396632 -0.06247968
0.358 -0.06397998 -0.062483665
0.3585 -0.06399346 -0.06248756
0.359 -0.06400675 -0.06249137
0.3595 -0.06401986 -0.062495083
0.36 -0.0640328 -0.062498715
0.3605 -0.06404556 -0.06250225
0.361 -0.06405815 -0.0625057
0.3615 -0.06407058 -0.062509075
0.362 -0.06408283 -0.062512375
0.3625 -0.06409492 -0.062515594
0.363 -0.06410684 -0.06251872
0.3635 -0.06411861 -0.06252179
0.364 -0.06413022 -0.06252477
0.3645 -0.06414167 -0.062527694
0.365 -0.06415297 -0.062530555
0.3655 -0.06416411 -0.06253333
0.366 -0.06417511 -0.06253604
0.3665 -0.06418596 -0.0625387
0.367 -0.06419666 -0.06254127
0.3675 -0.06420722 -0.0625438
0.368 -0.06421764 -0.06254626
0.3685 -0.06422792 -0.06254865
0.369 -0.06423806 -0.062551014
0.3695 -0.06424806 -0.0625533
0.37 -0.06425793 -0.06255555
0.3705 -0.06426767 -0.062557735
0.371 -0.06427728 -0.06255987
0.3715 -0.06428676 -0.06256195
0.372 -0.06429611 -0.06256398
0.3725 -0.06430534 -0.062565975
0.373 -0.06431445 -0.0625679
0.3735 -0.06432343 -0.0625698
0.374 -0.06433229 -0.06257164
0.3745 -0.06434104 -0.06257345
0.375 -0.06434967 -0.062575206
0.3755 -0.06435818 -0.06257692
0.376 -0.06436658 -0.06257858
0.3765 -0.06437487 -0.06258022
0.377 -0.06438305 -0.06258182
0.3775 -0.06439112 -0.06258337
0.378 -0.06439908 -0.0625849
0.3785 -0.06440693 -0.06258639
0.379 -0.06441468 -0.062587835
0.3795 -0.06442233 -0.06258926
0.38 -0.06442988 -0.062590644
0.3805 -0.06443732 -0.062591985
0.381 -0.06444467 -0.06259331
0.3815 -0.06445192 -0.06259458
0.382 -0.06445907 -0.062595844
0.3825 -0.06446613 -0.062597066
0.383 -0.0644731 -0.06259825
0.3835 -0.06447997 -0.062599406
0.384 -0.06448675 -0.062600546
0.3845 -0.06449344 -0.06260167
0.385 -0.06450004 -0.06260275
0.3855 -0.06450656 -0.0626038
0.386 -0.06451299 -0.062604845
0.3865 -0.06451933 -0.06260586
0.387 -0.06452559 -0.062606834
0.3875 -0.06453176 -0.0626078
0.388 -0.06453786 -0.06260875
0.3885 -0.06454387 -0.06260966
0.389 -0.06454981 -0.06261055
0.3895 -0.06455566 -0.06261143
0.39 -0.06456144 -0.06261228
0.3905 -0.06456715 -0.06261312
0.391 -0.06457277 -0.062613934
0.3915 -0.06457833 -0.062614724
0.392 -0.06458381 -0.06261548
0.3925 -0.06458921 -0.062616244
0.393 -0.06459455 -0.062616974
0.3935 -0.06459981 -0.062617704
0.394 -0.06460501 -0.06261841
0.3945 -0.06461014 -0.062619075
0.395 -0.0646152 -0.062619746
0.3955 -0.06462019 -0.06262041
0.396 -0.06462512 -0.06262106
0.3965 -0.06462998 -0.06262167
0.397 -0.06463478 -0.06262228
0.3975 -0.06463952 -0.06262286
0.398 -0.06464419 -0.06262344
0.3985 -0.0646488 -0.06262401
0.399 -0.06465335 -0.06262456
0.3995 -0.06465784 -0.062625095
0.4 -0.06466227 -0.06262562
0.4005 -0.06466665 -0.06262612
0.401 -0.06467097 -0.06262662
0.4015 -0.06467523 -0.0626271
0.402 -0.06467943 -0.06262758
0.4025 -0.06468358 -0.062628046
0.403 -0.06468767 -0.06262849
0.4035 -0.06469171 -0.06262895
0.404 -0.0646957 -0.06262937
0.4045 -0.06469964 -0.062629804
0.405 -0.06470352 -0.062630214
0.4055 -0.06470735 -0.06263061
0.406 -0.06471114 -0.06263101
0.4065 -0.06471487 -0.06263139
0.407 -0.06471855 -0.06263176
0.4075 -0.06472219 -0.06263213
0.408 -0.06472578 -0.062632486
0.4085 -0.06472932 -0.06263282
0.409 -0.06473281 -0.06263317
0.4095 -0.06473626 -0.06263349
0.41 -0.06473967 -0.06263381
0.4105 -0.06474303 -0.06263413
0.411 -0.06474634 -0.06263443
0.4115 -0.06474962 -0.06263474
0.412 -0.06475285 -0.06263504
0.4125 -0.06475603 -0.062635325
0.413 -0.06475918 -0.062635615
0.4135 -0.06476228 -0.06263588
0.414 -0.06476535 -0.06263613
0.4145 -0.06476837 -0.06263639
0.415 -0.06477136 -0.06263665
0.4155 -0.0647743 -0.062636904
0.416 -0.06477721 -0.062637165
0.4165 -0.06478008 -0.06263739
0.417 -0.06478291 -0.06263762
0.4175 -0.06478571 -0.06263784
0.418 -0.06478847 -0.06263807
0.4185 -0.06479119 -0.062638275
0.419 -0.06479388 -0.06263849
0.4195 -0.06479653 -0.062638685
0.42 -0.06479915 -0.06263889
0.4205 -0.06480173 -0.0626391
0.421 -0.06480428 -0.06263927
0.4215 -0.0648068 -0.06263947
0.422 -0.06480928 -0.062639646
0.4225 -0.06481173 -0.06263982
0.423 -0.06481415 -0.06264
0.4235 -0.06481654 -0.062640175
0.424 -0.0648189 -0.06264033
0.4245 -0.06482123 -0.06264049
0.425 -0.06482353 -0.06264064
0.4255 -0.06482579 -0.062640786
0.426 -0.06482803 -0.062640935
0.4265 -0.06483024 -0.06264109
0.427 -0.06483242 -0.062641226
0.4275 -0.06483457 -0.06264138
0.428 -0.06483669 -0.06264152
0.4285 -0.06483879 -0.06264165
0.429 -0.06484086 -0.06264178
0.4295 -0.0648429 -0.062641904
0.43 -0.06484492 -0.06264204
0.4305 -0.0648469 -0.062642135
0.431 -0.06484887 -0.062642254
0.4315 -0.06485081 -0.06264237
0.432 -0.06485272 -0.062642485
0.4325 -0.06485461 -0.0626426
0.433 -0.06485647 -0.0626427
0.4335 -0.06485831 -0.0626428
0.434 -0.06486013 -0.0626429
0.4345 -0.06486192 -0.062643014
0.435 -0.06486369 -0.062643096
0.4355 -0.06486543 -0.06264319
0.436 -0.06486716 -0.06264329
0.4365 -0.06486886 -0.06264337
0.437 -0.06487054 -0.062643446
0.4375 -0.0648722 -0.062643535
0.438 -0.06487383 -0.06264362
0.4385 -0.06487545 -0.06264369
0.439 -0.06487704 -0.062643774
0.4395 -0.06487862 -0.06264385
0.44 -0.06488017 -0.06264394
0.4405 -0.0648817 -0.06264401
0.441 -0.06488322 -0.06264408
0.4415 -0.06488471 -0.06264414
0.442 -0.06488618 -0.06264422
0.4425 -0.06488764 -0.06264428
0.443 -0.06488908 -0.062644355
0.4435 -0.06489049 -0.062644415
0.444 -0.06489189 -0.06264449
0.4445 -0.06489328 -0.06264454
0.445 -0.06489464 -0.06264461
0.4455 -0.06489599 -0.06264466
0.446 -0.06489732 -0.06264472
0.4465 -0.06489863 -0.06264477
0.447 -0.06489992 -0.06264484
0.4475 -0.0649012 -0.06264488
0.448 -0.06490246 -0.06264493
0.4485 -0.06490371 -0.06264497
0.449 -0.06490494 -0.06264504
0.4495 -0.06490615 -0.062645085
0.45 -0.06490735 -0.06264512
0.4505 -0.06490853 -0.06264516
0.451 -0.0649097 -0.06264521
0.4515 -0.06491085 -0.06264526
0.452 -0.06491199 -0.0626453
0.4525 -0.06491311 -0.062645346
0.453 -0.06491422 -0.06264538
0.4535 -0.06491532 -0.06264543
0.454 -0.0649164 -0.06264546
0.4545 -0.06491746 -0.062645495
0.455 -0.06491852 -0.06264554
0.4555 -0.06491955 -0.06264557
0.456 -0.06492058 -0.062645614
0.4565 -0.06492159 -0.06264564
0.457 -0.06492259 -0.062645674
0.4575 -0.06492358 -0.06264572
0.458 -0.06492455 -0.06264575
0.4585 -0.06492551 -0.062645786
0.459 -0.06492646 -0.062645815
0.4595 -0.0649274 -0.06264582
0.46 -0.06492833 -0.06264586
0.4605 -0.06492924 -0.06264589
0.461 -0.06493014 -0.06264591
0.4615 -0.06493103 -0.06264596
0.462 -0.06493191 -0.06264597
0.4625 -0.06493277 -0.062646
0.463 -0.06493363 -0.06264602
0.4635 -0.06493448 -0.06264604
0.464 -0.06493531 -0.06264607
0.4645 -0.06493613 -0.06264609
0.465 -0.06493695 -0.06264611
0.4655 -0.06493775 -0.06264613
0.466 -0.06493854 -0.06264616
0.4665 -0.06493932 -0.06264618
0.467 -0.06494009 -0.06264621
0.4675 -0.06494086 -0.062646225
0.468 -0.06494161 -0.062646255
0.4685 -0.06494235 -0.06264627
0.469 -0.06494308 -0.062646285
0.4695 -0.06494381 -0.06264631
0.47 -0.06494452 -0.06264632
0.4705 -0.06494523 -0.06264634
0.471 -0.06494592 -0.06264635
0.4715 -0.06494661 -0.06264637
0.472 -0.06494729 -0.062646374
0.4725 -0.06494796 -0.06264638
0.473 -0.06494862 -0.0626464
0.4735 -0.06494928 -0.06264642
0.474 -0.06494992 -0.06264643
0.4745 -0.06495056 -0.06264645
0.475 -0.06495118 -0.06264646
0.4755 -0.0649518 -0.06264648
0.476 -0.06495242 -0.06264649
0.4765 -0.06495302 -0.06264649
0.477 -0.06495362 -0.06264651
0.4775 -0.06495421 -0.06264651
0.478 -0.06495479 -0.06264652
0.4785 -0.06495536 -0.06264654
0.479 -0.06495593 -0.06264656
0.4795 -0.06495649 -0.06264656
0.48 -0.06495704 -0.062646575
0.4805 -0.06495759 -0.06264659
0.481 -0.06495812 -0.0626466
0.4815 -0.06495866 -0.06264662
0.482 -0.06495918 -0.06264663
0.4825 -0.0649597 -0.06264664
0.483 -0.06496021 -0.06264665
0.4835 -0.06496071 -0.06264667
0.484 -0.06496121 -0.06264666
0.4845 -0.0649617 -0.062646665
0.485 -0.06496219 -0.06264669
0.4855 -0.06496267 -0.062646694
0.486 -0.06496314 -0.06264671
0.4865 -0.06496361 -0.06264672
0.487 -0.06496407 -0.06264672
0.4875 -0.06496453 -0.06264673
0.488 -0.06496498 -0.062646724
0.4885 -0.06496542 -0.06264673
0.489 -0.06496586 -0.06264674
0.4895 -0.06496629 -0.06264676
0.49 -0.06496672 -0.062646754
0.4905 -0.06496714 -0.06264677
0.491 -0.06496756 -0.06264676
0.4915 -0.06496797 -0.06264678
0.492 -0.06496837 -0.06264678
0.4925 -0.06496878 -0.062646784
0.493 -0.06496917 -0.0626468
0.4935 -0.06496956 -0.0626468
0.494 -0.06496995 -0.062646806
0.4945 -0.06497033 -0.06264681
0.495 -0.0649707 -0.06264682
0.4955 -0.06497107 -0.06264682
0.496 -0.06497144 -0.062646806
0.4965 -0.0649718 -0.06264682
0.497 -0.06497216 -0.06264684
0.4975 -0.06497251 -0.06264685
0.498 -0.06497286 -0.06264685
0.4985 -0.0649732 -0.06264686
0.499 -0.06497354 -0.06264686
0.4995 -0.06497388 -0.062646866
