0.0 -0.065 -0.04921022
0.0005 -0.06344688 -0.05249628
0.001 -0.06030965 -0.054378934
0.0015 -0.05758122 -0.055551253
0.002 -0.05545241 -0.056280345
0.0025 -0.05369594 -0.05667016
0.003 -0.05212624 -0.056773737
0.0035 -0.05064129 -0.056627437
0.004 -0.04919189 -0.056260776
0.0045 -0.04775571 -0.05569934
0.005 -0.04632331 -0.054965887
0.0055 -0.0448953 -0.054080762
0.006 -0.0434704 -0.053062186
0.0065 -0.04204777 -0.05192654
0.007 -0.04062426 -0.050688487
0.0075 -0.03919725 -0.049361188
0.008 -0.03776877 -0.047956463
0.0085 -0.03634122 -0.04648488
0.009 -0.03491705 -0.04495593
0.0095 -0.03349669 -0.043378096
0.01 -0.03207652 -0.040056296
0.0105 -0.03220241 -0.03771815
0.011 -0.03389933 -0.036019497
0.0115 -0.03519047 -0.03475925
0.012 -0.03589138 -0.03381051
0.0125 -0.03622921 -0.033089112
0.013 -0.03638831 -0.032537278
0.0135 -0.0364699 -0.032114327
0.014 -0.03652285 -0.03179102
0.0145 -0.03656949 -0.031546038
0.015 -0.03661966 -0.031363565
0.0155 -0.03667756 -0.03123178
0.016 -0.03674479 -0.03114171
0.0165 -0.03682178 -0.031086516
0.017 -0.03690819 -0.031060848
0.0175 -0.0370037 -0.031060573
0.018 -0.03710803 -0.031082373
0.0185 -0.03722077 -0.03112359
0.019 -0.0373414 -0.031182092
0.0195 -0.03746939 -0.031256106
0.02 -0.0376042 -0.032514814
0.0205 -0.0361931 -0.033016663
0.021 -0.03320959 -0.032827426
0.0215 -0.03064857 -0.03208029
0.022 -0.02869687 -0.03093468
0.0225 -0.02712271 -0.02953497
0.023 -0.02574147 -0.027990047
0.0235 -0.02445213 -0.026372377
0.024 -0.0232023 -0.024726149
0.0245 -0.02196441 -0.023076642
0.025 -0.02072815 -0.021437418
0.0255 -0.01949354 -0.01981521
0.026 -0.01825818 -0.018212836
0.0265 -0.01701976 -0.016631063
0.027 -0.01577786 -0.015069541
0.0275 -0.01453363 -0.013527419
0.028 -0.01328884 -0.012003664
0.0285 -0.01204506 -0.010497194
0.029 -0.01080348 -0.009006958
0.0295 -0.009564944 -0.0075320713
0.03 -0.008329995 -0.005786326
0.0305 -0.0086503 -0.0045077763
0.031 -0.01055521 -0.0035898276
0.0315 -0.01205652 -0.0029534213
0.032 -0.01296516 -0.0025387146
0.0325 -0.01350825 -0.0022998042
0.033 -0.01387092 -0.0022010542
0.0335 -0.01415495 -0.0022145472
0.034 -0.01441042 -0.0023182519
0.0345 -0.01466081 -0.0024946667
0.035 -0.01491423 -0.0027297772
0.0355 -0.01517373 -0.0030123629
0.036 -0.01544073 -0.0033333562
0.0365 -0.01571583 -0.0036854185
0.037 -0.01599915 -0.004062619
0.0375 -0.01629047 -0.0044600256
0.038 -0.01658938 -0.004873719
0.0385 -0.01689539 -0.0053003915
0.039 -0.01720793 -0.005737353
0.0395 -0.01752645 -0.006182406
0.04 -0.0178504 -0.006740015
0.0405 -0.01662721 -0.006875593
0.041 -0.01382689 -0.0066378526
0.0415 -0.01144423 -0.006087344
0.042 -0.00967126 -0.0052888803
0.0425 -0.008273642 -0.0043041594
0.043 -0.007062001 -0.0031868927
0.0435 -0.0059341 -0.0019803308
0.044 -0.004845049 -0.00071746483
0.0445 -0.003771562 0.000577759
0.045 -0.002701145 0.001888562
0.0455 -0.001628647 0.0032036342
0.046 -0.0005529482 0.004515562
0.0465 0.0005255654 0.0058197193
0.047 0.001606166 0.0071133263
0.0475 0.002688107 0.008394878
0.048 0.003770666 0.00966369
0.0485 0.004853138 0.01091956
0.049 0.005934985 0.012162637
0.0495 0.007015902 0.013393234
0.05 0.0080955 0.014136773
0.0505 0.007621193 0.014636207
0.051 0.005562859 0.014936823
0.0515 0.003910439 0.01507492
0.052 0.0028535 0.015079793
0.0525 0.002164652 0.014975261
0.053 0.001658413 0.014780711
0.0535 0.001232774 0.014512073
0.054 0.0008384504 0.014182415
0.0545 0.0004529685 0.013802517
0.055 6.644082e-05 0.013381328
0.0555 -0.0003252822 0.012926262
0.056 -0.0007237505 0.012443479
0.0565 -0.00112933 0.011938188
0.057 -0.001541844 0.0114146285
0.0575 -0.001960869 0.010876451
0.058 -0.002385876 0.010326702
0.0585 -0.002816295 0.009767916
0.059 -0.003251548 0.009202283
0.0595 -0.003691066 0.008631635
0.06 -0.0041343 0.008057494
0.0605 -0.00458072 0.007481251
0.061 -0.005029819 0.0069039576
0.0615 -0.005481115 0.006326627
0.062 -0.005934148 0.0057500787
0.0625 -0.006388479 0.0051749907
0.063 -0.006843692 0.004602004
0.0635 -0.007299393 0.004031632
0.064 -0.007755206 0.00346433
0.0645 -0.008210774 0.0029005073
0.065 -0.008665761 0.002340529
0.0655 -0.009119845 0.0017846562
0.066 -0.009572723 0.0012331642
0.0665 -0.01002411 0.0006862916
0.067 -0.01047373 0.00014423952
0.0675 -0.01092133 -0.00039279833
0.068 -0.01136667 -0.0009247251
0.0685 -0.01180951 -0.0014513321
0.069 -0.01224965 -0.00197253
0.0695 -0.01268819 -0.0024882145
0.07 -0.0131263 -0.0029982664
0.0705 -0.0135608 -0.0035026409
0.071 -0.01399069 -0.004001204
0.0715 -0.01441597 -0.0044939555
0.072 -0.0148368 -0.004980821
0.0725 -0.01525331 -0.0054617412
0.073 -0.01566555 -0.005936686
0.0735 -0.01607353 -0.0064056106
0.074 -0.01647719 -0.0068684854
0.0745 -0.01687648 -0.0073252954
0.075 -0.01727132 -0.0077760257
0.0755 -0.01766162 -0.008220632
0.076 -0.01804732 -0.008659158
0.0765 -0.01842834 -0.009091545
0.077 -0.01880461 -0.009517837
0.0775 -0.01917607 -0.009938005
0.078 -0.01954268 -0.010352034
0.0785 -0.0199044 -0.010760013
0.079 -0.02026115 -0.0111618675
0.0795 -0.02061288 -0.011557642
0.08 -0.02095954 -0.011947397
0.0805 -0.02130112 -0.012331087
0.081 -0.02163758 -0.012708757
0.0815 -0.02196893 -0.013080437
0.082 -0.02229514 -0.013446126
0.0825 -0.02261621 -0.0138059
0.083 -0.02293213 -0.014159773
0.0835 -0.0232429 -0.014507759
0.084 -0.02354851 -0.014849905
0.0845 -0.02384897 -0.015186239
0.085 -0.02414428 -0.015516806
0.0855 -0.02443446 -0.015841637
0.086 -0.0247195 -0.01616073
0.0865 -0.02499942 -0.016474206
0.087 -0.02527424 -0.016782034
0.0875 -0.02554397 -0.01708432
0.088 -0.02580863 -0.017381016
0.0885 -0.02606824 -0.017672244
0.089 -0.02632282 -0.017958034
0.0895 -0.02657241 -0.018238414
0.09 -0.02681702 -0.018513445
0.0905 -0.02705668 -0.01878314
0.091 -0.02729142 -0.019047562
0.0915 -0.02752128 -0.019306798
0.092 -0.02774458 -0.019560847
0.0925 -0.02795941 -0.019809756
0.093 -0.0281682 -0.020053599
0.0935 -0.02837298 -0.020292405
0.094 -0.02857444 -0.02052622
0.0945 -0.02877259 -0.020755116
0.095 -0.02896722 -0.020979095
0.0955 -0.02915807 -0.021198247
0.096 -0.02934491 -0.0214126
0.0965 -0.0295276 -0.021622185
0.097 -0.02970605 -0.02182706
0.0975 -0.0298802 -0.022027303
0.098 -0.03005003 -0.022222925
0.0985 -0.03021556 -0.022414003
0.099 -0.03037679 -0.02260052
0.0995 -0.03053376 -0.022782598
0.1 -0.0306865 -0.022986356
0.1005 -0.03079018 -0.023138452
0.101 -0.0307868 -0.023243431
0.1015 -0.03070048 -0.023305628
0.102 -0.03055179 -0.023329254
0.1025 -0.03035529 -0.023318041
0.103 -0.03012004 -0.023275603
0.1035 -0.02985137 -0.023205217
0.104 -0.02955239 -0.023109678
0.1045 -0.02922491 -0.022991534
0.105 -0.02886997 -0.022852842
0.1055 -0.02848811 -0.022695225
0.106 -0.02807992 -0.022520054
0.1065 -0.02764598 -0.022328224
0.107 -0.02718673 -0.02212027
0.1075 -0.0267025 -0.021896433
0.108 -0.02619359 -0.021656696
0.1085 -0.02566029 -0.02140076
0.109 -0.02510289 -0.021128152
0.1095 -0.02452168 -0.02083822
0.11 -0.02391695 -0.020530242
0.1105 -0.023289 -0.02020337
0.111 -0.02263812 -0.01985671
0.1115 -0.02196461 -0.019489396
0.112 -0.02126877 -0.019100536
0.1125 -0.02055088 -0.018689256
0.113 -0.01981124 -0.018254783
0.1135 -0.01905018 -0.017796326
0.114 -0.01827057 -0.017313223
0.1145 -0.0174723 -0.016804855
0.115 -0.0166529 -0.0162707
0.1155 -0.01581172 -0.015710305
0.116 -0.01494913 -0.015123274
0.1165 -0.01406576 -0.014509346
0.117 -0.01316223 -0.013868298
0.1175 -0.01223913 -0.013199959
0.118 -0.01129692 -0.012504254
0.1185 -0.01033596 -0.011781152
0.119 -0.00935664 -0.011030663
0.1195 -0.008359345 -0.010252889
0.12 -0.007344285 -0.009447906
0.1205 -0.006311655 -0.008615952
0.121 -0.005261976 -0.0077571683
0.1215 -0.004200729 -0.006871801
0.122 -0.003126092 -0.005960103
0.1225 -0.002033365 -0.0050223507
0.123 -0.0009213454 -0.0040588714
0.1235 0.0002087792 -0.003069941
0.124 0.001350659 -0.002055902
0.1245 0.002506618 -0.0010170676
0.125 0.003680483 4.6167523e-05
0.1255 0.00487286 0.001133468
0.126 0.006078574 0.0022444986
0.1265 0.007296815 0.0033788495
0.127 0.008532738 0.0045361854
0.1275 0.009785918 0.0057161488
0.128 0.01104754 0.006918352
0.1285 0.01232039 0.008142445
0.129 0.01360996 0.009388063
0.1295 0.01491714 0.010654841
0.13 0.01624085 0.0119424425
0.1305 0.01757891 0.013250504
0.131 0.01892914 0.014578667
0.1315 0.02028354 0.015926596
0.132 0.02164348 0.017293956
0.1325 0.02301755 0.018680353
0.133 0.02440845 0.02008554
0.1335 0.02581562 0.021509122
0.134 0.02723761 0.022950787
0.1345 0.02867303 0.024410259
0.135 0.03011477 0.025887143
0.1355 0.03156091 0.027381208
0.136 0.0330196 0.028892066
0.1365 0.03449365 0.030419495
0.137 0.03598241 0.031963106
0.1375 0.03748433 0.033522677
0.138 0.03899802 0.03509785
0.1385 0.04052248 0.036688384
0.139 0.04205703 0.03829394
0.1395 0.04360127 0.03991429
0.14 0.04515493 0.041549128
0.1405 0.04671782 0.04319818
0.141 0.0482898 0.04486112
0.1415 0.04987065 0.04653774
0.142 0.05146017 0.04822771
0.1425 0.05305829 0.049930792
0.143 0.05466488 0.05164675
0.1435 0.05627833 0.053375255
0.144 0.05789906 0.05511607
0.1445 0.05952146 0.056868922
0.145 0.06112856 0.058633592
0.1455 0.0627422 0.060409736
0.146 0.06437451 0.06219719
0.1465 0.06602622 0.06399566
0.147 0.06769431 0.06580487
0.1475 0.06937545 0.06762461
0.148 0.07106708 0.069454566
0.1485 0.07276744 0.07129456
0.149 0.07447543 0.07314432
0.1495 0.07619025 0.075003564
0.15 0.07791137 0.07710406
0.1505 0.07952767 0.07905355
0.151 0.08086742 0.08086103
0.1515 0.08201645 0.08253452
0.152 0.08304991 0.084081516
0.1525 0.08400535 0.08550888
0.153 0.08489964 0.08682285
0.1535 0.08574033 0.08802913
0.154 0.08653096 0.08913313
0.1545 0.08727347 0.09013969
0.155 0.08796898 0.09105344
0.1555 0.08861838 0.09187864
0.156 0.08922251 0.092619106
0.1565 0.08978212 0.093278676
0.157 0.09029785 0.0938606
0.1575 0.09077025 0.09436825
0.158 0.09119998 0.09480457
0.1585 0.0915877 0.09517236
0.159 0.09193404 0.09547433
0.1595 0.0922396 0.095712915
0.16 0.09250496 0.09589052
0.1605 0.09273068 0.09600937
0.161 0.09291731 0.09607154
0.1615 0.09306541 0.09607907
0.162 0.09317551 0.0960338
0.1625 0.09324817 0.09593758
0.163 0.09328391 0.095792055
0.1635 0.09328328 0.09559891
0.164 0.09324681 0.09535967
0.1645 0.09317504 0.09507577
0.165 0.09306849 0.09474872
0.1655 0.09292768 0.0943798
0.166 0.09275313 0.09397033
0.1665 0.09254536 0.093521506
0.167 0.09230487 0.09303461
0.1675 0.09203217 0.092510715
0.168 0.09172774 0.09195097
0.1685 0.09139208 0.09135638
0.169 0.09102568 0.090728015
0.1695 0.09062901 0.090066865
0.17 0.09020255 0.08937384
0.1705 0.08974678 0.088649884
0.171 0.08926214 0.087895915
0.1715 0.08874911 0.087112755
0.172 0.08820814 0.0863013
0.1725 0.08763967 0.08546224
0.173 0.08704414 0.084596455
0.1735 0.086422 0.08370474
0.174 0.08577367 0.08278778
0.1745 0.08509959 0.08184634
0.175 0.08440016 0.08088115
0.1755 0.08367581 0.07989283
0.176 0.08292694 0.07888208
0.1765 0.08215396 0.07784963
0.177 0.08135727 0.076796085
0.1775 0.08053726 0.07572198
0.178 0.07969431 0.074628085
0.1785 0.07882881 0.07351495
0.179 0.07794113 0.07238318
0.1795 0.07703165 0.07123332
0.18 0.07610073 0.07006596
0.1805 0.07514874 0.068881676
0.181 0.07417602 0.067681104
0.1815 0.07318292 0.06646465
0.182 0.0721698 0.06523299
0.1825 0.07113699 0.06398657
0.183 0.07008482 0.06272587
0.1835 0.06901363 0.061451536
0.184 0.06792374 0.060164016
0.1845 0.06681547 0.0588638
0.185 0.06568913 0.057551455
0.1855 0.06454503 0.056227412
0.186 0.06338349 0.05489215
0.1865 0.06220479 0.0535462
0.187 0.06100923 0.05219012
0.1875 0.0597971 0.05082419
0.188 0.0585687 0.049449053
0.1885 0.0573243 0.048065078
0.189 0.05606417 0.046672773
0.1895 0.0547886 0.04527254
0.19 0.05349784 0.043864917
0.1905 0.05219217 0.04245035
0.191 0.05087183 0.041029226
0.1915 0.0495371 0.039602038
0.192 0.04818821 0.038169187
0.1925 0.04682541 0.03673115
0.193 0.04544896 0.035288375
0.1935 0.04405907 0.033841323
0.194 0.042656 0.032390367
0.1945 0.04123997 0.030935954
0.195 0.03981121 0.029478457
0.1955 0.03836993 0.028018381
0.196 0.03691637 0.026556145
0.1965 0.03545074 0.025092121
0.197 0.03397324 0.023626756
0.1975 0.03248408 0.022160392
0.198 0.03098348 0.020693567
0.1985 0.02947163 0.019226547
0.199 0.02794873 0.017759856
0.1995 0.02641497 0.01629382
0.2 0.02487055 0.014828842
0.2005 0.02336285 0.013404246
0.201 0.02197551 0.012018319
0.2015 0.02067506 0.010669377
0.202 0.01942507 0.009355839
0.2025 0.01820656 0.008076172
0.203 0.01701089 0.006828945
0.2035 0.01583418 0.0056128316
0.204 0.01467464 0.004426431
0.2045 0.01353139 0.0032686107
0.205 0.01240392 0.002138149
0.2055 0.0112919 0.0010339133
0.206 0.01019509 -4.509464e-05
0.2065 0.009113292 -0.0010998733
0.207 0.008046314 -0.0021313913
0.2075 0.006993984 -0.003140498
0.208 0.005956137 -0.004127998
0.2085 0.004932606 -0.0050947256
0.209 0.003923232 -0.0060414113
0.2095 0.002927855 -0.0069687106
0.21 0.001946314 -0.007877294
0.2105 0.0009784524 -0.0087677725
0.211 2.411252e-05 -0.009640727
0.2115 -0.0009168626 -0.010496665
0.212 -0.001844629 -0.011336107
0.2125 -0.002759343 -0.012159545
0.213 -0.00366116 -0.012967426
0.2135 -0.004550233 -0.013760138
0.214 -0.005426717 -0.014538113
0.2145 -0.006290765 -0.015301693
0.215 -0.007142529 -0.016051207
0.2155 -0.007982162 -0.016787056
0.216 -0.008809814 -0.017509494
0.2165 -0.009625635 -0.018218819
0.217 -0.01042977 -0.01891533
0.2175 -0.01122238 -0.019599233
0.218 -0.0120036 -0.020270828
0.2185 -0.01277358 -0.020930354
0.219 -0.01353247 -0.021578003
0.2195 -0.01428041 -0.022214014
0.22 -0.01501754 -0.022838552
0.2205 -0.015744 -0.023451854
0.221 -0.01645994 -0.024054099
0.2215 -0.0171655 -0.024645466
0.222 -0.01786082 -0.02522612
0.2225 -0.01854602 -0.025796253
0.223 -0.01922125 -0.026356
0.2235 -0.01988665 -0.02690557
0.224 -0.02054235 -0.027445097
0.2245 -0.02118847 -0.027974743
0.225 -0.02182515 -0.028494615
0.2255 -0.02245253 -0.029004935
0.226 -0.02307072 -0.029505823
0.2265 -0.02367986 -0.029997412
0.227 -0.02428007 -0.030479912
0.2275 -0.02487148 -0.03095344
0.228 -0.02545421 -0.031418126
0.2285 -0.02602838 -0.031874154
0.229 -0.02659412 -0.03232168
0.2295 -0.02715153 -0.032760818
0.23 -0.02770075 -0.03319179
0.2305 -0.02824188 -0.03361469
0.231 -0.02877504 -0.03402969
0.2315 -0.02930034 -0.034436975
0.232 -0.02981791 -0.034836683
0.2325 -0.03032784 -0.035228986
0.233 -0.03083025 -0.035614047
0.2335 -0.03132525 -0.035992038
0.234 -0.03181294 -0.03636312
0.2345 -0.03229343 -0.03672747
0.235 -0.03276682 -0.03708526
0.2355 -0.03323322 -0.037436653
0.236 -0.03369273 -0.037781823
0.2365 -0.03414545 -0.03812096
0.237 -0.03459147 -0.03845421
0.2375 -0.03503091 -0.038781766
0.238 -0.03546384 -0.039103787
0.2385 -0.03589038 -0.03942049
0.239 -0.0363106 -0.03973199
0.2395 -0.03672462 -0.040038507
0.24 -0.03713251 -0.040340204
0.2405 -0.03753436 -0.040637236
0.241 -0.03793027 -0.04092977
0.2415 -0.03832033 -0.041217994
0.242 -0.03870462 -0.041502047
0.2425 -0.03908322 -0.041782115
0.243 -0.03945623 -0.042058323
0.2435 -0.03982372 -0.042330842
0.244 -0.04018577 -0.04259984
0.2445 -0.04054248 -0.04286543
0.245 -0.04089391 -0.043127757
0.2455 -0.04124014 -0.043386985
0.246 -0.04158126 -0.043643218
0.2465 -0.04191733 -0.043896575
0.247 -0.04224845 -0.044147197
0.2475 -0.04257467 -0.044395175
0.248 -0.04289607 -0.04464064
0.2485 -0.04321272 -0.04488368
0.249 -0.04352471 -0.045124378
0.2495 -0.04383208 -0.04536282
0.25 -0.04413492 -0.045599107
0.2505 -0.0444333 -0.045833286
0.251 -0.04472727 -0.04606547
0.2515 -0.04501691 -0.046295676
0.252 -0.04530228 -0.046523992
0.2525 -0.04558344 -0.046750467
0.253 -0.04586047 -0.046975132
0.2535 -0.04613341 -0.04719803
0.254 -0.04640233 -0.047419224
0.2545 -0.0466673 -0.047638696
0.255 -0.04692837 -0.047856484
0.2555 -0.0471856 -0.04807264
0.256 -0.04743904 -0.048287135
0.2565 -0.04768876 -0.04849999
0.257 -0.04793482 -0.048711244
0.2575 -0.04817726 -0.04892088
0.258 -0.04841614 -0.049128894
0.2585 -0.04865151 -0.049335297
0.259 -0.04888343 -0.049540054
0.2595 -0.04911195 -0.04974321
0.26 -0.04933712 -0.04994471
0.2605 -0.049559 -0.05014455
0.261 -0.04977762 -0.050342735
0.2615 -0.04999304 -0.050539244
0.262 -0.05020531 -0.050734077
0.2625 -0.05041448 -0.050927196
0.263 -0.05062059 -0.0511186
0.2635 -0.05082368 -0.051308278
0.264 -0.05102381 -0.05149619
0.2645 -0.05122102 -0.05168234
0.265 -0.05141535 -0.05186672
0.2655 -0.05160684 -0.052049305
0.266 -0.05179554 -0.052230056
0.2665 -0.0519815 -0.05240902
0.267 -0.05216474 -0.052586127
0.2675 -0.05234532 -0.052761395
0.268 -0.05252326 -0.0529348
0.2685 -0.05269862 -0.053106334
0.269 -0.05287143 -0.053276014
0.2695 -0.05304173 -0.053443793
0.27 -0.05320956 -0.053609688
0.2705 -0.05337495 -0.053773683
0.271 -0.05353794 -0.05393577
0.2715 -0.05369856 -0.054095972
0.272 -0.05385686 -0.054254267
0.2725 -0.05401287 -0.054410663
0.273 -0.05416661 -0.054565143
0.2735 -0.05431813 -0.05471773
0.274 -0.05446746 -0.05486842
0.2745 -0.05461463 -0.05501722
0.275 -0.05475967 -0.055164132
0.2755 -0.05490262 -0.055309173
0.276 -0.0550435 -0.05545233
0.2765 -0.05518235 -0.05559363
0.277 -0.0553192 -0.05573308
0.2775 -0.05545408 -0.05587068
0.278 -0.05558701 -0.056006435
0.2785 -0.05571803 -0.05614039
0.279 -0.05584716 -0.056272525
0.2795 -0.05597444 -0.056402873
0.28 -0.05609989 -0.05653144
0.2805 -0.05622353 -0.056658234
0.281 -0.0563454 -0.056783285
0.2815 -0.05646552 -0.056906607
0.282 -0.05658392 -0.057028208
0.2825 -0.05670062 -0.057148095
0.283 -0.05681565 -0.0572663
0.2835 -0.05692903 -0.057382848
0.284 -0.05704078 -0.057497744
0.2845 -0.05715094 -0.057611015
0.285 -0.05725952 -0.05772266
0.2855 -0.05736656 -0.057832737
0.286 -0.05747206 -0.057941217
0.2865 -0.05757605 -0.058048155
0.287 -0.05767857 -0.05815356
0.2875 -0.05777962 -0.058257442
0.288 -0.05787923 -0.05835982
0.2885 -0.05797742 -0.058460716
0.289 -0.05807421 -0.058560163
0.2895 -0.05816963 -0.058658164
0.29 -0.05826369 -0.05875474
0.2905 -0.05835641 -0.058849927
0.291 -0.05844782 -0.05894372
0.2915 -0.05853792 -0.059036154
0.292 -0.05862675 -0.059127238
0.2925 -0.05871432 -0.059217
0.293 -0.05880065 -0.059305456
0.2935 -0.05888575 -0.05939261
0.294 -0.05896965 -0.059478506
0.2945 -0.05905236 -0.059563145
0.295 -0.0591339 -0.059646547
0.2955 -0.05921429 -0.05972875
0.296 -0.05929354 -0.059809748
0.2965 -0.05937167 -0.059889555
0.297 -0.0594487 -0.059968207
0.2975 -0.05952464 -0.060045697
0.298 -0.05959951 -0.060122073
0.2985 -0.05967333 -0.06019733
0.299 -0.05974611 -0.060271498
0.2995 -0.05981786 -0.060344573
0.3 -0.0598886 -0.06041659
0.3005 -0.05995835 -0.060487576
0.301 -0.06002711 -0.060557507
0.3015 -0.06009491 -0.06062643
0.302 -0.06016176 -0.060694348
0.3025 -0.06022767 -0.060761288
0.303 -0.06029266 -0.06082724
0.3035 -0.06035673 -0.060892254
0.304 -0.06041991 -0.060956303
0.3045 -0.0604822 -0.061019428
0.305 -0.06054362 -0.061081644
0.3055 -0.06060418 -0.061142966
0.306 -0.06066389 -0.061203387
0.3065 -0.06072277 -0.061262947
0.307 -0.06078082 -0.06132165
0.3075 -0.06083807 -0.0613795
0.308 -0.06089451 -0.061436508
0.3085 -0.06095017 -0.061492696
0.309 -0.06100505 -0.061548073
0.3095 -0.06105917 -0.061602663
0.31 -0.06111253 -0.061656453
0.3105 -0.06116515 -0.06170948
0.311 -0.06121704 -0.061761737
0.3115 -0.06126821 -0.061813243
0.312 -0.06131866 -0.06186401
0.3125 -0.06136842 -0.061914038
0.313 -0.06141748 -0.061963353
0.3135 -0.06146586 -0.062011965
0.314 -0.06151357 -0.06205988
0.3145 -0.06156062 -0.0621071
0.315 -0.06160702 -0.062153652
0.3155 -0.06165277 -0.06219953
0.316 -0.06169789 -0.06224475
0.3165 -0.06174239 -0.06228934
0.317 -0.06178627 -0.062333282
0.3175 -0.06182954 -0.0623766
0.318 -0.06187221 -0.06241928
0.3185 -0.0619143 -0.062461365
0.319 -0.0619558 -0.06250286
0.3195 -0.06199673 -0.06254375
0.32 -0.0620371 -0.06258406
0.3205 -0.06207691 -0.06262379
0.321 -0.06211617 -0.06266297
0.3215 -0.06215489 -0.06270157
0.322 -0.06219308 -0.062739626
0.3225 -0.06223074 -0.062777154
0.323 -0.06226788 -0.06281415
0.3235 -0.06230451 -0.062850595
0.324 -0.06234064 -0.062886536
0.3245 -0.06237627 -0.06292196
0.325 -0.06241142 -0.062956885
0.3255 -0.06244608 -0.06299131
0.326 -0.06248026 -0.06302526
0.3265 -0.06251398 -0.06305872
0.327 -0.06254723 -0.063091695
0.3275 -0.06258003 -0.06312421
0.328 -0.06261238 -0.06315626
0.3285 -0.06264428 -0.06318787
0.329 -0.06267575 -0.06321901
0.3295 -0.06270679 -0.06324972
0.33 -0.0627374 -0.06327999
0.3305 -0.0627676 -0.06330983
0.331 -0.06279738 -0.06333926
0.3315 -0.06282676 -0.06336826
0.332 -0.06285573 -0.06339685
0.3325 -0.06288431 -0.063425034
0.333 -0.0629125 -0.063452825
0.3335 -0.06294031 -0.06348021
0.334 -0.06296774 -0.06350723
0.3345 -0.06299479 -0.06353384
0.335 -0.06302147 -0.0635601
0.3355 -0.0630478 -0.06358598
0.336 -0.06307376 -0.06361149
0.3365 -0.06309937 -0.06363664
0.337 -0.06312463 -0.063661434
0.3375 -0.06314955 -0.06368588
0.338 -0.06317413 -0.063709974
0.3385 -0.06319838 -0.063733734
0.339 -0.06322229 -0.06375715
0.3395 -0.06324589 -0.06378025
0.34 -0.06326916 -0.06380302
0.3405 -0.06329212 -0.06382545
0.341 -0.06331476 -0.06384757
0.3415 -0.0633371 -0.06386938
0.342 -0.06335914 -0.06389089
0.3425 -0.06338088 -0.063912086
0.343 -0.06340232 -0.06393298
0.3435 -0.06342348 -0.063953586
0.344 -0.06344435 -0.0639739
0.3445 -0.06346493 -0.06399393
0.345 -0.06348524 -0.064013675
0.3455 -0.06350528 -0.064033136
0.346 -0.06352504 -0.06405232
0.3465 -0.06354454 -0.064071245
0.347 -0.06356377 -0.064089894
0.3475 -0.06358275 -0.06410828
0.348 -0.06360146 -0.06412641
0.3485 -0.06361993 -0.06414428
0.349 -0.06363815 -0.0641619
0.3495 -0.06365612 -0.06417927
0.35 -0.06367385 -0.06419639
0.3505 -0.06369134 -0.064213276
0.351 -0.0637086 -0.06422992
0.3515 -0.06372563 -0.06424633
0.352 -0.06374242 -0.06426251
0.3525 -0.06375899 -0.06427847
0.353 -0.06377534 -0.06429419
0.3535 -0.06379147 -0.064309694
0.354 -0.06380738 -0.064324975
0.3545 -0.06382308 -0.06434004
0.355 -0.06383856 -0.0643549
0.3555 -0.06385384 -0.064369544
0.356 -0.06386892 -0.06438397
0.3565 -0.06388379 -0.064398214
0.357 -0.06389847 -0.06441225
0.3575 -0.06391294 -0.06442609
0.358 -0.06392723 -0.06443973
0.3585 -0.06394132 -0.064453185
0.359 -0.06395522 -0.06446645
0.3595 -0.06396894 -0.06447953
0.36 -0.06398248 -0.06449242
0.3605 -0.06399583 -0.064505115
0.361 -0.06400901 -0.06451765
0.3615 -0.06402201 -0.064530015
0.362 -0.06403483 -0.06454219
0.3625 -0.06404749 -0.064554185
0.363 -0.06405997 -0.06456601
0.3635 -0.06407229 -0.06457768
0.364 -0.06408445 -0.06458917
0.3645 -0.06409644 -0.06460051
0.365 -0.06410827 -0.06461169
0.3655 -0.06411995 -0.064622715
0.366 -0.06413147 -0.06463358
0.3665 -0.06414283 -0.06464429
0.367 -0.06415405 -0.06465486
0.3675 -0.06416512 -0.06466527
0.368 -0.06417604 -0.06467555
0.3685 -0.06418681 -0.06468567
0.369 -0.06419744 -0.06469564
0.3695 -0.06420793 -0.064705476
0.37 -0.06421828 -0.06471518
0.3705 -0.06422849 -0.06472475
0.371 -0.06423857 -0.064734176
0.3715 -0.06424851 -0.064743474
0.372 -0.06425832 -0.06475264
0.3725 -0.064268 -0.06476167
0.373 -0.06427756 -0.06477058
0.3735 -0.06428698 -0.064779356
0.374 -0.06429628 -0.06478801
0.3745 -0.06430546 -0.06479655
0.375 -0.06431452 -0.06480496
0.3755 -0.06432345 -0.06481324
0.376 -0.06433227 -0.06482144
0.3765 -0.06434097 -0.06482949
0.377 -0.06434956 -0.06483744
0.3775 -0.06435803 -0.06484528
0.378 -0.06436639 -0.064853005
0.3785 -0.06437464 -0.06486062
0.379 -0.06438278 -0.06486813
0.3795 -0.06439082 -0.06487554
0.38 -0.06439874 -0.064882845
0.3805 -0.06440657 -0.06489003
0.381 -0.06441429 -0.06489712
0.3815 -0.0644219 -0.06490412
0.382 -0.06442942 -0.06491101
0.3825 -0.06443684 -0.06491781
0.383 -0.06444416 -0.064924516
0.3835 -0.06445138 -0.064931124
0.384 -0.06445851 -0.064937636
0.3845 -0.06446554 -0.064944066
0.385 -0.06447249 -0.06495039
0.3855 -0.06447934 -0.064956635
0.386 -0.0644861 -0.06496279
0.3865 -0.06449277 -0.064968854
0.387 -0.06449935 -0.064974844
0.3875 -0.06450585 -0.06498073
0.388 -0.06451226 -0.06498654
0.3885 -0.06451858 -0.06499228
0.389 -0.06452483 -0.06499794
0.3895 -0.06453099 -0.06500351
0.39 -0.06453707 -0.065009
0.3905 -0.06454307 -0.06501442
0.391 -0.06454899 -0.06501976
0.3915 -0.06455484 -0.06502503
0.392 -0.0645606 -0.06503022
0.3925 -0.06456629 -0.06503533
0.393 -0.06457191 -0.065040365
0.3935 -0.06457745 -0.06504534
0.394 -0.06458292 -0.065050244
0.3945 -0.06458832 -0.06505507
0.395 -0.06459365 -0.06505983
0.3955 -0.06459891 -0.06506454
0.396 -0.0646041 -0.065069176
0.3965 -0.06460922 -0.06507374
0.397 -0.06461427 -0.06507824
0.3975 -0.06461926 -0.06508268
0.398 -0.06462418 -0.065087065
0.3985 -0.06462904 -0.065091364
0.399 -0.06463384 -0.06509562
0.3995 -0.06463857 -0.06509981
0.4 -0.06464324 -0.06510395
0.4005 -0.06464785 -0.06510802
0.401 -0.0646524 -0.06511204
0.4015 -0.06465689 -0.065116
0.402 -0.06466132 -0.06511991
0.4025 -0.06466569 -0.06512377
0.403 -0.06467 -0.06512756
0.4035 -0.06467426 -0.06513129
0.404 -0.06467847 -0.065135
0.4045 -0.06468261 -0.06513862
0.405 -0.06468671 -0.065142214
0.4055 -0.06469075 -0.06514575
0.406 -0.06469474 -0.06514923
0.4065 -0.06469867 -0.065152675
0.407 -0.06470256 -0.06515606
0.4075 -0.06470639 -0.065159395
0.408 -0.06471018 -0.06516269
0.4085 -0.06471391 -0.06516594
0.409 -0.0647176 -0.06516914
0.4095 -0.06472124 -0.06517229
0.41 -0.06472483 -0.065175414
0.4105 -0.06472837 -0.06517847
0.411 -0.06473187 -0.065181494
0.4115 -0.06473532 -0.065184474
0.412 -0.06473873 -0.06518741
0.4125 -0.06474209 -0.065190315
0.413 -0.06474541 -0.06519316
0.4135 -0.06474869 -0.06519598
0.414 -0.06475192 -0.06519876
0.4145 -0.06475511 -0.06520149
0.415 -0.06475826 -0.06520419
0.4155 -0.06476137 -0.065206856
0.416 -0.06476444 -0.06520948
0.4165 -0.06476747 -0.065212056
0.417 -0.06477046 -0.065214604
0.4175 -0.06477341 -0.06521711
0.418 -0.06477632 -0.065219596
0.4185 -0.0647792 -0.06522203
0.419 -0.06478203 -0.06522445
0.4195 -0.06478483 -0.06522681
0.42 -0.0647876 -0.06522915
0.4205 -0.06479033 -0.06523146
0.421 -0.06479302 -0.06523372
0.4215 -0.06479568 -0.06523597
0.422 -0.0647983 -0.065238185
0.4225 -0.06480089 -0.065240376
0.423 -0.06480344 -0.06524253
0.4235 -0.06480597 -0.065244645
0.424 -0.06480846 -0.06524672
0.4245 -0.06481091 -0.06524877
0.425 -0.06481334 -0.065250814
0.4255 -0.06481573 -0.06525282
0.426 -0.0648181 -0.06525479
0.4265 -0.06482043 -0.06525673
0.427 -0.06482273 -0.065258645
0.4275 -0.06482501 -0.06526053
0.428 -0.06482725 -0.06526239
0.4285 -0.06482946 -0.06526424
0.429 -0.06483165 -0.06526606
0.4295 -0.06483381 -0.06526784
0.43 -0.06483594 -0.065269604
0.4305 -0.06483804 -0.06527135
0.431 -0.06484011 -0.06527306
0.4315 -0.06484216 -0.065274745
0.432 -0.06484418 -0.065276414
0.4325 -0.06484618 -0.06527805
0.433 -0.06484815 -0.06527966
0.4335 -0.06485009 -0.06528127
0.434 -0.06485201 -0.06528284
0.4345 -0.0648539 -0.06528439
0.435 -0.06485577 -0.06528592
0.4355 -0.06485762 -0.065287426
0.436 -0.06485944 -0.06528891
0.4365 -0.06486124 -0.06529037
0.437 -0.06486301 -0.06529181
0.4375 -0.06486477 -0.06529323
0.438 -0.0648665 -0.06529464
0.4385 -0.0648682 -0.065296024
0.439 -0.06486989 -0.065297395
0.4395 -0.06487155 -0.065298736
0.44 -0.06487319 -0.06530006
0.4405 -0.06487482 -0.06530137
0.441 -0.06487642 -0.065302655
0.4415 -0.064878 -0.06530393
0.442 -0.06487955 -0.06530518
0.4425 -0.06488109 -0.06530641
0.443 -0.06488261 -0.06530762
0.4435 -0.06488411 -0.065308824
0.444 -0.06488559 -0.065310016
0.4445 -0.06488705 -0.06531118
0.445 -0.0648885 -0.065312326
0.4455 -0.06488992 -0.06531345
0.446 -0.06489133 -0.065314576
0.4465 -0.06489271 -0.06531568
0.447 -0.06489408 -0.06531675
0.4475 -0.06489543 -0.06531783
0.448 -0.06489677 -0.06531888
0.4485 -0.06489809 -0.06531993
0.449 -0.06489939 -0.06532097
0.4495 -0.06490067 -0.06532198
0.45 -0.06490194 -0.06532297
0.4505 -0.06490319 -0.06532395
0.451 -0.06490442 -0.06532493
0.4515 -0.06490564 -0.065325886
0.452 -0.06490685 -0.065326825
0.4525 -0.06490803 -0.06532775
0.453 -0.06490921 -0.06532867
0.4535 -0.06491036 -0.06532956
0.454 -0.06491151 -0.065330446
0.4545 -0.06491263 -0.06533133
0.455 -0.06491375 -0.06533219
0.4555 -0.06491485 -0.06533304
0.456 -0.06491593 -0.06533387
0.4565 -0.064917 -0.06533472
0.457 -0.06491806 -0.06533553
0.4575 -0.0649191 -0.06533634
0.458 -0.06492013 -0.06533714
0.4585 -0.06492115 -0.065337926
0.459 -0.06492216 -0.0653387
0.4595 -0.06492315 -0.06533946
0.46 -0.06492413 -0.06534022
0.4605 -0.06492509 -0.06534096
0.461 -0.06492605 -0.06534169
0.4615 -0.06492699 -0.065342404
0.462 -0.06492792 -0.06534311
0.4625 -0.06492883 -0.065343805
0.463 -0.06492974 -0.06534448
0.4635 -0.06493063 -0.06534517
0.464 -0.06493152 -0.06534583
0.4645 -0.06493239 -0.065346494
0.465 -0.06493325 -0.06534715
0.4655 -0.0649341 -0.06534779
0.466 -0.06493494 -0.06534842
0.4665 -0.06493576 -0.06534904
0.467 -0.06493658 -0.06534965
0.4675 -0.06493739 -0.065350264
0.468 -0.06493818 -0.06535086
0.4685 -0.06493897 -0.06535146
0.469 -0.06493974 -0.06535202
0.4695 -0.06494051 -0.065352604
0.47 -0.06494127 -0.06535316
0.4705 -0.06494201 -0.06535374
0.471 -0.06494275 -0.06535427
0.4715 -0.06494348 -0.065354824
0.472 -0.0649442 -0.06535535
0.4725 -0.06494491 -0.065355875
0.473 -0.06494561 -0.06535639
0.4735 -0.0649463 -0.0653569
0.474 -0.06494698 -0.06535741
0.4745 -0.06494765 -0.06535791
0.475 -0.06494832 -0.0653584
0.4755 -0.06494897 -0.065358885
0.476 -0.06494962 -0.06535936
0.4765 -0.06495026 -0.06535984
0.477 -0.06495089 -0.0653603
0.4775 -0.06495152 -0.065360755
0.478 -0.06495213 -0.0653612
0.4785 -0.06495274 -0.065361634
0.479 -0.06495334 -0.065362066
0.4795 -0.06495393 -0.0653625
0.48 -0.06495452 -0.065362915
0.4805 -0.06495509 -0.06536335
0.481 -0.06495566 -0.065363765
0.4815 -0.06495623 -0.06536417
0.482 -0.06495678 -0.06536457
0.4825 -0.06495733 -0.06536496
0.483 -0.06495787 -0.06536536
0.4835 -0.06495841 -0.06536573
0.484 -0.06495893 -0.06536612
0.4845 -0.06495945 -0.06536649
0.485 -0.06495997 -0.06536686
0.4855 -0.06496048 -0.06536722
0.486 -0.06496098 -0.06536758
0.4865 -0.06496147 -0.06536794
0.487 -0.06496196 -0.06536828
0.4875 -0.06496244 -0.06536862
0.488 -0.06496292 -0.06536896
0.4885 -0.06496339 -0.06536929
0.489 -0.06496385 -0.06536961
0.4895 -0.06496431 -0.06536995
0.49 -0.06496476 -0.06537028
0.4905 -0.06496521 -0.06537059
0.491 -0.06496565 -0.065370895
0.4915 -0.06496609 -0.0653712
0.492 -0.06496652 -0.0653715
0.4925 -0.06496694 -0.0653718
0.493 -0.06496736 -0.065372095
0.4935 -0.06496777 -0.06537237
0.494 -0.06496818 -0.06537266
0.4945 -0.06496858 -0.065372944
0.495 -0.06496898 -0.06537321
0.4955 -0.06496937 -0.06537348
0.496 -0.06496976 -0.06537375
0.4965 -0.06497014 -0.06537402
0.497 -0.06497052 -0.065374285
0.4975 -0.0649709 -0.06537454
0.498 -0.06497126 -0.06537479
0.4985 -0.06497163 -0.065375045
0.499 -0.06497199 -0.0653753
0.4995 -0.06497234 -0.06537554
