0.0 -0.065 -0.037116185
0.0005 -0.065 -0.050664686
0.001 -0.065 -0.058545236
0.0015 -0.065 -0.063362196
0.002 -0.065 -0.066386625
0.0025 -0.065 -0.068315424
0.003 -0.065 -0.06956024
0.0035 -0.065 -0.07037359
0.004 -0.065 -0.07091267
0.0045 -0.065 -0.071275555
0.005 -0.065 -0.071523264
0.0055 -0.065 -0.07169366
0.006 -0.065 -0.07181016
0.0065 -0.065 -0.071887374
0.007 -0.065 -0.07193443
0.0075 -0.065 -0.07195727
0.008 -0.065 -0.07195982
0.0085 -0.065 -0.071944915
0.009 -0.065 -0.07191466
0.0095 -0.065 -0.07187075
0.01 -0.065 -0.07181466
0.0105 -0.065 -0.071747676
0.011 -0.065 -0.07167097
0.0115 -0.065 -0.07158564
0.012 -0.065 -0.07149269
0.0125 -0.065 -0.07139308
0.013 -0.065 -0.07128767
0.0135 -0.065 -0.07117729
0.014 -0.065 -0.071062684
0.0145 -0.065 -0.07094455
0.015 -0.065 -0.07082352
0.0155 -0.065 -0.07070017
0.016 -0.065 -0.07057503
0.0165 -0.065 -0.07044858
0.017 -0.065 -0.07032124
0.0175 -0.065 -0.070193395
0.018 -0.065 -0.070065394
0.0185 -0.065 -0.06993755
0.019 -0.065 -0.06981012
0.0195 -0.065 -0.069683366
0.02 -0.065 -0.06955749
0.0205 -0.065 -0.069432676
0.021 -0.065 -0.069309086
0.0215 -0.065 -0.06918687
0.022 -0.065 -0.06906614
0.0225 -0.065 -0.06894701
0.023 -0.065 -0.06882956
0.0235 -0.065 -0.068713866
0.024 -0.065 -0.068599984
0.0245 -0.065 -0.06848798
0.025 -0.065 -0.06837788
0.0255 -0.065 -0.06826972
0.026 -0.065 -0.068163514
0.0265 -0.065 -0.06805929
0.027 -0.065 -0.06795704
0.0275 -0.065 -0.06785678
0.028 -0.065 -0.0677585
0.0285 -0.065 -0.0676622
0.029 -0.065 -0.067567855
0.0295 -0.065 -0.067475475
0.03 -0.065 -0.067385025
0.0305 -0.065 -0.06729649
0.031 -0.065 -0.06720985
0.0315 -0.065 -0.06712508
0.032 -0.065 -0.06704216
0.0325 -0.065 -0.06696104
0.033 -0.065 -0.06688172
0.0335 -0.065 -0.06680416
0.034 -0.065 -0.06672834
0.0345 -0.065 -0.06665421
0.035 -0.065 -0.06658176
0.0355 -0.065 -0.066510946
0.036 -0.065 -0.066441745
0.0365 -0.065 -0.066374116
0.037 -0.065 -0.06630804
0.0375 -0.065 -0.06624348
0.038 -0.065 -0.0661804
0.0385 -0.065 -0.06611878
0.039 -0.065 -0.066058576
0.0395 -0.065 -0.06599977
0.04 -0.065 -0.065942325
0.0405 -0.065 -0.06588621
0.041 -0.065 -0.0658314
0.0415 -0.065 -0.06577787
0.042 -0.065 -0.06572558
0.0425 -0.065 -0.06567451
0.043 -0.065 -0.06562464
0.0435 -0.065 -0.06557592
0.044 -0.065 -0.06552835
0.0445 -0.065 -0.06548188
0.045 -0.065 -0.0654365
0.0455 -0.065 -0.065392174
0.046 -0.065 -0.065348886
0.0465 -0.065 -0.06530661
0.047 -0.065 -0.06526533
0.0475 -0.065 -0.065225005
0.048 -0.065 -0.06518562
0.0485 -0.065 -0.06514717
0.049 -0.065 -0.0651096
0.0495 -0.065 -0.06507292
0.05 -0.065 -0.06503709
0.0505 -0.065 -0.06500209
0.051 -0.065 -0.06496792
0.0515 -0.065 -0.06493454
0.052 -0.065 -0.06490193
0.0525 -0.065 -0.06487009
0.053 -0.065 -0.06483898
0.0535 -0.065 -0.06480861
0.054 -0.065 -0.06477894
0.0545 -0.065 -0.06474995
0.055 -0.065 -0.064721644
0.0555 -0.065 -0.064693995
0.056 -0.065 -0.06466699
0.0565 -0.065 -0.0646406
0.057 -0.065 -0.064614825
0.0575 -0.065 -0.06458965
0.058 -0.065 -0.064565055
0.0585 -0.065 -0.064541034
0.059 -0.065 -0.064517565
0.0595 -0.065 -0.06449464
0.06 -0.065 -0.064472236
0.0605 -0.065 -0.06445036
0.061 -0.065 -0.06442898
0.0615 -0.065 -0.06440809
0.062 -0.065 -0.064387694
0.0625 -0.065 -0.064367756
0.063 -0.065 -0.06434828
0.0635 -0.065 -0.06432926
0.064 -0.065 -0.06431067
0.0645 -0.065 -0.064292505
0.065 -0.065 -0.06427476
0.0655 -0.065 -0.06425742
0.066 -0.065 -0.06424047
0.0665 -0.065 -0.06422392
0.067 -0.065 -0.06420775
0.0675 -0.065 -0.06419194
0.068 -0.065 -0.06417649
0.0685 -0.065 -0.064161405
0.069 -0.065 -0.06414666
0.0695 -0.065 -0.06413225
0.07 -0.065 -0.06411816
0.0705 -0.065 -0.06410441
0.071 -0.065 -0.06409096
0.0715 -0.065 -0.06407782
0.072 -0.065 -0.06406498
0.0725 -0.065 -0.06405243
0.073 -0.065 -0.06404016
0.0735 -0.065 -0.06402818
0.074 -0.065 -0.06401646
0.0745 -0.065 -0.06400502
0.075 -0.065 -0.06399383
0.0755 -0.065 -0.0639829
0.076 -0.065 -0.06397221
0.0765 -0.065 -0.06396176
0.077 -0.065 -0.06395155
0.0775 -0.065 -0.063941576
0.078 -0.065 -0.06393182
0.0785 -0.065 -0.06392229
0.079 -0.065 -0.06391297
0.0795 -0.065 -0.063903876
0.08 -0.065 -0.06389497
0.0805 -0.065 -0.06388628
0.081 -0.065 -0.06387777
0.0815 -0.065 -0.06386946
0.082 -0.065 -0.06386133
0.0825 -0.065 -0.0638534
0.083 -0.065 -0.063845634
0.0835 -0.065 -0.06383805
0.084 -0.065 -0.06383063
0.0845 -0.065 -0.06382338
0.085 -0.065 -0.0638163
0.0855 -0.065 -0.06380937
0.086 -0.065 -0.06380259
0.0865 -0.065 -0.063795984
0.087 -0.065 -0.06378951
0.0875 -0.065 -0.06378319
0.088 -0.065 -0.06377701
0.0885 -0.065 -0.063770965
0.089 -0.065 -0.06376505
0.0895 -0.065 -0.063759275
0.09 -0.065 -0.06375362
0.0905 -0.065 -0.06374811
0.091 -0.065 -0.06374271
0.0915 -0.065 -0.06373744
0.092 -0.065 -0.063732274
0.0925 -0.065 -0.06372723
0.093 -0.065 -0.063722305
0.0935 -0.065 -0.06371748
0.094 -0.065 -0.06371277
0.0945 -0.065 -0.063708164
0.095 -0.065 -0.06370366
0.0955 -0.065 -0.06369926
0.096 -0.065 -0.063694954
0.0965 -0.065 -0.063690744
0.097 -0.065 -0.06368663
0.0975 -0.065 -0.06368261
0.098 -0.065 -0.063678674
0.0985 -0.065 -0.06367483
0.099 -0.065 -0.06367107
0.0995 -0.065 -0.063667394
0.1 -0.065 -0.07113202
0.1005 -0.05205612 -0.05963603
0.101 -0.03678555 -0.048087884
0.1015 -0.02642051 -0.039182324
0.102 -0.01935535 -0.032243043
0.1025 -0.01394585 -0.026418034
0.103 -0.009311454 -0.021169972
0.1035 -0.005023821 -0.016211998
0.104 -0.0008967279 -0.011400408
0.1045 0.003115461 -0.006665523
0.105 0.007031527 -0.0019747978
0.1055 0.01091859 0.0026857788
0.106 0.01480548 0.0073209824
0.1065 0.01868723 0.011930988
0.107 0.02255614 0.016513605
0.1075 0.02642019 0.021065574
0.108 0.03027984 0.025583249
0.1085 0.03413009 0.030062936
0.109 0.03796465 0.034501016
0.1095 0.0417781 0.038894255
0.11 0.04556702 0.043239754
0.1105 0.04932908 0.047534984
0.111 0.05306279 0.051777665
0.1115 0.05676717 0.05596615
0.112 0.06044165 0.060098927
0.1125 0.06408584 0.064174764
0.113 0.06769939 0.068192795
0.1135 0.07128201 0.07215245
0.114 0.07483355 0.07605329
0.1145 0.07835392 0.07989519
0.115 0.08184136 0.08367813
0.1155 0.08527853 0.08740224
0.116 0.08867512 0.09106778
0.1165 0.09204577 0.09467516
0.117 0.09539416 0.09822491
0.1175 0.09870711 0.1017176
0.118 0.1019618 0.10515383
0.1185 0.1051808 0.10853435
0.119 0.1083802 0.1118599
0.1195 0.1115629 0.115131244
0.12 0.1147258 0.1183493
0.1205 0.117865 0.12151489
0.121 0.1209769 0.12462886
0.1215 0.1240592 0.12769204
0.122 0.1271103 0.13070546
0.1225 0.1301113 0.13366994
0.123 0.1330368 0.13658637
0.1235 0.1359186 0.1394557
0.124 0.1387853 0.14227872
0.1245 0.1416428 0.14505644
0.125 0.1444868 0.14778976
0.1255 0.1473104 0.15047938
0.126 0.1501074 0.15312634
0.1265 0.1528743 0.1557314
0.127 0.1556091 0.15829544
0.1275 0.1583128 0.16081919
0.128 0.1609854 0.16330363
0.1285 0.1636157 0.16574942
0.129 0.1661922 0.16815738
0.1295 0.1687342 0.17052831
0.13 0.1712546 0.17286293
0.1305 0.1737398 0.17516191
0.131 0.1761779 0.1774261
0.1315 0.1785865 0.17965613
0.132 0.1809572 0.18185268
0.1325 0.1832937 0.18401651
0.133 0.1855978 0.18614818
0.1335 0.1878699 0.18824844
0.134 0.1901309 0.1903178
0.1345 0.1923824 0.19235696
0.135 0.1946254 0.1943665
0.1355 0.1968558 0.19634694
0.136 0.1990424 0.19829898
0.1365 0.2011837 0.20022306
0.137 0.2033082 0.20211987
0.1375 0.2054225 0.20398979
0.138 0.207524 0.20583345
0.1385 0.209608 0.20765133
0.139 0.2116695 0.20944394
0.1395 0.2137051 0.21121174
0.14 0.215708 0.21295519
0.1405 0.2176793 0.21467476
0.141 0.2196249 0.21637096
0.1415 0.2215323 0.21804418
0.142 0.2233906 0.21969484
0.1425 0.2252246 0.22132337
0.143 0.2270471 0.2229302
0.1435 0.2288598 0.22451578
0.144 0.2306601 0.2260804
0.1445 0.2324322 0.22762452
0.145 0.2339289 0.22914846
0.1455 0.2353872 0.23065265
0.146 0.2369419 0.23213737
0.1465 0.238585 0.23360303
0.147 0.2402794 0.23504998
0.1475 0.2419922 0.23647846
0.148 0.2437005 0.23788883
0.1485 0.2453739 0.23928149
0.149 0.2469939 0.24065666
0.1495 0.2485842 0.24201466
0.15 0.250158 0.25040329
0.1505 0.2387842 0.24009164
0.151 0.2250653 0.22851944
0.1515 0.2162111 0.21908589
0.152 0.2106172 0.2117538
0.1525 0.2066407 0.20593134
0.153 0.2034007 0.20111762
0.1535 0.2004877 0.19697893
0.154 0.1977203 0.19330728
0.1545 0.1950191 0.1899734
0.155 0.1923493 0.18689384
0.1555 0.1896957 0.18401124
0.156 0.1870418 0.18128328
0.1565 0.1843687 0.17867689
0.157 0.1817021 0.17616515
0.1575 0.17903 0.17372563
0.158 0.1763755 0.1713397
0.1585 0.1737481 0.16899174
0.159 0.1711444 0.16666888
0.1595 0.1685593 0.16436078
0.16 0.1659889 0.16205922
0.1605 0.163431 0.15975778
0.161 0.1608845 0.1574517
0.1615 0.1583493 0.15513751
0.162 0.1558258 0.15281309
0.1625 0.1533145 0.15047704
0.163 0.1508161 0.14812887
0.1635 0.1483313 0.14576866
0.164 0.1458608 0.1433972
0.1645 0.1434054 0.14101543
0.165 0.1409655 0.13862471
0.1655 0.1385418 0.13622652
0.166 0.1361347 0.13382258
0.1665 0.1337447 0.1314146
0.167 0.1313722 0.12900451
0.1675 0.1290177 0.12659411
0.168 0.1266813 0.12418519
0.1685 0.1243635 0.12177956
0.169 0.1220646 0.119379
0.1695 0.1197847 0.1169851
0.17 0.1175241 0.11459957
0.1705 0.115283 0.11222394
0.171 0.1130616 0.109859616
0.1715 0.1108601 0.10750809
0.172 0.1086785 0.10517065
0.1725 0.1065171 0.102848604
0.173 0.1043759 0.1005432
0.1735 0.102255 0.09825553
0.174 0.1001546 0.095986694
0.1745 0.09807456 0.093737826
0.175 0.09601506 0.09150985
0.1755 0.09397612 0.089303836
0.176 0.09195775 0.08712064
0.1765 0.08995996 0.08496116
0.177 0.08798277 0.08282617
0.1775 0.08602615 0.080716625
0.178 0.08409009 0.078633234
0.1785 0.08217457 0.07657674
0.179 0.08027953 0.07454781
0.1795 0.07840495 0.07254715
0.18 0.07655076 0.07057537
0.1805 0.0747169 0.068633065
0.181 0.07290331 0.06672074
0.1815 0.07110989 0.064838916
0.182 0.06933659 0.06298803
0.1825 0.06758329 0.061168488
0.183 0.06584992 0.059380602
0.1835 0.06413636 0.05762468
0.184 0.06244251 0.055900913
0.1845 0.06076827 0.054209452
0.185 0.05911351 0.05255037
0.1855 0.05747812 0.050923806
0.186 0.05586198 0.049329635
0.1865 0.05426495 0.04776771
0.187 0.0526869 0.046237867
0.1875 0.05112771 0.044739928
0.188 0.04958723 0.043273482
0.1885 0.04806532 0.041838165
0.189 0.04656185 0.040433522
0.1895 0.04507666 0.039059002
0.19 0.04360961 0.037714
0.1905 0.04216055 0.03639785
0.191 0.04072933 0.03510982
0.1915 0.0393158 0.033849146
0.192 0.03791979 0.032614987
0.1925 0.03654116 0.03140642
0.193 0.03517974 0.030222584
0.1935 0.03383539 0.029062439
0.194 0.03250793 0.02792504
0.1945 0.03119722 0.026809324
0.195 0.02990308 0.025714245
0.1955 0.02862536 0.024638746
0.196 0.0273639 0.023581754
0.1965 0.02611853 0.02254219
0.197 0.02488909 0.021518994
0.1975 0.02367541 0.020511117
0.198 0.02247735 0.019517507
0.1985 0.02129472 0.01853719
0.199 0.02012738 0.017569121
0.1995 0.01897515 0.016612392
0.2 0.01783788 0.028926056
0.2005 0.0296559 0.047349766
0.201 0.04377543 0.060342062
0.2015 0.05297767 0.06827264
0.202 0.05891278 0.07309844
0.2025 0.06322924 0.07627305
0.203 0.06681634 0.078644246
0.2035 0.07009026 0.0806655
0.204 0.07323036 0.082569584
0.2045 0.07631055 0.08447297
0.205 0.07936024 0.0864315
0.2055 0.08239073 0.088469826
0.206 0.08540622 0.09059636
0.2065 0.08840831 0.092811026
0.207 0.09139741 0.095109195
0.2075 0.09437326 0.09748411
0.208 0.09733541 0.09992787
0.2085 0.1002835 0.10243223
0.209 0.1032143 0.104989
0.2095 0.1061119 0.10759023
0.21 0.1089876 0.11022841
0.2105 0.1118529 0.11289657
0.211 0.1147093 0.1155882
0.2115 0.1175545 0.11829738
0.212 0.1203866 0.12101866
0.2125 0.1232036 0.123747274
0.213 0.1260038 0.12647876
0.2135 0.1287852 0.12920928
0.214 0.1315458 0.13193531
0.2145 0.1342632 0.13465378
0.215 0.1369438 0.13736196
0.2155 0.1396057 0.14005737
0.216 0.1422402 0.14273791
0.2165 0.1448395 0.14540175
0.217 0.1474027 0.1480472
0.2175 0.1499443 0.1506729
0.218 0.152485 0.1532775
0.2185 0.155018 0.15586008
0.219 0.1575219 0.15841965
0.2195 0.1600115 0.16095541
0.22 0.1624958 0.1634668
0.2205 0.1649733 0.16595319
0.221 0.167439 0.16841413
0.2215 0.1698882 0.17084917
0.222 0.1723142 0.17325826
0.2225 0.1746865 0.17564099
0.223 0.1770255 0.17799725
0.2235 0.1793506 0.18032698
0.224 0.1816643 0.18263002
0.2245 0.1839608 0.1849065
0.225 0.1862322 0.18715635
0.2255 0.18848 0.18937968
0.226 0.190707 0.19157656
0.2265 0.1929136 0.1937471
0.227 0.1950992 0.19589151
0.2275 0.197249 0.1980099
0.228 0.1993502 0.20010252
0.2285 0.2014269 0.20216943
0.229 0.2034916 0.20421104
0.2295 0.2053556 0.20622748
0.23 0.2071294 0.208219
0.2305 0.2089811 0.21018584
0.231 0.2109154 0.21212824
0.2315 0.2129 0.21404661
0.232 0.2149038 0.21594103
0.2325 0.2169044 0.21781187
0.233 0.2188884 0.21965945
0.2335 0.2208479 0.22148393
0.234 0.2227706 0.22328578
0.2345 0.2246336 0.22506508
0.235 0.2264596 0.22682233
0.2355 0.2282674 0.22855762
0.236 0.2300615 0.2302714
0.2365 0.2318403 0.23196386
0.237 0.2336009 0.23363538
0.2375 0.2353404 0.2352861
0.238 0.2370536 0.23691644
0.2385 0.2386838 0.23852669
0.239 0.2402554 0.24011703
0.2395 0.2418254 0.24168782
0.24 0.2434058 0.24323927
0.2405 0.2449913 0.2447717
0.241 0.2465732 0.24628536
0.2415 0.2481282 0.2477806
0.242 0.2496351 0.24925758
0.2425 0.2511286 0.25071663
0.243 0.2526188 0.252158
0.2435 0.2541034 0.25358188
0.244 0.2555622 0.25498855
0.2445 0.2569868 0.25637838
0.245 0.2583961 0.25775152
0.2455 0.2597977 0.25910813
0.246 0.261191 0.2604486
0.2465 0.2625721 0.2617731
0.247 0.2639388 0.26308185
0.2475 0.2652897 0.26437506
0.248 0.2666231 0.26565307
0.2485 0.2679377 0.266916
0.249 0.2692336 0.26816407
0.2495 0.2705118 0.26939753
0.25 0.2717726 0.27653655
0.2505 0.2600732 0.26560304
0.251 0.2460174 0.25366005
0.2515 0.2368364 0.24395384
0.252 0.2309091 0.23639451
0.2525 0.2265834 0.23036866
0.253 0.2230124 0.22536264
0.2535 0.2197942 0.22103311
0.254 0.2167433 0.21716484
0.2545 0.2137743 0.2136235
0.255 0.2108476 0.21032281
0.2555 0.2079445 0.20720397
0.256 0.2050563 0.20422457
0.2565 0.2021791 0.20135225
0.257 0.1993116 0.19856128
0.2575 0.1964536 0.1958309
0.258 0.1936053 0.19314404
0.2585 0.1907675 0.19048679
0.259 0.1879408 0.18784809
0.2595 0.1851262 0.18521912
0.26 0.1823244 0.18259306
0.2605 0.1795363 0.17996477
0.261 0.1767626 0.17733076
0.2615 0.1740039 0.17468868
0.262 0.171261 0.17203726
0.2625 0.1685344 0.169376
0.263 0.1658248 0.16670524
0.2635 0.1631327 0.16402566
0.264 0.1604585 0.16133855
0.2645 0.1578028 0.1586454
0.265 0.155166 0.15594794
0.2655 0.1525484 0.15324812
0.266 0.1499505 0.15054789
0.2665 0.1473726 0.14784923
0.267 0.144815 0.14515416
0.2675 0.1422781 0.14246471
0.268 0.139762 0.13978268
0.2685 0.137267 0.13711005
0.269 0.1347933 0.13444851
0.2695 0.1323412 0.13179976
0.27 0.1299108 0.12916537
0.2705 0.1275023 0.12654677
0.271 0.1251158 0.12394537
0.2715 0.1227515 0.12136249
0.272 0.1204094 0.11879927
0.2725 0.1180896 0.11625683
0.273 0.1157922 0.11373624
0.2735 0.1135174 0.111238435
0.274 0.111265 0.10876438
0.2745 0.1090352 0.10631475
0.275 0.106828 0.10389049
0.2755 0.1046433 0.10149227
0.276 0.1024813 0.099120796
0.2765 0.1003417 0.09677668
0.277 0.09822476 0.09446056
0.2775 0.09613027 0.09217304
0.278 0.09405824 0.089914635
0.2785 0.09200861 0.08768587
0.279 0.0899813 0.08548722
0.2795 0.08797626 0.08331916
0.28 0.0859934 0.08118215
0.2805 0.08403263 0.0790766
0.281 0.08209386 0.07700284
0.2815 0.080177 0.07496126
0.282 0.07828192 0.072952196
0.2825 0.07640853 0.07097596
0.283 0.0745567 0.06903273
0.2835 0.0727263 0.06712283
0.284 0.07091722 0.06524642
0.2845 0.06912931 0.063403636
0.285 0.06736245 0.061594617
0.2855 0.06561648 0.05981938
0.286 0.06389127 0.058078047
0.2865 0.06218667 0.056370508
0.287 0.06050252 0.054696765
0.2875 0.05883867 0.05305669
0.288 0.05719496 0.051450085
0.2885 0.05557123 0.049876746
0.289 0.05396733 0.048336428
0.2895 0.05238308 0.046828765
0.29 0.05081832 0.04535343
0.2905 0.04927288 0.04390995
0.291 0.0477466 0.042497907
0.2915 0.04623929 0.04111672
0.292 0.04475079 0.039765846
0.2925 0.04328093 0.038444635
0.293 0.04182952 0.037152443
0.2935 0.0403964 0.035888534
0.294 0.03898139 0.03465214
0.2945 0.0375843 0.033442494
0.295 0.03620497 0.032258745
0.2955 0.03484322 0.03110009
0.296 0.03349886 0.029965606
0.2965 0.03217173 0.028854396
0.297 0.03086163 0.027765501
0.2975 0.0295684 0.02669805
0.298 0.02829185 0.025651049
0.2985 0.02703182 0.02462354
0.299 0.02578811 0.023614567
0.2995 0.02456055 0.022623185
0.3 0.02334897 0.035609886
0.3005 0.03509107 0.054661375
0.301 0.04914207 0.06817381
0.3015 0.05829197 0.07651963
0.302 0.06416955 0.08166416
0.3025 0.06842463 0.08507271
0.303 0.07195294 0.08760607
0.3035 0.07516725 0.08973036
0.304 0.07824519 0.09168953
0.3045 0.08126076 0.09360935
0.305 0.08424445 0.095553376
0.3055 0.0872089 0.097552724
0.306 0.09015906 0.09962084
0.3065 0.09309673 0.10176191
0.307 0.09602248 0.10397474
0.3075 0.09893044 0.1062553
0.308 0.1018085 0.108597964
0.3085 0.1046708 0.110996366
0.309 0.1075252 0.11344381
0.3095 0.1103723 0.11593348
0.31 0.1132105 0.11845887
0.3105 0.1160375 0.121013686
0.311 0.1188315 0.12359224
0.3115 0.121595 0.12618892
0.312 0.1243448 0.12879889
0.3125 0.1270855 0.13141753
0.313 0.129816 0.13404076
0.3135 0.1325348 0.13666482
0.314 0.1352306 0.13928638
0.3145 0.1378861 0.14190249
0.315 0.1405175 0.14451043
0.3155 0.1431237 0.14710797
0.316 0.1457026 0.14969285
0.3165 0.1482678 0.1522633
0.317 0.1508047 0.15481769
0.3175 0.1533272 0.15735458
0.318 0.1558471 0.15987274
0.3185 0.1583638 0.16237105
0.319 0.1608722 0.16484864
0.3195 0.1633666 0.16730459
0.32 0.165843 0.16973834
0.3205 0.1682808 0.17214917
0.321 0.1706718 0.17453666
0.3215 0.1730435 0.17690028
0.322 0.1754039 0.17923988
0.3225 0.1777479 0.18155505
0.323 0.1800692 0.18384571
0.3235 0.1823698 0.1861116
0.324 0.1846513 0.18835269
0.3245 0.1869135 0.19056879
0.325 0.1891553 0.19276007
0.3255 0.1913693 0.19492637
0.326 0.1935327 0.19706784
0.3265 0.1956647 0.19918454
0.327 0.1977684 0.20127656
0.3275 0.1996406 0.20334403
0.328 0.201493 0.20538704
0.3285 0.2034304 0.20740588
0.329 0.2054421 0.2094006
0.3295 0.2074949 0.21137145
0.33 0.2095599 0.21331857
0.3305 0.2116175 0.21524225
0.331 0.2136561 0.21714269
0.3315 0.2156692 0.2190201
0.332 0.2176495 0.22087471
0.3325 0.2195711 0.22270684
0.333 0.2214505 0.22451665
0.3335 0.2233097 0.22630444
0.334 0.2251553 0.22807041
0.3345 0.2269864 0.22981487
0.335 0.2288001 0.23153804
0.3355 0.2305936 0.23324026
0.336 0.2323616 0.23492168
0.3365 0.234044 0.23658262
0.337 0.2356714 0.23822339
0.3375 0.2372975 0.23984416
0.338 0.238933 0.24144529
0.3385 0.2405726 0.2430269
0.339 0.2422078 0.24458943
0.3395 0.2438317 0.24613301
0.34 0.2454186 0.24765788
0.3405 0.246958 0.24916439
0.341 0.2484851 0.2506527
0.3415 0.2500081 0.25212312
0.342 0.2515213 0.25357592
0.3425 0.2529992 0.25501123
0.343 0.2544536 0.25642946
0.3435 0.255898 0.2578307
0.344 0.2573351 0.25921533
0.3445 0.2587622 0.2605835
0.345 0.2601756 0.26193535
0.3455 0.2615735 0.26327136
0.346 0.2629546 0.2645915
0.3465 0.2643172 0.26589605
0.347 0.2656605 0.2671853
0.3475 0.2669852 0.26845947
0.348 0.2682919 0.26971877
0.3485 0.2695813 0.27096334
0.349 0.2708536 0.27219343
0.3495 0.2721092 0.27340928
0.35 0.2733387 0.28031415
0.3505 0.2615647 0.26926413
0.351 0.2474375 0.25726393
0.3515 0.2382049 0.247526
0.352 0.232265 0.23994584
0.3525 0.2279668 0.23390383
0.353 0.2244218 0.22888307
0.3535 0.2212155 0.2245384
0.354 0.2181631 0.2206538
0.3545 0.2151833 0.21709439
0.355 0.2122116 0.2137736
0.3555 0.2092297 0.21063276
0.356 0.2062709 0.20762964
0.3565 0.2033431 0.20473208
0.357 0.2004429 0.20191468
0.3575 0.1975643 0.19915688
0.358 0.1947028 0.19644187
0.3585 0.1918555 0.19375603
0.359 0.1890211 0.19108844
0.3595 0.186199 0.18843046
0.36 0.1833893 0.1857754
0.3605 0.1805927 0.18311837
0.361 0.1778098 0.18045585
0.3615 0.1750413 0.17778559
0.362 0.1722879 0.17510633
0.3625 0.1695505 0.17241774
0.363 0.1668296 0.16972014
0.3635 0.164126 0.16701423
0.364 0.1614401 0.16430138
0.3645 0.1587726 0.161583
0.365 0.1561239 0.15886092
0.3655 0.1534945 0.15613692
0.366 0.1508848 0.15341316
0.3665 0.1482951 0.15069146
0.367 0.1457258 0.14797388
0.3675 0.1431772 0.14526236
0.368 0.1406496 0.14255889
0.3685 0.1381433 0.13986519
0.369 0.1356584 0.13718306
0.3695 0.1331951 0.13451412
0.37 0.1307537 0.13185984
0.3705 0.1283343 0.12922178
0.371 0.1259371 0.12660123
0.3715 0.1235622 0.12399945
0.372 0.1212096 0.12141757
0.3725 0.1188795 0.11885671
0.373 0.116572 0.11631785
0.3735 0.1142871 0.11380193
0.374 0.1120248 0.11130972
0.3745 0.1097852 0.108842134
0.375 0.1075683 0.106399864
0.3755 0.1053742 0.10398358
0.376 0.1032027 0.101593986
0.3765 0.1010539 0.09923166
0.377 0.09892775 0.09689714
0.3775 0.09682424 0.09459104
0.378 0.0947433 0.09231387
0.3785 0.09268487 0.09006603
0.379 0.09064889 0.08784807
0.3795 0.08863529 0.08566038
0.38 0.08664398 0.083503395
0.3805 0.08467488 0.08137749
0.381 0.08272789 0.07928306
0.3815 0.0808029 0.07722041
0.382 0.07889982 0.07518987
0.3825 0.07701852 0.07319172
0.383 0.07515888 0.07122624
0.3835 0.07332079 0.06929366
0.384 0.07150411 0.0673942
0.3845 0.06970871 0.06552799
0.385 0.06793444 0.06369515
0.3855 0.06618117 0.06189586
0.386 0.06444875 0.06013007
0.3865 0.06273703 0.058397915
0.387 0.06104586 0.056699257
0.3875 0.05937508 0.055034097
0.388 0.05772453 0.0534023
0.3885 0.05609405 0.05180372
0.389 0.05448349 0.050238077
0.3895 0.05289266 0.0487052
0.39 0.05132141 0.04720476
0.3905 0.04976956 0.045736384
0.391 0.04823695 0.044299673
0.3915 0.0467234 0.04289416
0.392 0.04522874 0.041519333
0.3925 0.04375279 0.04017466
0.393 0.04229538 0.038859587
0.3935 0.04085634 0.037573446
0.394 0.03943547 0.03631554
0.3945 0.03803261 0.03508519
0.395 0.03664758 0.03388164
0.3955 0.0352802 0.03270408
0.396 0.03393029 0.031551693
0.3965 0.03259767 0.03042366
0.397 0.03128216 0.029319111
0.3975 0.02998359 0.028237175
0.398 0.02870177 0.02717695
0.3985 0.02743652 0.026137482
0.399 0.02618767 0.025117915
0.3995 0.02495504 0.024117287
0.4 0.02373846 0.023134705
0.4005 0.02253774 0.022169251
0.401 0.0213527 0.021219987
0.4015 0.02018318 0.02028605
0.402 0.019029 0.019366566
0.4025 0.01788998 0.018460665
0.403 0.01676595 0.017567527
0.4035 0.01565674 0.016686346
0.404 0.01456218 0.015816335
0.4045 0.01348209 0.014956762
0.405 0.01241631 0.014106934
0.4055 0.01136467 0.013266143
0.406 0.01032699 0.012433794
0.4065 0.009303124 0.011609283
0.407 0.008292893 0.010792066
0.4075 0.007296138 0.009981615
0.408 0.006312695 0.0091775255
0.4085 0.005342402 0.008379308
0.409 0.004385099 0.007586633
0.4095 0.003440627 0.0067991586
0.41 0.002508829 0.006016598
0.4105 0.001589547 0.005238709
0.411 0.0006826274 0.0044652866
0.4115 -0.0002120846 0.0036961595
0.412 -0.001094741 0.0029311972
0.4125 -0.001965493 0.0021703215
0.413 -0.002824491 0.0014134618
0.4135 -0.003671882 0.0006605806
0.414 -0.004507814 -8.8281e-05
0.4145 -0.005332432 -0.0008331118
0.415 -0.006145881 -0.0015738448
0.4155 -0.006948302 -0.0023104055
0.416 -0.007739837 -0.0030426895
0.4165 -0.008520627 -0.0037705628
0.417 -0.009290809 -0.004493906
0.4175 -0.01005052 -0.0052125556
0.418 -0.0107999 -0.0059263473
0.4185 -0.01153907 -0.0066351285
0.419 -0.01226818 -0.0073387055
0.4195 -0.01298735 -0.008036888
0.42 -0.01369672 -0.008729513
0.4205 -0.0143964 -0.009416367
0.421 -0.01508654 -0.010097283
0.4215 -0.01576725 -0.010772063
0.422 -0.01643866 -0.0114405295
0.4225 -0.01710089 -0.012102514
0.423 -0.01775406 -0.012757841
0.4235 -0.0183983 -0.013406365
0.424 -0.01903372 -0.014047935
0.4245 -0.01966044 -0.014682378
0.425 -0.02027857 -0.015309575
0.4255 -0.02088823 -0.015929427
0.426 -0.02148954 -0.016541801
0.4265 -0.0220826 -0.017146613
0.427 -0.02266752 -0.017743748
0.4275 -0.02324442 -0.018333163
0.428 -0.02381341 -0.018914785
0.4285 -0.02437458 -0.01948858
0.429 -0.02492804 -0.020054482
0.4295 -0.02547391 -0.020612486
0.43 -0.02601228 -0.02116257
0.4305 -0.02654325 -0.021704748
0.431 -0.02706692 -0.022239022
0.4315 -0.02758339 -0.022765405
0.432 -0.02809276 -0.023283958
0.4325 -0.02859513 -0.023794677
0.433 -0.0290906 -0.024297655
0.4335 -0.02957924 -0.024792928
0.434 -0.03006117 -0.02528058
0.4345 -0.03053646 -0.025760692
0.435 -0.03100522 -0.026233334
0.4355 -0.03146752 -0.026698615
0.436 -0.03192347 -0.027156617
0.4365 -0.03237314 -0.027607467
0.437 -0.03281662 -0.028051253
0.4375 -0.033254 -0.028488103
0.438 -0.03368535 -0.028918147
0.4385 -0.03411077 -0.029341485
0.439 -0.03453034 -0.02975827
0.4395 -0.03494412 -0.030168615
0.44 -0.03535222 -0.030572645
0.4405 -0.03575469 -0.030970518
0.441 -0.03615163 -0.03136236
0.4415 -0.0365431 -0.031748306
0.442 -0.03692918 -0.032128487
0.4425 -0.03730995 -0.03250305
0.443 -0.03768548 -0.032872144
0.4435 -0.03805584 -0.03323588
0.444 -0.0384211 -0.033594415
0.4445 -0.03878133 -0.033947874
0.445 -0.03913661 -0.034296397
0.4455 -0.039487 -0.03464012
0.446 -0.03983257 -0.03497916
0.4465 -0.04017339 -0.03531366
0.447 -0.04050951 -0.035643745
0.4475 -0.04084102 -0.035969533
0.448 -0.04116796 -0.03629116
0.4485 -0.04149041 -0.036608722
0.449 -0.04180842 -0.03692235
0.4495 -0.04212206 -0.03723216
0.45 -0.04243139 -0.03753826
0.4505 -0.04273647 -0.03784075
0.451 -0.04303736 -0.03813973
0.4515 -0.04333411 -0.038435325
0.452 -0.04362678 -0.03872762
0.4525 -0.04391543 -0.0390167
0.453 -0.04420012 -0.039302655
0.4535 -0.0444809 -0.039585598
0.454 -0.04475782 -0.039865583
0.4545 -0.04503094 -0.040142715
0.455 -0.04530031 -0.040417057
0.4555 -0.04556598 -0.04068867
0.456 -0.04582801 -0.04095766
0.4565 -0.04608645 -0.04122407
0.457 -0.04634133 -0.041487977
0.4575 -0.04659273 -0.041749433
0.458 -0.04684067 -0.0420085
0.4585 -0.04708522 -0.04226524
0.459 -0.04732641 -0.042519692
0.4595 -0.0475643 -0.042771917
0.46 -0.04779893 -0.04302196
0.4605 -0.04803035 -0.04326986
0.461 -0.04825859 -0.043515675
0.4615 -0.04848371 -0.043759424
0.462 -0.04870575 -0.04400116
0.4625 -0.04892475 -0.044240892
0.463 -0.04914076 -0.044478677
0.4635 -0.0493538 -0.04471454
0.464 -0.04956394 -0.044948503
0.4645 -0.0497712 -0.045180593
0.465 -0.04997562 -0.045410838
0.4655 -0.05017726 -0.045639254
0.466 -0.05037613 -0.045865856
0.4665 -0.05057229 -0.046090677
0.467 -0.05076577 -0.04631373
0.4675 -0.05095661 -0.046535026
0.468 -0.05114484 -0.04675458
0.4685 -0.05133051 -0.04697239
0.469 -0.05151364 -0.04718848
0.4695 -0.05169427 -0.047402866
0.47 -0.05187244 -0.047615543
0.4705 -0.05204817 -0.047826525
0.471 -0.05222152 -0.048035815
0.4715 -0.0523925 -0.048243426
0.472 -0.05256115 -0.04844936
0.4725 -0.0527275 -0.048653614
0.473 -0.05289159 -0.04885619
0.4735 -0.05305344 -0.049057093
0.474 -0.05321309 -0.049256336
0.4745 -0.05337057 -0.0494539
0.475 -0.0535259 -0.049649794
0.4755 -0.05367912 -0.049844023
0.476 -0.05383026 -0.05003658
0.4765 -0.05397935 -0.05022746
0.477 -0.0541264 -0.050416674
0.4775 -0.05427146 -0.05060421
0.478 -0.05441455 -0.050790075
0.4785 -0.0545557 -0.05097426
0.479 -0.05469493 -0.051156763
0.4795 -0.05483227 -0.05133759
0.48 -0.05496774 -0.051516715
0.4805 -0.05510138 -0.05169417
0.481 -0.05523321 -0.05186993
0.4815 -0.05536325 -0.052043997
0.482 -0.05549152 -0.05221637
0.4825 -0.05561806 -0.052387048
0.483 -0.05574288 -0.052556027
0.4835 -0.05586602 -0.052723307
0.484 -0.05598748 -0.052888885
0.4845 -0.0561073 -0.05305276
0.485 -0.0562255 -0.053214934
0.4855 -0.0563421 -0.053375397
0.486 -0.05645713 -0.05353416
0.4865 -0.05657059 -0.053691212
0.487 -0.05668253 -0.053846557
0.4875 -0.05679295 -0.054000195
0.488 -0.05690188 -0.054152135
0.4885 -0.05700934 -0.054302365
0.489 -0.05711535 -0.05445089
0.4895 -0.05721992 -0.05459771
0.49 -0.05732309 -0.054742824
0.4905 -0.05742486 -0.05488625
0.491 -0.05752526 -0.055027973
0.4915 -0.05762431 -0.055168
0.492 -0.05772202 -0.05530634
0.4925 -0.05781841 -0.055443
0.493 -0.05791351 -0.055577967
0.4935 -0.05800732 -0.05571126
0.494 -0.05809987 -0.05584288
0.4945 -0.05819117 -0.055972826
0.495 -0.05828125 -0.05610111
0.4955 -0.05837011 -0.05622774
0.496 -0.05845778 -0.056352716
0.4965 -0.05854427 -0.056476053
0.497 -0.0586296 -0.056597743
0.4975 -0.05871378 -0.056717817
0.498 -0.05879683 -0.056836262
0.4985 -0.05887876 -0.056953087
0.499 -0.05895959 -0.05706832
0.4995 -0.05903934 -0.05718195
