0.0 -0.065 -0.044264074
0.0005 -0.06496159 -0.05492885
0.001 -0.06485158 -0.059960004
0.0015 -0.06472108 -0.063019514
0.002 -0.06458789 -0.0650158
0.0025 -0.06444932 -0.06625326
0.003 -0.06430207 -0.066910475
0.0035 -0.06414415 -0.06713228
0.004 -0.06398292 -0.06704008
0.0045 -0.06382026 -0.06673174
0.005 -0.06365113 -0.06628242
0.0055 -0.06346451 -0.065747745
0.006 -0.0632676 -0.06516754
0.0065 -0.06306563 -0.06456945
0.007 -0.06285628 -0.063972116
0.0075 -0.06263061 -0.063387565
0.008 -0.0624017 -0.062823184
0.0085 -0.06217493 -0.062283102
0.009 -0.06194991 -0.06176912
0.0095 -0.06172459 -0.0612817
0.01 -0.06149695 -0.060820207
0.0105 -0.06126553 -0.060383376
0.011 -0.06102943 -0.059969764
0.0115 -0.06078817 -0.05957761
0.012 -0.06054157 -0.059205126
0.0125 -0.06028962 -0.058850545
0.013 -0.06003244 -0.058512215
0.0135 -0.0597702 -0.058188483
0.014 -0.05950304 -0.0578779
0.0145 -0.05923103 -0.05757908
0.015 -0.05895441 -0.05729078
0.0155 -0.05867352 -0.057011932
0.016 -0.05838867 -0.056741443
0.0165 -0.05810007 -0.056478377
0.017 -0.05780795 -0.05622196
0.0175 -0.05751246 -0.055971432
0.018 -0.05721376 -0.0557262
0.0185 -0.05691231 -0.055485625
0.019 -0.05661149 -0.055249248
0.0195 -0.0563104 -0.055016577
0.02 -0.05600636 -0.05478726
0.0205 -0.0556983 -0.054560896
0.021 -0.05538627 -0.054337215
0.0215 -0.05507075 -0.05411605
0.022 -0.05475229 -0.053897064
0.0225 -0.05443142 -0.053680044
0.023 -0.05410862 -0.05346492
0.0235 -0.0537841 -0.05325154
0.024 -0.05345802 -0.05303972
0.0245 -0.0531305 -0.05282941
0.025 -0.05280167 -0.05262048
0.0255 -0.05247089 -0.052412942
0.026 -0.05213815 -0.052206684
0.0265 -0.0518045 -0.052001696
0.027 -0.05147058 -0.0517979
0.0275 -0.05113651 -0.051595308
0.028 -0.05080224 -0.051393878
0.0285 -0.05046787 -0.051193614
0.029 -0.05013429 -0.050994486
0.0295 -0.04980065 -0.050796498
0.03 -0.0494664 -0.05059975
0.0305 -0.04913152 -0.050404128
0.031 -0.04879582 -0.050209638
0.0315 -0.04845914 -0.050016362
0.032 -0.04812222 -0.04982429
0.0325 -0.04778576 -0.049633414
0.033 -0.04744996 -0.04944373
0.0335 -0.04711484 -0.0492553
0.034 -0.04678035 -0.04906818
0.0345 -0.04644647 -0.048882294
0.035 -0.0461132 -0.0486977
0.0355 -0.04578058 -0.048514407
0.036 -0.04544865 -0.04833243
0.0365 -0.04511746 -0.048151795
0.037 -0.04478709 -0.04797251
0.0375 -0.04445758 -0.047794595
0.038 -0.04412898 -0.047618028
0.0385 -0.04380123 -0.047442883
0.039 -0.04347442 -0.047269154
0.0395 -0.04314867 -0.047096815
0.04 -0.04282409 -0.04692587
0.0405 -0.04250069 -0.04675641
0.041 -0.04217915 -0.04658837
0.0415 -0.04186763 -0.04642181
0.042 -0.04156146 -0.046256647
0.0425 -0.04125429 -0.046092954
0.043 -0.04094443 -0.045930736
0.0435 -0.04063243 -0.045770008
0.044 -0.04031941 -0.04561074
0.0445 -0.04000642 -0.045452934
0.045 -0.03969452 -0.045296647
0.0455 -0.03938436 -0.045141794
0.046 -0.03907596 -0.044988442
0.0465 -0.0387694 -0.044836596
0.047 -0.03846469 -0.044686165
0.0475 -0.03816185 -0.04453722
0.048 -0.03786087 -0.044389773
0.0485 -0.03756174 -0.04424377
0.049 -0.03726447 -0.04409926
0.0495 -0.03696907 -0.04395619
0.05 -0.03667554 -0.03561425
0.0505 -0.03640054 -0.037781414
0.051 -0.03614899 -0.040941413
0.0515 -0.03590234 -0.042677302
0.052 -0.03565864 -0.042892534
0.0525 -0.03541865 -0.04205547
0.053 -0.03518319 -0.040642183
0.0535 -0.03495275 -0.039002303
0.054 -0.03472757 -0.037358288
0.0545 -0.03450774 -0.03583662
0.055 -0.03429328 -0.034499053
0.0555 -0.03408416 -0.033367205
0.056 -0.03388034 -0.032438982
0.0565 -0.03368178 -0.03169964
0.057 -0.03348841 -0.031128448
0.0575 -0.03330017 -0.030702788
0.058 -0.033117 -0.030400444
0.0585 -0.03293885 -0.03020082
0.059 -0.03276563 -0.030085508
0.0595 -0.03259729 -0.030038353
0.06 -0.03243376 -0.030045692
0.0605 -0.03227497 -0.03009582
0.061 -0.03212084 -0.030178953
0.0615 -0.03197132 -0.030287135
0.062 -0.03182633 -0.030413758
0.0625 -0.0316858 -0.030553471
0.063 -0.03154966 -0.030701984
0.0635 -0.03141783 -0.030855853
0.064 -0.03129024 -0.031012405
0.0645 -0.03116683 -0.031169537
0.065 -0.03104752 -0.03132574
0.0655 -0.03093223 -0.03147972
0.066 -0.0308209 -0.03163066
0.0665 -0.03071346 -0.03177801
0.067 -0.03060982 -0.03192124
0.0675 -0.03050992 -0.03206024
0.068 -0.03041369 -0.03219491
0.0685 -0.03032106 -0.032325085
0.069 -0.03023195 -0.032450993
0.0695 -0.0301463 -0.03257266
0.07 -0.03006404 -0.032690246
0.0705 -0.02998508 -0.032804
0.071 -0.02990938 -0.032914
0.0715 -0.02983685 -0.03302056
0.072 -0.02976744 -0.033123847
0.0725 -0.02970107 -0.03322402
0.073 -0.02963768 -0.033321287
0.0735 -0.02957719 -0.033415865
0.074 -0.02951956 -0.03350799
0.0745 -0.02946471 -0.033597734
0.075 -0.02941257 -0.033685353
0.0755 -0.0293631 -0.033770885
0.076 -0.02931621 -0.033854533
0.0765 -0.02927186 -0.03393652
0.077 -0.02922999 -0.03401683
0.0775 -0.02919052 -0.03409565
0.078 -0.02915341 -0.034173016
0.0785 -0.0291186 -0.0342491
0.079 -0.02908602 -0.03432395
0.0795 -0.02905563 -0.034397636
0.08 -0.02902737 -0.034470234
0.0805 -0.02900118 -0.03454182
0.081 -0.02897701 -0.03461242
0.0815 -0.0289548 -0.03468212
0.082 -0.02893451 -0.034750957
0.0825 -0.02891609 -0.034818966
0.083 -0.02889948 -0.034886185
0.0835 -0.02888463 -0.034952644
0.084 -0.0288715 -0.03501839
0.0845 -0.02886004 -0.035083447
0.085 -0.0288502 -0.035147835
0.0855 -0.02884194 -0.035211552
0.086 -0.02883521 -0.035274673
0.0865 -0.02882997 -0.03533713
0.087 -0.02882617 -0.03539901
0.0875 -0.02882377 -0.035460304
0.088 -0.02882272 -0.03552102
0.0885 -0.028823 -0.035581138
0.089 -0.02882456 -0.03564072
0.0895 -0.02882735 -0.03569975
0.09 -0.02883135 -0.035758283
0.0905 -0.02883651 -0.035816226
0.091 -0.0288428 -0.035873663
0.0915 -0.02885017 -0.035930526
0.092 -0.0288586 -0.03598692
0.0925 -0.02886805 -0.03604274
0.093 -0.02887849 -0.036098067
0.0935 -0.02888988 -0.036152888
0.094 -0.02890218 -0.036207158
0.0945 -0.02891538 -0.03626092
0.095 -0.02892944 -0.036314238
0.0955 -0.02894432 -0.036366966
0.096 -0.02896 -0.03641923
0.0965 -0.02897645 -0.036470953
0.097 -0.02899364 -0.036522176
0.0975 -0.02901154 -0.036572877
0.098 -0.02903012 -0.03662311
0.0985 -0.02904937 -0.03667276
0.099 -0.02906925 -0.036721986
0.0995 -0.02908974 -0.036770653
0.1 -0.02911081 -0.028860975
0.1005 -0.01622639 -0.020846207
0.101 -0.001082663 -0.012518826
0.1015 0.009131226 -0.004711273
0.102 0.01602512 0.0023720087
0.1025 0.02125497 0.008846943
0.103 0.02569565 0.014886995
0.1035 0.029781 0.020631421
0.104 0.03371584 0.026172426
0.1045 0.03757976 0.031565588
0.105 0.04138795 0.036842387
0.1055 0.04516112 0.04201923
0.106 0.04891276 0.047103908
0.1065 0.05264453 0.05209926
0.107 0.05635403 0.05700564
0.1075 0.0600379 0.061822023
0.108 0.06369307 0.06654698
0.1085 0.06731729 0.07117912
0.109 0.070909 0.07571739
0.1095 0.07446709 0.08016091
0.11 0.07799093 0.0845094
0.1105 0.0814802 0.088762775
0.111 0.08493487 0.09292153
0.1115 0.08835499 0.09698642
0.112 0.09174032 0.10095838
0.1125 0.09509062 0.10483878
0.113 0.09840597 0.108628996
0.1135 0.1016864 0.11233065
0.114 0.1049318 0.11594559
0.1145 0.1081419 0.1194755
0.115 0.1113167 0.122922495
0.1155 0.1144565 0.12628837
0.116 0.1175612 0.1295752
0.1165 0.120631 0.13278498
0.117 0.1236561 0.13591978
0.1175 0.126628 0.13898154
0.118 0.129565 0.14197223
0.1185 0.1324754 0.14489391
0.119 0.1353589 0.14774834
0.1195 0.1382135 0.1505376
0.12 0.1410372 0.15326339
0.1205 0.1438282 0.1559276
0.121 0.1465851 0.15853198
0.1215 0.1493079 0.16107829
0.122 0.1519969 0.16356811
0.1225 0.1546492 0.16600314
0.123 0.1572631 0.1683849
0.1235 0.1598391 0.17071505
0.124 0.1623671 0.17299499
0.1245 0.1648127 0.17522609
0.125 0.1672123 0.17740987
0.1255 0.1695953 0.17954762
0.126 0.1719679 0.18164068
0.1265 0.1743095 0.18369024
0.127 0.1766177 0.18569766
0.1275 0.1789103 0.18766396
0.128 0.1811919 0.18959036
0.1285 0.1834588 0.19147801
0.129 0.1857057 0.19332792
0.1295 0.187928 0.1951412
0.13 0.1901229 0.19691876
0.1305 0.1922886 0.19866149
0.131 0.1944241 0.20037064
0.1315 0.1965036 0.2020467
0.132 0.1985089 0.20369084
0.1325 0.2004672 0.20530377
0.133 0.2024115 0.20688637
0.1335 0.2043515 0.20843945
0.134 0.2062856 0.20996368
0.1345 0.2082071 0.21145986
0.135 0.2101076 0.21292873
0.1355 0.2119591 0.21437092
0.136 0.2137707 0.21578714
0.1365 0.215564 0.21717806
0.137 0.2172666 0.21854421
0.1375 0.2187444 0.2198863
0.138 0.2202603 0.22120485
0.1385 0.2218692 0.22250046
0.139 0.2235465 0.22377367
0.1395 0.2252565 0.22502509
0.14 0.2269709 0.2262551
0.1405 0.2286716 0.22746432
0.141 0.2303484 0.22865318
0.1415 0.2319965 0.22982216
0.142 0.2336138 0.2309717
0.1425 0.2352001 0.23210227
0.143 0.2367561 0.23321436
0.1435 0.2382827 0.23430827
0.144 0.2397812 0.23538454
0.1445 0.2412529 0.23644337
0.145 0.2426969 0.23748527
0.1455 0.2440626 0.2385106
0.146 0.2453403 0.23951973
0.1465 0.2465966 0.24051298
0.147 0.2478655 0.2414907
0.1475 0.2491422 0.24245326
0.148 0.2503748 0.24340098
0.1485 0.2515698 0.24433403
0.149 0.2527651 0.24525292
0.1495 0.2539747 0.24615775
0.15 0.2551905 0.24785106
0.1505 0.2548224 0.24345158
0.151 0.252868 0.24073602
0.1515 0.2513221 0.2402486
0.152 0.250369 0.24118684
0.1525 0.2497768 0.24277253
0.153 0.2493571 0.24448903
0.1535 0.2490062 0.24604814
0.154 0.2486736 0.24731486
0.1545 0.2483367 0.24824552
0.155 0.2479856 0.24884675
0.1555 0.2476167 0.24914931
0.156 0.2472291 0.24919362
0.1565 0.2468229 0.24902125
0.157 0.2463989 0.24867134
0.1575 0.2459572 0.2481788
0.158 0.2454991 0.24757327
0.1585 0.2450264 0.24687998
0.159 0.2445406 0.24611972
0.1595 0.2440428 0.24530964
0.16 0.2435342 0.24446361
0.1605 0.2430156 0.24359308
0.161 0.242488 0.242707
0.1615 0.241952 0.24181275
0.162 0.2414086 0.2409162
0.1625 0.2408583 0.24002205
0.163 0.240302 0.23913394
0.1635 0.2397402 0.23825477
0.164 0.2391736 0.23738682
0.1645 0.2386026 0.23653196
0.165 0.238028 0.23569134
0.1655 0.2374502 0.23486608
0.166 0.2368699 0.23405683
0.1665 0.2362872 0.23326409
0.167 0.2357023 0.23248821
0.1675 0.2351157 0.2317294
0.168 0.2345283 0.23098761
0.1685 0.2339406 0.23026279
0.169 0.2333529 0.2295548
0.1695 0.2327658 0.22886343
0.17 0.2321794 0.22818851
0.1705 0.2315941 0.22752963
0.171 0.2310101 0.22688648
0.1715 0.2304278 0.22625878
0.172 0.2298473 0.22564602
0.1725 0.229269 0.2250479
0.173 0.228693 0.22446397
0.1735 0.2281196 0.22389373
0.174 0.2275489 0.22333694
0.1745 0.2269812 0.22279301
0.175 0.2264166 0.2222616
0.1755 0.2258554 0.2217423
0.176 0.2252976 0.2212346
0.1765 0.2247435 0.22073822
0.177 0.2241931 0.22025262
0.1775 0.2236466 0.21977752
0.178 0.2231042 0.21931244
0.1785 0.2225659 0.21885705
0.179 0.2220318 0.21841097
0.1795 0.2215021 0.21797381
0.18 0.2209768 0.21754524
0.1805 0.220456 0.21712501
0.181 0.2199398 0.21671264
0.1815 0.2194283 0.21630786
0.182 0.2189215 0.2159104
0.1825 0.2184194 0.21552001
0.183 0.2179222 0.21513622
0.1835 0.2174298 0.21475898
0.184 0.2169424 0.2143879
0.1845 0.2164599 0.21402271
0.185 0.2159824 0.21366316
0.1855 0.2155099 0.21330915
0.186 0.2150424 0.21296032
0.1865 0.2145799 0.21261656
0.187 0.2141225 0.21227753
0.1875 0.2136701 0.21194313
0.188 0.2132228 0.21161318
0.1885 0.2127806 0.21128745
0.189 0.2123434 0.21096577
0.1895 0.2119113 0.21064794
0.19 0.2114843 0.21033405
0.1905 0.2110623 0.21002358
0.191 0.2106453 0.20971665
0.1915 0.2102334 0.20941296
0.192 0.2098264 0.20911248
0.1925 0.2094244 0.20881511
0.193 0.2090274 0.20852065
0.1935 0.2086353 0.20822905
0.194 0.2082481 0.20794012
0.1945 0.2078659 0.20765385
0.195 0.2074884 0.20737009
0.1955 0.2071158 0.20708883
0.196 0.206748 0.20680986
0.1965 0.206385 0.20653318
0.197 0.2060266 0.20625868
0.1975 0.205673 0.20598628
0.198 0.205324 0.20571588
0.1985 0.2049797 0.20544752
0.199 0.2046399 0.20518102
0.1995 0.2043047 0.20491633
0.2 0.203974 0.20971967
0.2005 0.2036289 0.2085845
0.201 0.2032426 0.20674531
0.2015 0.2028417 0.20527399
0.202 0.202441 0.2041798
0.2025 0.2020441 0.20330276
0.203 0.2016504 0.20251657
0.2035 0.2012586 0.20174873
0.204 0.2008677 0.20096436
0.2045 0.2004771 0.20015062
0.205 0.2000865 0.199306
0.2055 0.199696 0.19843446
0.206 0.1993054 0.19754262
0.2065 0.1989148 0.19663769
0.207 0.1985242 0.19572708
0.2075 0.1981338 0.1948174
0.208 0.1977435 0.19391488
0.2085 0.1973535 0.19302471
0.209 0.1969639 0.19215159
0.2095 0.1965746 0.19129919
0.21 0.1961858 0.19047074
0.2105 0.1957975 0.18966852
0.211 0.1954098 0.18889439
0.2115 0.1950228 0.18814962
0.212 0.1946366 0.18743505
0.2125 0.1942511 0.18675104
0.213 0.1938665 0.18609767
0.2135 0.1934828 0.18547453
0.214 0.1931001 0.18488134
0.2145 0.1927185 0.18431722
0.215 0.1923379 0.18378142
0.2155 0.1919585 0.18327284
0.216 0.1915804 0.18279049
0.2165 0.1912034 0.18233323
0.217 0.1908278 0.18189979
0.2175 0.1904536 0.18148907
0.218 0.1900808 0.1810998
0.2185 0.1897094 0.18073076
0.219 0.1893396 0.18038078
0.2195 0.1889713 0.18004878
0.22 0.1886046 0.17973341
0.2205 0.1882395 0.17943375
0.221 0.1878762 0.17914869
0.2215 0.1875145 0.17887715
0.222 0.1871547 0.1786184
0.2225 0.1867966 0.1783713
0.223 0.1864404 0.17813498
0.2235 0.186086 0.17790876
0.224 0.1857335 0.1776919
0.2245 0.185383 0.17748354
0.225 0.1850345 0.1772831
0.2255 0.1846879 0.17708983
0.226 0.1843434 0.17690326
0.2265 0.1840009 0.17672278
0.227 0.1836605 0.17654797
0.2275 0.1833223 0.17637828
0.228 0.1829861 0.17621322
0.2285 0.1826521 0.17605244
0.229 0.1823202 0.17589565
0.2295 0.1819906 0.1757424
0.23 0.1816632 0.17559245
0.2305 0.181338 0.17544551
0.231 0.181015 0.17530125
0.2315 0.1806943 0.17515942
0.232 0.1803759 0.17501995
0.2325 0.1800597 0.17488249
0.233 0.1797459 0.17474686
0.2335 0.1794344 0.17461301
0.234 0.1791252 0.17448072
0.2345 0.1788183 0.1743498
0.235 0.1785138 0.1742203
0.2355 0.1782117 0.17409192
0.236 0.1779119 0.1739647
0.2365 0.1776144 0.17383842
0.237 0.1773193 0.17371319
0.2375 0.1770267 0.17358883
0.238 0.1767363 0.17346531
0.2385 0.1764484 0.17334248
0.239 0.1761629 0.17322056
0.2395 0.1758797 0.17309919
0.24 0.175599 0.17297855
0.2405 0.1753206 0.17285845
0.241 0.1750446 0.17273898
0.2415 0.174771 0.17262013
0.242 0.1744998 0.17250188
0.2425 0.1742309 0.17238423
0.243 0.1739645 0.1722671
0.2435 0.1737004 0.17215054
0.244 0.1734387 0.17203449
0.2445 0.1731794 0.171919
0.245 0.1729224 0.17180406
0.2455 0.1726678 0.17168961
0.246 0.1724155 0.17157584
0.2465 0.1721656 0.17146261
0.247 0.171918 0.17134985
0.2475 0.1716728 0.1712378
0.248 0.1714299 0.17112619
0.2485 0.1711893 0.1710152
0.249 0.170951 0.1709048
0.2495 0.1707149 0.1707951
0.25 0.1704812 0.17068595
0.2505 0.1702498 0.1705774
0.251 0.1700206 0.17046948
0.2515 0.1697937 0.17036228
0.252 0.169569 0.17025566
0.2525 0.1693466 0.17014976
0.253 0.1691264 0.17004444
0.2535 0.1689084 0.16993988
0.254 0.1686926 0.16983593
0.2545 0.168479 0.1697328
0.255 0.1682675 0.1696303
0.2555 0.1680583 0.16952856
0.256 0.1678511 0.16942751
0.2565 0.1676461 0.16932718
0.257 0.1674433 0.16922764
0.2575 0.1672425 0.16912885
0.258 0.1670439 0.16903074
0.2585 0.1668473 0.16893351
0.259 0.1666528 0.16883697
0.2595 0.1664604 0.16874117
0.26 0.16627 0.16864617
0.2605 0.1660816 0.168552
0.261 0.1658952 0.1684585
0.2615 0.1657108 0.16836588
0.262 0.1655285 0.16827406
0.2625 0.165348 0.1681831
0.263 0.1651696 0.16809279
0.2635 0.1649931 0.1680034
0.264 0.1648184 0.16791481
0.2645 0.1646458 0.167827
0.265 0.164475 0.16774
0.2655 0.164306 0.16765374
0.266 0.164139 0.1675684
0.2665 0.1639738 0.16748385
0.267 0.1638104 0.1674001
0.2675 0.1636488 0.16731708
0.268 0.1634891 0.16723499
0.2685 0.1633311 0.16715364
0.269 0.1631749 0.16707309
0.2695 0.1630204 0.16699336
0.27 0.1628677 0.16691451
0.2705 0.1627167 0.1668364
0.271 0.1625675 0.16675909
0.2715 0.1624199 0.16668253
0.272 0.162274 0.16660686
0.2725 0.1621298 0.16653188
0.273 0.1619872 0.16645782
0.2735 0.1618462 0.16638452
0.274 0.1617069 0.16631193
0.2745 0.1615691 0.16624019
0.275 0.161433 0.16616918
0.2755 0.1612984 0.16609897
0.276 0.1611654 0.16602956
0.2765 0.1610339 0.1659609
0.277 0.160904 0.16589297
0.2775 0.1607756 0.16582581
0.278 0.1606486 0.16575937
0.2785 0.1605232 0.16569377
0.279 0.1603992 0.16562884
0.2795 0.1602767 0.16556473
0.28 0.1601556 0.16550137
0.2805 0.1600359 0.16543864
0.281 0.1599177 0.16537665
0.2815 0.1598008 0.16531537
0.282 0.1596853 0.16525485
0.2825 0.1595712 0.16519503
0.283 0.1594585 0.16513585
0.2835 0.1593471 0.1650775
0.284 0.159237 0.16501968
0.2845 0.1591282 0.1649626
0.285 0.1590207 0.16490625
0.2855 0.1589145 0.16485058
0.286 0.1588096 0.1647955
0.2865 0.1587059 0.16474114
0.287 0.1586035 0.1646875
0.2875 0.1585023 0.16463439
0.288 0.1584023 0.16458191
0.2885 0.1583036 0.16453019
0.289 0.158206 0.16447899
0.2895 0.1581096 0.16442847
0.29 0.1580144 0.16437861
0.2905 0.1579203 0.16432928
0.291 0.1578273 0.16428062
0.2915 0.1577355 0.16423254
0.292 0.1576448 0.16418509
0.2925 0.1575552 0.16413818
0.293 0.1574667 0.16409183
0.2935 0.1573793 0.16404615
0.294 0.1572929 0.16400097
0.2945 0.1572076 0.16395636
0.295 0.1571234 0.1639124
0.2955 0.1570402 0.16386889
0.296 0.1569579 0.16382594
0.2965 0.1568767 0.16378362
0.297 0.1567965 0.1637418
0.2975 0.1567173 0.16370046
0.298 0.1566391 0.16365966
0.2985 0.1565618 0.16361944
0.299 0.1564855 0.16357975
0.2995 0.1564101 0.1635405
0.3 0.1563356 0.15934223
0.3005 0.144905 0.15232609
0.301 0.1327835 0.1469738
0.3015 0.125168 0.14253616
0.302 0.1202516 0.13824034
0.3025 0.1166129 0.13377103
0.303 0.1135541 0.12910649
0.3035 0.1107672 0.1243494
0.304 0.1081194 0.119628385
0.3045 0.1055532 0.115053535
0.305 0.1030427 0.11070181
0.3055 0.1005762 0.10661711
0.306 0.09814786 0.10281595
0.3065 0.09575458 0.09929477
0.307 0.09339468 0.09603678
0.3075 0.09106708 0.093017146
0.308 0.08877105 0.09020731
0.3085 0.08650607 0.08757768
0.309 0.08427168 0.085099675
0.3095 0.08206751 0.08274693
0.31 0.07989323 0.08049594
0.3105 0.07774851 0.078326076
0.311 0.07563306 0.076219976
0.3115 0.07354657 0.074163094
0.312 0.07148875 0.07214378
0.3125 0.06945933 0.07015265
0.313 0.06745801 0.068182565
0.3135 0.06548451 0.06622818
0.314 0.06353855 0.064285815
0.3145 0.06161985 0.062352967
0.315 0.05972811 0.060428392
0.3155 0.05786306 0.058511715
0.316 0.05602441 0.056603175
0.3165 0.05421187 0.05470362
0.317 0.05242516 0.052814443
0.3175 0.050664 0.05093723
0.318 0.04892808 0.04907382
0.3185 0.04721714 0.04722623
0.319 0.04553088 0.045396518
0.3195 0.04386901 0.04358674
0.32 0.04223125 0.041799013
0.3205 0.04061732 0.04003525
0.321 0.03902692 0.03829737
0.3215 0.03745978 0.036587093
0.322 0.03591561 0.034906056
0.3225 0.03439412 0.033255648
0.323 0.03289503 0.03163716
0.3235 0.03141807 0.030051664
0.324 0.02996295 0.028500032
0.3245 0.0285294 0.026982982
0.325 0.02711713 0.025501017
0.3255 0.02572587 0.024054501
0.326 0.02435535 0.022643585
0.3265 0.0230053 0.02126827
0.327 0.02167544 0.019928358
0.3275 0.0203655 0.018623564
0.328 0.01907522 0.017353427
0.3285 0.01780433 0.016117394
0.329 0.01655258 0.014914733
0.3295 0.01531969 0.013744672
0.33 0.01410541 0.012606342
0.3305 0.01290948 0.011498784
0.331 0.01173166 0.010420975
0.3315 0.01057168 0.0093718665
0.332 0.009429292 0.008350325
0.3325 0.008304255 0.007355218
0.333 0.007196322 0.006385424
0.3335 0.00610525 0.005439763
0.334 0.005030797 0.004517109
0.3345 0.003972727 0.0036162892
0.335 0.002930804 0.0027361894
0.3355 0.001904795 0.0018757368
0.336 0.0008944683 0.0010338547
0.3365 -0.0001004025 0.0002095038
0.337 -0.001080043 -0.00059829187
0.3375 -0.002044677 -0.001390445
0.338 -0.002994523 -0.0021678722
0.3385 -0.003929801 -0.002931415
0.339 -0.004850725 -0.0036818525
0.3395 -0.005757507 -0.0044199107
0.34 -0.006650358 -0.0051462865
0.3405 -0.007529485 -0.005861598
0.341 -0.008395093 -0.006566438
0.3415 -0.009247384 -0.007261305
0.342 -0.01008656 -0.00794671
0.3425 -0.01091281 -0.008623051
0.343 -0.01172635 -0.009290739
0.3435 -0.01252734 -0.009950112
0.344 -0.013316 -0.01060146
0.3445 -0.0140925 -0.011245078
0.345 -0.01485703 -0.011881157
0.3455 -0.01560977 -0.012509926
0.346 -0.0163509 -0.013131547
0.3465 -0.0170806 -0.013746175
0.347 -0.01779905 -0.014353904
0.3475 -0.01850641 -0.014954858
0.348 -0.01920286 -0.015549106
0.3485 -0.01988856 -0.016136717
0.349 -0.02056369 -0.016717736
0.3495 -0.02122839 -0.017292202
0.35 -0.02188284 -0.017860156
0.3505 -0.02252719 -0.018421605
0.351 -0.02316161 -0.018976565
0.3515 -0.02378623 -0.019525062
0.352 -0.02440122 -0.020067096
0.3525 -0.02500672 -0.020602673
0.353 -0.02560289 -0.021131791
0.3535 -0.02618986 -0.021654468
0.354 -0.02676778 -0.022170711
0.3545 -0.0273368 -0.022680536
0.355 -0.02789704 -0.023183946
0.3555 -0.02844865 -0.023680959
0.356 -0.02899177 -0.024171606
0.3565 -0.02952652 -0.0246559
0.357 -0.03005303 -0.02513389
0.3575 -0.03057145 -0.02560559
0.358 -0.03108188 -0.02607105
0.3585 -0.03158446 -0.026530314
0.359 -0.03207931 -0.026983421
0.3595 -0.03256655 -0.027430441
0.36 -0.0330463 -0.027871426
0.3605 -0.03351868 -0.028306447
0.361 -0.03398381 -0.028735548
0.3615 -0.03444179 -0.029158827
0.362 -0.03489275 -0.02957635
0.3625 -0.03533678 -0.029988196
0.363 -0.03577401 -0.03039445
0.3635 -0.03620453 -0.030795183
0.364 -0.03662846 -0.031190507
0.3645 -0.03704589 -0.0315805
0.365 -0.03745693 -0.031965256
0.3655 -0.03786169 -0.032344874
0.366 -0.03826025 -0.03271945
0.3665 -0.03865271 -0.03308906
0.367 -0.03903918 -0.03345383
0.3675 -0.03941974 -0.033813838
0.368 -0.0397945 -0.034169205
0.3685 -0.04016354 -0.034520004
0.369 -0.04052694 -0.03486636
0.3695 -0.04088481 -0.03520836
0.37 -0.04123722 -0.0355461
0.3705 -0.04158427 -0.03587967
0.371 -0.04192604 -0.03620919
0.3715 -0.0422626 -0.03653472
0.372 -0.04259405 -0.036856376
0.3725 -0.04292046 -0.03717426
0.373 -0.04324192 -0.037488434
0.3735 -0.04355849 -0.037799004
0.374 -0.04387026 -0.03810605
0.3745 -0.04417731 -0.03840967
0.375 -0.0444797 -0.03870993
0.3755 -0.04477751 -0.03900692
0.376 -0.04507082 -0.039300706
0.3765 -0.04535969 -0.039591376
0.377 -0.04564419 -0.03987899
0.3775 -0.04592439 -0.040163636
0.378 -0.04620037 -0.04044537
0.3785 -0.04647217 -0.040724255
0.379 -0.04673988 -0.041000362
0.3795 -0.04700356 -0.041273758
0.38 -0.04726326 -0.04154449
0.3805 -0.04751905 -0.041812625
0.381 -0.047771 -0.042078204
0.3815 -0.04801915 -0.042341284
0.382 -0.04826358 -0.04260191
0.3825 -0.04850434 -0.042860143
0.383 -0.04874149 -0.043116007
0.3835 -0.04897508 -0.043369565
0.384 -0.04920517 -0.043620847
0.3845 -0.04943181 -0.04386989
0.385 -0.04965506 -0.044116728
0.3855 -0.04987497 -0.0443614
0.386 -0.0500916 -0.044603933
0.3865 -0.05030499 -0.044844363
0.387 -0.05051519 -0.045082714
0.3875 -0.05072226 -0.04531901
0.388 -0.05092624 -0.04555328
0.3885 -0.05112718 -0.045785543
0.389 -0.05132513 -0.046015825
0.3895 -0.05152014 -0.04624415
0.39 -0.05171225 -0.046470523
0.3905 -0.0519015 -0.046694975
0.391 -0.05208794 -0.046917513
0.3915 -0.05227161 -0.04713816
0.392 -0.05245257 -0.04735691
0.3925 -0.05263084 -0.047573797
0.393 -0.05280647 -0.047788817
0.3935 -0.0529795 -0.048001993
0.394 -0.05314997 -0.04821332
0.3945 -0.05331792 -0.048422825
0.395 -0.0534834 -0.048630502
0.3955 -0.05364643 -0.048836354
0.396 -0.05380705 -0.0490404
0.3965 -0.05396531 -0.049242634
0.397 -0.05412124 -0.049443066
0.3975 -0.05427487 -0.049641702
0.398 -0.05442625 -0.049838535
0.3985 -0.0545754 -0.050033584
0.399 -0.05472235 -0.050226837
0.3995 -0.05486715 -0.050418306
0.4 -0.05500983 -0.050607987
0.4005 -0.05515042 -0.050795883
0.401 -0.05528894 -0.050982006
0.4015 -0.05542544 -0.05116634
0.402 -0.05555994 -0.051348895
0.4025 -0.05569248 -0.051529676
0.403 -0.05582307 -0.051708672
0.4035 -0.05595177 -0.0518859
0.404 -0.05607858 -0.052061345
0.4045 -0.05620355 -0.05223501
0.405 -0.05632669 -0.052406907
0.4055 -0.05644805 -0.05257703
0.406 -0.05656763 -0.052745383
0.4065 -0.05668548 -0.052911963
0.407 -0.05680162 -0.05307677
0.4075 -0.05691607 -0.053239815
0.408 -0.05702885 -0.053401086
0.4085 -0.05714001 -0.05356059
0.409 -0.05724955 -0.053718332
0.4095 -0.05735751 -0.053874306
0.41 -0.0574639 -0.054028537
0.4105 -0.05756875 -0.054180995
0.411 -0.05767209 -0.054331705
0.4115 -0.05777394 -0.05448066
0.412 -0.05787432 -0.054627873
0.4125 -0.05797325 -0.05477334
0.413 -0.05807075 -0.054917067
0.4135 -0.05816685 -0.055059053
0.414 -0.05826156 -0.05519932
0.4145 -0.05835492 -0.05533786
0.415 -0.05844693 -0.055474672
0.4155 -0.05853762 -0.055609766
0.416 -0.058627 -0.05574317
0.4165 -0.05871511 -0.055874858
0.417 -0.05880195 -0.056004852
0.4175 -0.05888755 -0.056133155
0.418 -0.05897192 -0.05625978
0.4185 -0.05905508 -0.056384724
0.419 -0.05913705 -0.056508005
0.4195 -0.05921785 -0.056629628
0.42 -0.0592975 -0.056749605
0.4205 -0.05937601 -0.05686793
0.421 -0.0594534 -0.05698464
0.4215 -0.05952969 -0.057099715
0.422 -0.05960489 -0.057213183
0.4225 -0.05967902 -0.057325043
0.423 -0.0597521 -0.057435315
0.4235 -0.05982413 -0.057544
0.424 -0.05989515 -0.05765112
0.4245 -0.05996515 -0.057756677
0.425 -0.06003416 -0.05786069
0.4255 -0.06010219 -0.057963166
0.426 -0.06016926 -0.05806411
0.4265 -0.06023537 -0.058163557
0.427 -0.06030055 -0.058261488
0.4275 -0.06036481 -0.058357935
0.428 -0.06042816 -0.058452915
0.4285 -0.06049062 -0.058546424
0.429 -0.06055219 -0.058638483
0.4295 -0.06061289 -0.058729112
0.43 -0.06067274 -0.058818314
0.4305 -0.06073174 -0.058906104
0.431 -0.06078991 -0.058992505
0.4315 -0.06084726 -0.05907752
0.432 -0.06090381 -0.059161168
0.4325 -0.06095956 -0.059243463
0.433 -0.06101452 -0.059324417
0.4335 -0.06106871 -0.059404053
0.434 -0.06112215 -0.059482377
0.4345 -0.06117483 -0.059559405
0.435 -0.06122677 -0.05963515
0.4355 -0.06127799 -0.05970962
0.436 -0.06132849 -0.059782855
0.4365 -0.06137828 -0.05985484
0.437 -0.06142737 -0.059925612
0.4375 -0.06147578 -0.059995163
0.438 -0.06152351 -0.060063537
0.4385 -0.06157058 -0.06013072
0.439 -0.06161698 -0.060196746
0.4395 -0.06166274 -0.060261622
0.44 -0.06170787 -0.060325366
0.4405 -0.06175236 -0.060387995
0.441 -0.06179623 -0.06044952
0.4415 -0.0618395 -0.060509946
0.442 -0.06188216 -0.060569305
0.4425 -0.06192422 -0.060627602
0.443 -0.06196571 -0.060684852
0.4435 -0.06200661 -0.060741078
0.444 -0.06204695 -0.060796283
0.4445 -0.06208673 -0.060850486
0.445 -0.06212596 -0.060903706
0.4455 -0.06216464 -0.060955957
0.446 -0.06220279 -0.061007243
0.4465 -0.06224041 -0.061057586
0.447 -0.06227751 -0.061107002
0.4475 -0.06231409 -0.061155505
0.448 -0.06235017 -0.061203096
0.4485 -0.06238575 -0.06124981
0.449 -0.06242084 -0.061295643
0.4495 -0.06245545 -0.06134062
0.45 -0.06248958 -0.061384745
0.4505 -0.06252323 -0.061428033
0.451 -0.06255643 -0.061470512
0.4515 -0.06258916 -0.061512176
0.452 -0.06262145 -0.061553046
0.4525 -0.06265329 -0.061593134
0.453 -0.06268469 -0.06163245
0.4535 -0.06271566 -0.061671015
0.454 -0.06274621 -0.061708838
0.4545 -0.06277634 -0.061745927
0.455 -0.06280605 -0.061782297
0.4555 -0.06283536 -0.06181796
0.456 -0.06286426 -0.061852925
0.4565 -0.06289277 -0.06188721
0.457 -0.06292088 -0.06192082
0.4575 -0.06294861 -0.06195378
0.458 -0.06297597 -0.06198609
0.4585 -0.06300294 -0.062017757
0.459 -0.06302955 -0.0620488
0.4595 -0.0630558 -0.062079232
0.46 -0.06308169 -0.062109057
0.4605 -0.06310722 -0.062138293
0.461 -0.0631324 -0.06216694
0.4615 -0.06315725 -0.062195018
0.462 -0.06318175 -0.062222537
0.4625 -0.06320592 -0.0622495
0.463 -0.06322976 -0.06227592
0.4635 -0.06325327 -0.06230181
0.464 -0.06327647 -0.06232718
0.4645 -0.06329935 -0.062352035
0.465 -0.06332191 -0.062376384
0.4655 -0.06334417 -0.062400248
0.466 -0.06336613 -0.06242362
0.4665 -0.06338779 -0.062446523
0.467 -0.06340916 -0.06246896
0.4675 -0.06343024 -0.062490936
0.468 -0.06345103 -0.062512465
0.4685 -0.06347154 -0.06253355
0.469 -0.06349177 -0.0625542
0.4695 -0.06351173 -0.06257443
0.47 -0.06353141 -0.06259424
0.4705 -0.06355083 -0.06261365
0.471 -0.06356999 -0.06263266
0.4715 -0.06358889 -0.06265127
0.472 -0.06360753 -0.0626695
0.4725 -0.06362592 -0.062687345
0.473 -0.06364407 -0.06270483
0.4735 -0.06366197 -0.06272195
0.474 -0.06367962 -0.06273872
0.4745 -0.06369704 -0.06275513
0.475 -0.06371422 -0.0627712
0.4755 -0.06373118 -0.062786944
0.476 -0.0637479 -0.062802345
0.4765 -0.0637644 -0.06281744
0.477 -0.06378067 -0.06283221
0.4775 -0.06379673 -0.06284667
0.478 -0.06381257 -0.06286083
0.4785 -0.0638282 -0.06287469
0.479 -0.06384362 -0.06288826
0.4795 -0.06385883 -0.06290154
0.48 -0.06387384 -0.06291455
0.4805 -0.06388864 -0.06292728
0.481 -0.06390325 -0.06293975
0.4815 -0.06391766 -0.06295195
0.482 -0.06393188 -0.062963895
0.4825 -0.06394591 -0.06297558
0.483 -0.06395974 -0.06298702
0.4835 -0.0639734 -0.06299823
0.484 -0.06398687 -0.06300918
0.4845 -0.06400016 -0.06301991
0.485 -0.06401327 -0.063030414
0.4855 -0.06402621 -0.06304069
0.486 -0.06403897 -0.063050754
0.4865 -0.06405157 -0.063060604
0.487 -0.06406399 -0.06307023
0.4875 -0.06407625 -0.06307966
0.488 -0.06408835 -0.063088894
0.4885 -0.06410028 -0.06309793
0.489 -0.06411206 -0.06310677
0.4895 -0.06412368 -0.06311542
0.49 -0.06413514 -0.06312388
0.4905 -0.06414645 -0.063132174
0.491 -0.06415761 -0.06314028
0.4915 -0.06416862 -0.06314821
0.492 -0.06417949 -0.06315597
0.4925 -0.06419021 -0.06316356
0.493 -0.06420079 -0.06317101
0.4935 -0.06421122 -0.06317828
0.494 -0.06422152 -0.0631854
0.4945 -0.06423168 -0.06319236
0.495 -0.06424171 -0.06319918
0.4955 -0.0642516 -0.063205846
0.496 -0.06426136 -0.06321237
0.4965 -0.064271 -0.06321875
0.497 -0.0642805 -0.06322499
0.4975 -0.06428988 -0.06323111
0.498 -0.06429913 -0.063237086
0.4985 -0.06430826 -0.06324294
0.499 -0.06431727 -0.06324867
0.4995 -0.06432617 -0.063254274
